typeProject;before;project;version;file;start;end;name;superClass;interfaces;typeParameters;typeParameterModifiers;annotations;
;;guava;adce8999989d80c80fda3607dac324cbd47681c1;/home/luna/TG/java-projects/guava/guava/src/com/google/common/io/NullOutputStream.java;25;44;NullOutputStream;OutputStream;[];0;[];[Beta, Deprecated];
;;guava;adce8999989d80c80fda3607dac324cbd47681c1;/home/luna/TG/java-projects/guava/guava/src/com/google/common/io/AppendableWriter.java;26;125;AppendableWriter;Writer;[];0;[];[GwtIncompatible];
;;guava;adce8999989d80c80fda3607dac324cbd47681c1;/home/luna/TG/java-projects/guava/guava/src/com/google/common/io/ByteStreams.java;41;867;ByteStreams;null;[];0;[];[Beta, GwtIncompatible];
;;guava;adce8999989d80c80fda3607dac324cbd47681c1;/home/luna/TG/java-projects/guava/guava/src/com/google/common/io/ByteStreams.java;207;218;FastByteArrayOutputStream;ByteArrayOutputStream;[];0;[];[];
;;guava;adce8999989d80c80fda3607dac324cbd47681c1;/home/luna/TG/java-projects/guava/guava/src/com/google/common/io/ByteStreams.java;268;411;ByteArrayDataInputStream;null;[ByteArrayDataInput];0;[];[];
;;guava;adce8999989d80c80fda3607dac324cbd47681c1;/home/luna/TG/java-projects/guava/guava/src/com/google/common/io/ByteStreams.java;451;592;ByteArrayDataOutputStream;null;[ByteArrayDataOutput];0;[];[SuppressWarnings];
;;guava;adce8999989d80c80fda3607dac324cbd47681c1;/home/luna/TG/java-projects/guava/guava/src/com/google/common/io/ByteStreams.java;639;710;LimitedInputStream;FilterInputStream;[];0;[];[];
;;guava;adce8999989d80c80fda3607dac324cbd47681c1;/home/luna/TG/java-projects/guava/guava/src/com/google/common/io/LittleEndianDataInputStream.java;30;239;LittleEndianDataInputStream;FilterInputStream;[DataInput];0;[];[Beta, GwtIncompatible];
;;guava;adce8999989d80c80fda3607dac324cbd47681c1;/home/luna/TG/java-projects/guava/guava/src/com/google/common/io/OutputSupplier.java;21;40;OutputSupplier;null;[];1;[[T]];[];
;;guava;adce8999989d80c80fda3607dac324cbd47681c1;/home/luna/TG/java-projects/guava/guava/src/com/google/common/io/PatternFilenameFilter.java;26;63;PatternFilenameFilter;null;[FilenameFilter];0;[];[Beta, GwtIncompatible];
;;guava;adce8999989d80c80fda3607dac324cbd47681c1;/home/luna/TG/java-projects/guava/guava/src/com/google/common/io/Flushables.java;24;75;Flushables;null;[];0;[];[Beta, GwtIncompatible];
;;guava;adce8999989d80c80fda3607dac324cbd47681c1;/home/luna/TG/java-projects/guava/guava/src/com/google/common/io/MultiReader.java;24;93;MultiReader;Reader;[];0;[];[GwtIncompatible];
;;guava;adce8999989d80c80fda3607dac324cbd47681c1;/home/luna/TG/java-projects/guava/guava/src/com/google/common/io/LittleEndianDataOutputStream.java;27;173;LittleEndianDataOutputStream;FilterOutputStream;[DataOutput];0;[];[Beta, GwtIncompatible];
;;guava;adce8999989d80c80fda3607dac324cbd47681c1;/home/luna/TG/java-projects/guava/guava/src/com/google/common/io/InputSupplier.java;21;40;InputSupplier;null;[];1;[[T]];[];
;;guava;adce8999989d80c80fda3607dac324cbd47681c1;/home/luna/TG/java-projects/guava/guava/src/com/google/common/io/ByteSource.java;43;702;ByteSource;null;[];0;[];[GwtIncompatible];
;;guava;adce8999989d80c80fda3607dac324cbd47681c1;/home/luna/TG/java-projects/guava/guava/src/com/google/common/io/ByteSource.java;435;463;AsCharSource;CharSource;[];0;[];[];
;;guava;adce8999989d80c80fda3607dac324cbd47681c1;/home/luna/TG/java-projects/guava/guava/src/com/google/common/io/ByteSource.java;465;542;SlicedByteSource;ByteSource;[];0;[];[];
;;guava;adce8999989d80c80fda3607dac324cbd47681c1;/home/luna/TG/java-projects/guava/guava/src/com/google/common/io/ByteSource.java;544;625;ByteArrayByteSource;ByteSource;[];0;[];[];
;;guava;adce8999989d80c80fda3607dac324cbd47681c1;/home/luna/TG/java-projects/guava/guava/src/com/google/common/io/ByteSource.java;627;650;EmptyByteSource;ByteArrayByteSource;[];0;[];[];
;;guava;adce8999989d80c80fda3607dac324cbd47681c1;/home/luna/TG/java-projects/guava/guava/src/com/google/common/io/ByteSource.java;652;701;ConcatenatedByteSource;ByteSource;[];0;[];[];
;;guava;adce8999989d80c80fda3607dac324cbd47681c1;/home/luna/TG/java-projects/guava/guava/src/com/google/common/io/LimitInputStream.java;26;107;LimitInputStream;FilterInputStream;[];0;[];[Beta, Deprecated];
;;guava;adce8999989d80c80fda3607dac324cbd47681c1;/home/luna/TG/java-projects/guava/guava/src/com/google/common/io/BaseEncoding.java;40;1120;BaseEncoding;null;[];0;[];[GwtCompatible];
;;guava;adce8999989d80c80fda3607dac324cbd47681c1;/home/luna/TG/java-projects/guava/guava/src/com/google/common/io/BaseEncoding.java;123;137;DecodingException;IOException;[];0;[];[];
;;guava;adce8999989d80c80fda3607dac324cbd47681c1;/home/luna/TG/java-projects/guava/guava/src/com/google/common/io/BaseEncoding.java;414;553;Alphabet;CharMatcher;[];0;[];[];
;;guava;adce8999989d80c80fda3607dac324cbd47681c1;/home/luna/TG/java-projects/guava/guava/src/com/google/common/io/BaseEncoding.java;555;840;StandardBaseEncoding;BaseEncoding;[];0;[];[];
;;guava;adce8999989d80c80fda3607dac324cbd47681c1;/home/luna/TG/java-projects/guava/guava/src/com/google/common/io/BaseEncoding.java;842;887;Base16Encoding;StandardBaseEncoding;[];0;[];[];
;;guava;adce8999989d80c80fda3607dac324cbd47681c1;/home/luna/TG/java-projects/guava/guava/src/com/google/common/io/BaseEncoding.java;889;944;Base64Encoding;StandardBaseEncoding;[];0;[];[];
;;guava;adce8999989d80c80fda3607dac324cbd47681c1;/home/luna/TG/java-projects/guava/guava/src/com/google/common/io/BaseEncoding.java;1031;1119;SeparatedBaseEncoding;BaseEncoding;[];0;[];[];
;;guava;adce8999989d80c80fda3607dac324cbd47681c1;/home/luna/TG/java-projects/guava/guava/src/com/google/common/io/GwtWorkarounds.java;29;231;GwtWorkarounds;null;[];0;[];[GwtCompatible];
;;guava;adce8999989d80c80fda3607dac324cbd47681c1;/home/luna/TG/java-projects/guava/guava/src/com/google/common/io/GwtWorkarounds.java;40;46;CharInput;null;[];0;[];[];
;;guava;adce8999989d80c80fda3607dac324cbd47681c1;/home/luna/TG/java-projects/guava/guava/src/com/google/common/io/GwtWorkarounds.java;91;97;ByteInput;null;[];0;[];[];
;;guava;adce8999989d80c80fda3607dac324cbd47681c1;/home/luna/TG/java-projects/guava/guava/src/com/google/common/io/GwtWorkarounds.java;140;147;ByteOutput;null;[];0;[];[];
;;guava;adce8999989d80c80fda3607dac324cbd47681c1;/home/luna/TG/java-projects/guava/guava/src/com/google/common/io/GwtWorkarounds.java;173;180;CharOutput;null;[];0;[];[];
;;guava;adce8999989d80c80fda3607dac324cbd47681c1;/home/luna/TG/java-projects/guava/guava/src/com/google/common/io/ReaderInputStream.java;35;255;ReaderInputStream;InputStream;[];0;[];[GwtIncompatible];
;;guava;adce8999989d80c80fda3607dac324cbd47681c1;/home/luna/TG/java-projects/guava/guava/src/com/google/common/io/CountingInputStream.java;25;96;CountingInputStream;FilterInputStream;[];0;[];[Beta, GwtIncompatible];
;;guava;adce8999989d80c80fda3607dac324cbd47681c1;/home/luna/TG/java-projects/guava/guava/src/com/google/common/io/LineProcessor.java;22;46;LineProcessor;null;[];1;[[T]];[Beta, GwtIncompatible];
;;guava;adce8999989d80c80fda3607dac324cbd47681c1;/home/luna/TG/java-projects/guava/guava/src/com/google/common/io/Resources.java;33;213;Resources;null;[];0;[];[Beta, GwtIncompatible];
;;guava;adce8999989d80c80fda3607dac324cbd47681c1;/home/luna/TG/java-projects/guava/guava/src/com/google/common/io/Resources.java;59;79;UrlByteSource;ByteSource;[];0;[];[];
;;guava;adce8999989d80c80fda3607dac324cbd47681c1;/home/luna/TG/java-projects/guava/guava/src/com/google/common/io/ByteArrayDataOutput.java;21;81;ByteArrayDataOutput;null;[DataOutput];0;[];[GwtIncompatible];
;;guava;adce8999989d80c80fda3607dac324cbd47681c1;/home/luna/TG/java-projects/guava/guava/src/com/google/common/io/CharSequenceReader.java;26;132;CharSequenceReader;Reader;[];0;[];[GwtIncompatible];
;;guava;adce8999989d80c80fda3607dac324cbd47681c1;/home/luna/TG/java-projects/guava/guava/src/com/google/common/io/ByteArrayDataInput.java;22;94;ByteArrayDataInput;null;[DataInput];0;[];[GwtIncompatible];
;;guava;adce8999989d80c80fda3607dac324cbd47681c1;/home/luna/TG/java-projects/guava/guava/src/com/google/common/io/Closeables.java;28;128;Closeables;null;[];0;[];[Beta, GwtIncompatible];
;;guava;adce8999989d80c80fda3607dac324cbd47681c1;/home/luna/TG/java-projects/guava/guava/src/com/google/common/io/LineReader.java;29;88;LineReader;null;[];0;[];[Beta, GwtIncompatible];
;;guava;adce8999989d80c80fda3607dac324cbd47681c1;/home/luna/TG/java-projects/guava/guava/src/com/google/common/io/CharSink.java;27;165;CharSink;null;[];0;[];[GwtIncompatible];
;;guava;adce8999989d80c80fda3607dac324cbd47681c1;/home/luna/TG/java-projects/guava/guava/src/com/google/common/io/MultiInputStream.java;25;122;MultiInputStream;InputStream;[];0;[];[GwtIncompatible];
;;guava;adce8999989d80c80fda3607dac324cbd47681c1;/home/luna/TG/java-projects/guava/guava/src/com/google/common/io/CharSource.java;38;604;CharSource;null;[];0;[];[GwtIncompatible];
;;guava;adce8999989d80c80fda3607dac324cbd47681c1;/home/luna/TG/java-projects/guava/guava/src/com/google/common/io/CharSource.java;421;449;AsByteSource;ByteSource;[];0;[];[];
;;guava;adce8999989d80c80fda3607dac324cbd47681c1;/home/luna/TG/java-projects/guava/guava/src/com/google/common/io/CharSource.java;451;538;CharSequenceCharSource;CharSource;[];0;[];[];
;;guava;adce8999989d80c80fda3607dac324cbd47681c1;/home/luna/TG/java-projects/guava/guava/src/com/google/common/io/CharSource.java;540;552;EmptyCharSource;CharSequenceCharSource;[];0;[];[];
;;guava;adce8999989d80c80fda3607dac324cbd47681c1;/home/luna/TG/java-projects/guava/guava/src/com/google/common/io/CharSource.java;554;603;ConcatenatedCharSource;CharSource;[];0;[];[];
;;guava;adce8999989d80c80fda3607dac324cbd47681c1;/home/luna/TG/java-projects/guava/guava/src/com/google/common/io/CharStreams.java;32;271;CharStreams;null;[];0;[];[Beta, GwtIncompatible];
;;guava;adce8999989d80c80fda3607dac324cbd47681c1;/home/luna/TG/java-projects/guava/guava/src/com/google/common/io/CharStreams.java;201;255;NullWriter;Writer;[];0;[];[];
;;guava;adce8999989d80c80fda3607dac324cbd47681c1;/home/luna/TG/java-projects/guava/guava/src/com/google/common/io/Files.java;55;851;Files;null;[];0;[];[Beta, GwtIncompatible];
;;guava;adce8999989d80c80fda3607dac324cbd47681c1;/home/luna/TG/java-projects/guava/guava/src/com/google/common/io/Files.java;110;157;FileByteSource;ByteSource;[];0;[];[];
;;guava;adce8999989d80c80fda3607dac324cbd47681c1;/home/luna/TG/java-projects/guava/guava/src/com/google/common/io/Files.java;189;208;FileByteSink;ByteSink;[];0;[];[];
;;guava;adce8999989d80c80fda3607dac324cbd47681c1;/home/luna/TG/java-projects/guava/guava/src/com/google/common/io/LineBuffer.java;21;117;LineBuffer;null;[];0;[];[GwtIncompatible];
;;guava;adce8999989d80c80fda3607dac324cbd47681c1;/home/luna/TG/java-projects/guava/guava/src/com/google/common/io/InsecureRecursiveDeleteException.java;26;47;InsecureRecursiveDeleteException;FileSystemException;[];0;[];[Beta, AndroidIncompatible, GwtIncompatible, J2ObjCIncompatible];
;;guava;adce8999989d80c80fda3607dac324cbd47681c1;/home/luna/TG/java-projects/guava/guava/src/com/google/common/io/Closer.java;32;298;Closer;null;[Closeable];0;[];[Beta, GwtIncompatible];
;;guava;adce8999989d80c80fda3607dac324cbd47681c1;/home/luna/TG/java-projects/guava/guava/src/com/google/common/io/Closer.java;232;243;Suppressor;null;[];0;[];[VisibleForTesting];
;;guava;adce8999989d80c80fda3607dac324cbd47681c1;/home/luna/TG/java-projects/guava/guava/src/com/google/common/io/Closer.java;245;259;LoggingSuppressor;null;[Suppressor];0;[];[VisibleForTesting];
;;guava;adce8999989d80c80fda3607dac324cbd47681c1;/home/luna/TG/java-projects/guava/guava/src/com/google/common/io/Closer.java;261;297;SuppressingSuppressor;null;[Suppressor];0;[];[VisibleForTesting];
;;guava;adce8999989d80c80fda3607dac324cbd47681c1;/home/luna/TG/java-projects/guava/guava/src/com/google/common/io/ByteProcessor.java;22;48;ByteProcessor;null;[];1;[[T]];[Beta, GwtIncompatible];
;;guava;adce8999989d80c80fda3607dac324cbd47681c1;/home/luna/TG/java-projects/guava/guava/src/com/google/common/io/FileBackedOutputStream.java;29;211;FileBackedOutputStream;OutputStream;[];0;[];[Beta, GwtIncompatible];
;;guava;adce8999989d80c80fda3607dac324cbd47681c1;/home/luna/TG/java-projects/guava/guava/src/com/google/common/io/FileBackedOutputStream.java;50;59;MemoryOutput;ByteArrayOutputStream;[];0;[];[];
;;guava;adce8999989d80c80fda3607dac324cbd47681c1;/home/luna/TG/java-projects/guava/guava/src/com/google/common/io/MoreFiles.java;56;738;MoreFiles;null;[];0;[];[Beta, AndroidIncompatible, GwtIncompatible, J2ObjCIncompatible];
;;guava;adce8999989d80c80fda3607dac324cbd47681c1;/home/luna/TG/java-projects/guava/guava/src/com/google/common/io/MoreFiles.java;82;163;PathByteSource;ByteSource;[];0;[];[];
;;guava;adce8999989d80c80fda3607dac324cbd47681c1;/home/luna/TG/java-projects/guava/guava/src/com/google/common/io/MoreFiles.java;179;199;PathByteSink;ByteSink;[];0;[];[];
;;guava;adce8999989d80c80fda3607dac324cbd47681c1;/home/luna/TG/java-projects/guava/guava/src/com/google/common/io/MoreFiles.java;264;280;DirectoryTreeTraverser;TreeTraverser<Path>;[];0;[];[];
;;guava;adce8999989d80c80fda3607dac324cbd47681c1;/home/luna/TG/java-projects/guava/guava/src/com/google/common/io/CountingOutputStream.java;25;70;CountingOutputStream;FilterOutputStream;[];0;[];[Beta, GwtIncompatible];
;;guava;adce8999989d80c80fda3607dac324cbd47681c1;/home/luna/TG/java-projects/guava/guava/src/com/google/common/io/ByteSink.java;29;159;ByteSink;null;[];0;[];[GwtIncompatible];
;;guava;adce8999989d80c80fda3607dac324cbd47681c1;/home/luna/TG/java-projects/guava/guava/src/com/google/common/io/ByteSink.java;137;158;AsCharSink;CharSink;[];0;[];[];
;;guava;adce8999989d80c80fda3607dac324cbd47681c1;/home/luna/TG/java-projects/guava/guava/src/com/google/common/xml/XmlEscapers.java;22;145;XmlEscapers;null;[];0;[];[Beta, GwtCompatible];
;;guava;adce8999989d80c80fda3607dac324cbd47681c1;/home/luna/TG/java-projects/guava/guava/src/com/google/common/escape/UnicodeEscaper.java;22;302;UnicodeEscaper;Escaper;[];0;[];[Beta, GwtCompatible];
;;guava;adce8999989d80c80fda3607dac324cbd47681c1;/home/luna/TG/java-projects/guava/guava/src/com/google/common/escape/ArrayBasedUnicodeEscaper.java;24;203;ArrayBasedUnicodeEscaper;UnicodeEscaper;[];0;[];[Beta, GwtCompatible];
;;guava;adce8999989d80c80fda3607dac324cbd47681c1;/home/luna/TG/java-projects/guava/guava/src/com/google/common/escape/Escaper.java;20;99;Escaper;null;[];0;[];[GwtCompatible];
;;guava;adce8999989d80c80fda3607dac324cbd47681c1;/home/luna/TG/java-projects/guava/guava/src/com/google/common/escape/Escapers.java;26;271;Escapers;null;[];0;[];[Beta, GwtCompatible];
;;guava;adce8999989d80c80fda3607dac324cbd47681c1;/home/luna/TG/java-projects/guava/guava/src/com/google/common/escape/Escapers.java;80;163;Builder;null;[];0;[];[Beta];
;;guava;adce8999989d80c80fda3607dac324cbd47681c1;/home/luna/TG/java-projects/guava/guava/src/com/google/common/escape/ArrayBasedEscaperMap.java;25;84;ArrayBasedEscaperMap;null;[];0;[];[Beta, GwtCompatible];
;;guava;adce8999989d80c80fda3607dac324cbd47681c1;/home/luna/TG/java-projects/guava/guava/src/com/google/common/escape/ArrayBasedCharEscaper.java;23;149;ArrayBasedCharEscaper;CharEscaper;[];0;[];[Beta, GwtCompatible];
;;guava;adce8999989d80c80fda3607dac324cbd47681c1;/home/luna/TG/java-projects/guava/guava/src/com/google/common/escape/CharEscaperBuilder.java;25;133;CharEscaperBuilder;null;[];0;[];[Beta, GwtCompatible];
;;guava;adce8999989d80c80fda3607dac324cbd47681c1;/home/luna/TG/java-projects/guava/guava/src/com/google/common/escape/CharEscaperBuilder.java;37;70;CharArrayDecorator;CharEscaper;[];0;[];[];
;;guava;adce8999989d80c80fda3607dac324cbd47681c1;/home/luna/TG/java-projects/guava/guava/src/com/google/common/escape/Platform.java;19;45;Platform;null;[];0;[];[GwtCompatible];
;;guava;adce8999989d80c80fda3607dac324cbd47681c1;/home/luna/TG/java-projects/guava/guava/src/com/google/common/escape/CharEscaper.java;22;177;CharEscaper;Escaper;[];0;[];[Beta, GwtCompatible];
;;guava;adce8999989d80c80fda3607dac324cbd47681c1;/home/luna/TG/java-projects/guava/guava/src/com/google/common/primitives/SignedBytes.java;23;194;SignedBytes;null;[];0;[];[GwtCompatible];
;;guava;adce8999989d80c80fda3607dac324cbd47681c1;/home/luna/TG/java-projects/guava/guava/src/com/google/common/primitives/Bytes.java;32;370;Bytes;null;[];0;[];[GwtCompatible];
;;guava;adce8999989d80c80fda3607dac324cbd47681c1;/home/luna/TG/java-projects/guava/guava/src/com/google/common/primitives/Bytes.java;242;369;ByteArrayAsList;AbstractList<Byte>;[RandomAccess, Serializable];0;[];[GwtCompatible];
;;guava;adce8999989d80c80fda3607dac324cbd47681c1;/home/luna/TG/java-projects/guava/guava/src/com/google/common/primitives/Shorts.java;35;613;Shorts;null;[];0;[];[GwtCompatible];
;;guava;adce8999989d80c80fda3607dac324cbd47681c1;/home/luna/TG/java-projects/guava/guava/src/com/google/common/primitives/Shorts.java;315;339;ShortConverter;Converter<String,Short>;[Serializable];0;[];[];
;;guava;adce8999989d80c80fda3607dac324cbd47681c1;/home/luna/TG/java-projects/guava/guava/src/com/google/common/primitives/Shorts.java;485;612;ShortArrayAsList;AbstractList<Short>;[RandomAccess, Serializable];0;[];[GwtCompatible];
;;guava;adce8999989d80c80fda3607dac324cbd47681c1;/home/luna/TG/java-projects/guava/guava/src/com/google/common/primitives/Ints.java;36;667;Ints;null;[];0;[];[GwtCompatible];
;;guava;adce8999989d80c80fda3607dac324cbd47681c1;/home/luna/TG/java-projects/guava/guava/src/com/google/common/primitives/Ints.java;317;341;IntConverter;Converter<String,Integer>;[Serializable];0;[];[];
;;guava;adce8999989d80c80fda3607dac324cbd47681c1;/home/luna/TG/java-projects/guava/guava/src/com/google/common/primitives/Ints.java;485;612;IntArrayAsList;AbstractList<Integer>;[RandomAccess, Serializable];0;[];[GwtCompatible];
;;guava;adce8999989d80c80fda3607dac324cbd47681c1;/home/luna/TG/java-projects/guava/guava/src/com/google/common/primitives/UnsignedLong.java;26;269;UnsignedLong;Number;[Comparable<UnsignedLong>, Serializable];0;[];[GwtCompatible];
;;guava;adce8999989d80c80fda3607dac324cbd47681c1;/home/luna/TG/java-projects/guava/guava/src/com/google/common/primitives/UnsignedLongs.java;27;420;UnsignedLongs;null;[];0;[];[Beta, GwtCompatible];
;;guava;adce8999989d80c80fda3607dac324cbd47681c1;/home/luna/TG/java-projects/guava/guava/src/com/google/common/primitives/UnsignedInteger.java;28;257;UnsignedInteger;Number;[Comparable<UnsignedInteger>];0;[];[GwtCompatible];
;;guava;adce8999989d80c80fda3607dac324cbd47681c1;/home/luna/TG/java-projects/guava/guava/src/com/google/common/primitives/Primitives.java;25;138;Primitives;null;[];0;[];[GwtIncompatible];
;;guava;adce8999989d80c80fda3607dac324cbd47681c1;/home/luna/TG/java-projects/guava/guava/src/com/google/common/primitives/UnsignedBytes.java;28;445;UnsignedBytes;null;[];0;[];[GwtIncompatible];
;;guava;adce8999989d80c80fda3607dac324cbd47681c1;/home/luna/TG/java-projects/guava/guava/src/com/google/common/primitives/UnsignedBytes.java;276;444;LexicographicalComparatorHolder;null;[];0;[];[VisibleForTesting];
;;guava;adce8999989d80c80fda3607dac324cbd47681c1;/home/luna/TG/java-projects/guava/guava/src/com/google/common/primitives/Longs.java;36;706;Longs;null;[];0;[];[GwtCompatible];
;;guava;adce8999989d80c80fda3607dac324cbd47681c1;/home/luna/TG/java-projects/guava/guava/src/com/google/common/primitives/Longs.java;410;433;LongConverter;Converter<String,Long>;[Serializable];0;[];[];
;;guava;adce8999989d80c80fda3607dac324cbd47681c1;/home/luna/TG/java-projects/guava/guava/src/com/google/common/primitives/Longs.java;578;705;LongArrayAsList;AbstractList<Long>;[RandomAccess, Serializable];0;[];[GwtCompatible];
;;guava;adce8999989d80c80fda3607dac324cbd47681c1;/home/luna/TG/java-projects/guava/guava/src/com/google/common/primitives/Floats.java;39;594;Floats;null;[];0;[];[GwtCompatible];
;;guava;adce8999989d80c80fda3607dac324cbd47681c1;/home/luna/TG/java-projects/guava/guava/src/com/google/common/primitives/Floats.java;260;284;FloatConverter;Converter<String,Float>;[Serializable];0;[];[];
;;guava;adce8999989d80c80fda3607dac324cbd47681c1;/home/luna/TG/java-projects/guava/guava/src/com/google/common/primitives/Floats.java;432;559;FloatArrayAsList;AbstractList<Float>;[RandomAccess, Serializable];0;[];[GwtCompatible];
;;guava;adce8999989d80c80fda3607dac324cbd47681c1;/home/luna/TG/java-projects/guava/guava/src/com/google/common/primitives/Doubles.java;40;615;Doubles;null;[];0;[];[GwtCompatible];
;;guava;adce8999989d80c80fda3607dac324cbd47681c1;/home/luna/TG/java-projects/guava/guava/src/com/google/common/primitives/Doubles.java;263;287;DoubleConverter;Converter<String,Double>;[Serializable];0;[];[];
;;guava;adce8999989d80c80fda3607dac324cbd47681c1;/home/luna/TG/java-projects/guava/guava/src/com/google/common/primitives/Doubles.java;434;562;DoubleArrayAsList;AbstractList<Double>;[RandomAccess, Serializable];0;[];[GwtCompatible];
;;guava;adce8999989d80c80fda3607dac324cbd47681c1;/home/luna/TG/java-projects/guava/guava/src/com/google/common/primitives/AndroidInteger.java;25;91;AndroidInteger;null;[];0;[];[];
;;guava;adce8999989d80c80fda3607dac324cbd47681c1;/home/luna/TG/java-projects/guava/guava/src/com/google/common/primitives/ParseRequest.java;19;57;ParseRequest;null;[];0;[];[GwtCompatible];
;;guava;adce8999989d80c80fda3607dac324cbd47681c1;/home/luna/TG/java-projects/guava/guava/src/com/google/common/primitives/UnsignedInts.java;26;282;UnsignedInts;null;[];0;[];[Beta, GwtCompatible];
;;guava;adce8999989d80c80fda3607dac324cbd47681c1;/home/luna/TG/java-projects/guava/guava/src/com/google/common/primitives/Booleans.java;34;526;Booleans;null;[];0;[];[GwtCompatible];
;;guava;adce8999989d80c80fda3607dac324cbd47681c1;/home/luna/TG/java-projects/guava/guava/src/com/google/common/primitives/Booleans.java;381;509;BooleanArrayAsList;AbstractList<Boolean>;[RandomAccess, Serializable];0;[];[GwtCompatible];
;;guava;adce8999989d80c80fda3607dac324cbd47681c1;/home/luna/TG/java-projects/guava/guava/src/com/google/common/primitives/Chars.java;34;566;Chars;null;[];0;[];[GwtCompatible];
;;guava;adce8999989d80c80fda3607dac324cbd47681c1;/home/luna/TG/java-projects/guava/guava/src/com/google/common/primitives/Chars.java;437;565;CharArrayAsList;AbstractList<Character>;[RandomAccess, Serializable];0;[];[GwtCompatible];
;;guava;adce8999989d80c80fda3607dac324cbd47681c1;/home/luna/TG/java-projects/guava/guava/src/com/google/common/math/IntMath.java;36;728;IntMath;null;[];0;[];[GwtCompatible];
;;guava;adce8999989d80c80fda3607dac324cbd47681c1;/home/luna/TG/java-projects/guava/guava/src/com/google/common/math/LongMath.java;36;1227;LongMath;null;[];0;[];[GwtCompatible];
;;guava;adce8999989d80c80fda3607dac324cbd47681c1;/home/luna/TG/java-projects/guava/guava/src/com/google/common/math/BigIntegerMath.java;36;476;BigIntegerMath;null;[];0;[];[GwtCompatible];
;;guava;adce8999989d80c80fda3607dac324cbd47681c1;/home/luna/TG/java-projects/guava/guava/src/com/google/common/math/Stats.java;37;583;Stats;null;[Serializable];0;[];[Beta, GwtIncompatible];
;;guava;adce8999989d80c80fda3607dac324cbd47681c1;/home/luna/TG/java-projects/guava/guava/src/com/google/common/math/DoubleMath.java;42;522;DoubleMath;null;[];0;[];[GwtCompatible];
;;guava;adce8999989d80c80fda3607dac324cbd47681c1;/home/luna/TG/java-projects/guava/guava/src/com/google/common/math/StatsAccumulator.java;27;380;StatsAccumulator;null;[];0;[];[Beta, GwtIncompatible];
;;guava;adce8999989d80c80fda3607dac324cbd47681c1;/home/luna/TG/java-projects/guava/guava/src/com/google/common/math/Quantiles.java;33;684;Quantiles;null;[];0;[];[Beta, GwtIncompatible];
;;guava;adce8999989d80c80fda3607dac324cbd47681c1;/home/luna/TG/java-projects/guava/guava/src/com/google/common/math/Quantiles.java;161;206;Scale;null;[];0;[];[];
;;guava;adce8999989d80c80fda3607dac324cbd47681c1;/home/luna/TG/java-projects/guava/guava/src/com/google/common/math/Quantiles.java;208;303;ScaleAndIndex;null;[];0;[];[];
;;guava;adce8999989d80c80fda3607dac324cbd47681c1;/home/luna/TG/java-projects/guava/guava/src/com/google/common/math/Quantiles.java;305;435;ScaleAndIndexes;null;[];0;[];[];
;;guava;adce8999989d80c80fda3607dac324cbd47681c1;/home/luna/TG/java-projects/guava/guava/src/com/google/common/math/MathPreconditions.java;22;98;MathPreconditions;null;[];0;[];[GwtCompatible, CanIgnoreReturnValue];
;;guava;adce8999989d80c80fda3607dac324cbd47681c1;/home/luna/TG/java-projects/guava/guava/src/com/google/common/math/DoubleUtils.java;29;147;DoubleUtils;null;[];0;[];[GwtIncompatible];
;;guava;adce8999989d80c80fda3607dac324cbd47681c1;/home/luna/TG/java-projects/guava/guava/src/com/google/common/math/PairedStatsAccumulator.java;25;257;PairedStatsAccumulator;null;[];0;[];[Beta, GwtIncompatible];
;;guava;adce8999989d80c80fda3607dac324cbd47681c1;/home/luna/TG/java-projects/guava/guava/src/com/google/common/math/LinearTransformation.java;25;309;LinearTransformation;null;[];0;[];[Beta, GwtIncompatible];
;;guava;adce8999989d80c80fda3607dac324cbd47681c1;/home/luna/TG/java-projects/guava/guava/src/com/google/common/math/LinearTransformation.java;51;97;LinearTransformationBuilder;null;[];0;[];[];
;;guava;adce8999989d80c80fda3607dac324cbd47681c1;/home/luna/TG/java-projects/guava/guava/src/com/google/common/math/LinearTransformation.java;162;220;RegularLinearTransformation;LinearTransformation;[];0;[];[];
;;guava;adce8999989d80c80fda3607dac324cbd47681c1;/home/luna/TG/java-projects/guava/guava/src/com/google/common/math/LinearTransformation.java;222;273;VerticalLinearTransformation;LinearTransformation;[];0;[];[];
;;guava;adce8999989d80c80fda3607dac324cbd47681c1;/home/luna/TG/java-projects/guava/guava/src/com/google/common/math/LinearTransformation.java;275;308;NaNLinearTransformation;LinearTransformation;[];0;[];[];
;;guava;adce8999989d80c80fda3607dac324cbd47681c1;/home/luna/TG/java-projects/guava/guava/src/com/google/common/math/PairedStats.java;33;322;PairedStats;null;[Serializable];0;[];[Beta, GwtIncompatible];
;;guava;adce8999989d80c80fda3607dac324cbd47681c1;/home/luna/TG/java-projects/guava/guava/src/com/google/common/base/FinalizableSoftReference.java;21;42;FinalizableSoftReference;SoftReference<T>;[FinalizableReference];1;[[T]];[GwtIncompatible];
;;guava;adce8999989d80c80fda3607dac324cbd47681c1;/home/luna/TG/java-projects/guava/guava/src/com/google/common/base/Functions.java;25;405;Functions;null;[];0;[];[GwtCompatible];
;;guava;adce8999989d80c80fda3607dac324cbd47681c1;/home/luna/TG/java-projects/guava/guava/src/com/google/common/base/Functions.java;122;156;FunctionForMapNoDefault;null;[Function<K,V>, Serializable];2;[[K, V], [K, V]];[];
;;guava;adce8999989d80c80fda3607dac324cbd47681c1;/home/luna/TG/java-projects/guava/guava/src/com/google/common/base/Functions.java;175;211;ForMapWithDefault;null;[Function<K,V>, Serializable];2;[[K, V], [K, V]];[];
;;guava;adce8999989d80c80fda3607dac324cbd47681c1;/home/luna/TG/java-projects/guava/guava/src/com/google/common/base/Functions.java;229;264;FunctionComposition;null;[Function<A,C>, Serializable];3;[[A, B, C], [A, B, C], [A, B, C]];[];
;;guava;adce8999989d80c80fda3607dac324cbd47681c1;/home/luna/TG/java-projects/guava/guava/src/com/google/common/base/Functions.java;278;311;PredicateFunction;null;[Function<T,Boolean>, Serializable];1;[[T]];[];
;;guava;adce8999989d80c80fda3607dac324cbd47681c1;/home/luna/TG/java-projects/guava/guava/src/com/google/common/base/Functions.java;325;357;ConstantFunction;null;[Function<Object,E>, Serializable];1;[[E]];[];
;;guava;adce8999989d80c80fda3607dac324cbd47681c1;/home/luna/TG/java-projects/guava/guava/src/com/google/common/base/Functions.java;370;404;SupplierFunction;null;[Function<Object,T>, Serializable];1;[[T]];[];
;;guava;adce8999989d80c80fda3607dac324cbd47681c1;/home/luna/TG/java-projects/guava/guava/src/com/google/common/base/FinalizableWeakReference.java;21;42;FinalizableWeakReference;WeakReference<T>;[FinalizableReference];1;[[T]];[GwtIncompatible];
;;guava;adce8999989d80c80fda3607dac324cbd47681c1;/home/luna/TG/java-projects/guava/guava/src/com/google/common/base/AbstractIterator.java;25;91;AbstractIterator;null;[Iterator<T>];1;[[T]];[GwtCompatible];
;;guava;adce8999989d80c80fda3607dac324cbd47681c1;/home/luna/TG/java-projects/guava/guava/src/com/google/common/base/Optional.java;26;331;Optional;null;[Serializable];1;[[T]];[GwtCompatible];
;;guava;adce8999989d80c80fda3607dac324cbd47681c1;/home/luna/TG/java-projects/guava/guava/src/com/google/common/base/Defaults.java;25;67;Defaults;null;[];0;[];[GwtIncompatible];
;;guava;adce8999989d80c80fda3607dac324cbd47681c1;/home/luna/TG/java-projects/guava/guava/src/com/google/common/base/Ascii.java;22;628;Ascii;null;[];0;[];[GwtCompatible];
;;guava;adce8999989d80c80fda3607dac324cbd47681c1;/home/luna/TG/java-projects/guava/guava/src/com/google/common/base/Function.java;21;64;Function;null;[java.util.function.Function<F,T>];2;[[F, T], [F, T]];[GwtCompatible, FunctionalInterface];
;;guava;adce8999989d80c80fda3607dac324cbd47681c1;/home/luna/TG/java-projects/guava/guava/src/com/google/common/base/CommonPattern.java;19;41;CommonPattern;null;[];0;[];[GwtCompatible];
;;guava;adce8999989d80c80fda3607dac324cbd47681c1;/home/luna/TG/java-projects/guava/guava/src/com/google/common/base/Preconditions.java;21;1309;Preconditions;null;[];0;[];[GwtCompatible];
;;guava;adce8999989d80c80fda3607dac324cbd47681c1;/home/luna/TG/java-projects/guava/guava/src/com/google/common/base/VerifyException.java;21;58;VerifyException;RuntimeException;[];0;[];[Beta, GwtCompatible];
;;guava;adce8999989d80c80fda3607dac324cbd47681c1;/home/luna/TG/java-projects/guava/guava/src/com/google/common/base/Splitter.java;31;598;Splitter;null;[];0;[];[GwtCompatible];
;;guava;adce8999989d80c80fda3607dac324cbd47681c1;/home/luna/TG/java-projects/guava/guava/src/com/google/common/base/Splitter.java;453;498;MapSplitter;null;[];0;[];[Beta];
;;guava;adce8999989d80c80fda3607dac324cbd47681c1;/home/luna/TG/java-projects/guava/guava/src/com/google/common/base/Splitter.java;500;502;Strategy;null;[];0;[];[];
;;guava;adce8999989d80c80fda3607dac324cbd47681c1;/home/luna/TG/java-projects/guava/guava/src/com/google/common/base/Splitter.java;504;597;SplittingIterator;AbstractIterator<String>;[];0;[];[];
;;guava;adce8999989d80c80fda3607dac324cbd47681c1;/home/luna/TG/java-projects/guava/guava/src/com/google/common/base/Predicate.java;21;82;Predicate;null;[java.util.function.Predicate<T>];1;[[T]];[FunctionalInterface, GwtCompatible];
;;guava;adce8999989d80c80fda3607dac324cbd47681c1;/home/luna/TG/java-projects/guava/guava/src/com/google/common/base/FinalizableReferenceQueue.java;32;361;FinalizableReferenceQueue;null;[Closeable];0;[];[GwtIncompatible];
;;guava;adce8999989d80c80fda3607dac324cbd47681c1;/home/luna/TG/java-projects/guava/guava/src/com/google/common/base/FinalizableReferenceQueue.java;224;236;FinalizerLoader;null;[];0;[];[];
;;guava;adce8999989d80c80fda3607dac324cbd47681c1;/home/luna/TG/java-projects/guava/guava/src/com/google/common/base/FinalizableReferenceQueue.java;238;271;SystemLoader;null;[FinalizerLoader];0;[];[];
;;guava;adce8999989d80c80fda3607dac324cbd47681c1;/home/luna/TG/java-projects/guava/guava/src/com/google/common/base/FinalizableReferenceQueue.java;273;333;DecoupledLoader;null;[FinalizerLoader];0;[];[];
;;guava;adce8999989d80c80fda3607dac324cbd47681c1;/home/luna/TG/java-projects/guava/guava/src/com/google/common/base/FinalizableReferenceQueue.java;335;348;DirectLoader;null;[FinalizerLoader];0;[];[];
;;guava;adce8999989d80c80fda3607dac324cbd47681c1;/home/luna/TG/java-projects/guava/guava/src/com/google/common/base/Enums.java;30;155;Enums;null;[];0;[];[GwtCompatible];
;;guava;adce8999989d80c80fda3607dac324cbd47681c1;/home/luna/TG/java-projects/guava/guava/src/com/google/common/base/Enums.java;115;154;StringConverter;Converter<String,T>;[Serializable];1;[[T extends Enum<T>]];[];
;;guava;adce8999989d80c80fda3607dac324cbd47681c1;/home/luna/TG/java-projects/guava/guava/src/com/google/common/base/PairwiseEquivalence.java;22;75;PairwiseEquivalence;Equivalence<Iterable<T>>;[Serializable];1;[[T]];[GwtCompatible];
;;guava;adce8999989d80c80fda3607dac324cbd47681c1;/home/luna/TG/java-projects/guava/guava/src/com/google/common/base/Strings.java;24;226;Strings;null;[];0;[];[GwtCompatible];
;;guava;adce8999989d80c80fda3607dac324cbd47681c1;/home/luna/TG/java-projects/guava/guava/src/com/google/common/base/CommonMatcher.java;19;37;CommonMatcher;null;[];0;[];[GwtCompatible];
;;guava;adce8999989d80c80fda3607dac324cbd47681c1;/home/luna/TG/java-projects/guava/guava/src/com/google/common/base/Throwables.java;36;472;Throwables;null;[];0;[];[GwtCompatible];
;;guava;adce8999989d80c80fda3607dac324cbd47681c1;/home/luna/TG/java-projects/guava/guava/src/com/google/common/base/Utf8.java;24;201;Utf8;null;[];0;[];[Beta, GwtCompatible];
;;guava;adce8999989d80c80fda3607dac324cbd47681c1;/home/luna/TG/java-projects/guava/guava/src/com/google/common/base/internal/Finalizer.java;27;206;Finalizer;null;[Runnable];0;[];[];
;;guava;adce8999989d80c80fda3607dac324cbd47681c1;/home/luna/TG/java-projects/guava/guava/src/com/google/common/base/Absent.java;24;102;Absent;Optional<T>;[];1;[[T]];[GwtCompatible];
;;guava;adce8999989d80c80fda3607dac324cbd47681c1;/home/luna/TG/java-projects/guava/guava/src/com/google/common/base/Ticker.java;21;62;Ticker;null;[];0;[];[Beta, GwtCompatible];
;;guava;adce8999989d80c80fda3607dac324cbd47681c1;/home/luna/TG/java-projects/guava/guava/src/com/google/common/base/Equivalence.java;24;381;Equivalence;null;[BiPredicate<T,T>];1;[[T]];[GwtCompatible];
;;guava;adce8999989d80c80fda3607dac324cbd47681c1;/home/luna/TG/java-projects/guava/guava/src/com/google/common/base/Equivalence.java;166;243;Wrapper;null;[Serializable];1;[[T]];[];
;;guava;adce8999989d80c80fda3607dac324cbd47681c1;/home/luna/TG/java-projects/guava/guava/src/com/google/common/base/Equivalence.java;273;311;EquivalentToPredicate;null;[Predicate<T>, Serializable];1;[[T]];[];
;;guava;adce8999989d80c80fda3607dac324cbd47681c1;/home/luna/TG/java-projects/guava/guava/src/com/google/common/base/Equivalence.java;340;359;Equals;Equivalence<Object>;[Serializable];0;[];[];
;;guava;adce8999989d80c80fda3607dac324cbd47681c1;/home/luna/TG/java-projects/guava/guava/src/com/google/common/base/Equivalence.java;361;380;Identity;Equivalence<Object>;[Serializable];0;[];[];
;;guava;adce8999989d80c80fda3607dac324cbd47681c1;/home/luna/TG/java-projects/guava/guava/src/com/google/common/base/CaseFormat.java;167;208;StringConverter;Converter<String,String>;[Serializable];0;[];[];
;;guava;adce8999989d80c80fda3607dac324cbd47681c1;/home/luna/TG/java-projects/guava/guava/src/com/google/common/base/Suppliers.java;23;351;Suppliers;null;[];0;[];[GwtCompatible];
;;guava;adce8999989d80c80fda3607dac324cbd47681c1;/home/luna/TG/java-projects/guava/guava/src/com/google/common/base/Suppliers.java;48;82;SupplierComposition;null;[Supplier<T>, Serializable];2;[[F, T], [F, T]];[];
;;guava;adce8999989d80c80fda3607dac324cbd47681c1;/home/luna/TG/java-projects/guava/guava/src/com/google/common/base/Suppliers.java;106;140;MemoizingSupplier;null;[Supplier<T>, Serializable];1;[[T]];[VisibleForTesting];
;;guava;adce8999989d80c80fda3607dac324cbd47681c1;/home/luna/TG/java-projects/guava/guava/src/com/google/common/base/Suppliers.java;142;176;NonSerializableMemoizingSupplier;null;[Supplier<T>];1;[[T]];[VisibleForTesting];
;;guava;adce8999989d80c80fda3607dac324cbd47681c1;/home/luna/TG/java-projects/guava/guava/src/com/google/common/base/Suppliers.java;200;248;ExpiringMemoizingSupplier;null;[Supplier<T>, Serializable];1;[[T]];[VisibleForTesting];
;;guava;adce8999989d80c80fda3607dac324cbd47681c1;/home/luna/TG/java-projects/guava/guava/src/com/google/common/base/Suppliers.java;257;289;SupplierOfInstance;null;[Supplier<T>, Serializable];1;[[T]];[];
;;guava;adce8999989d80c80fda3607dac324cbd47681c1;/home/luna/TG/java-projects/guava/guava/src/com/google/common/base/Suppliers.java;299;319;ThreadSafeSupplier;null;[Supplier<T>, Serializable];1;[[T]];[];
;;guava;adce8999989d80c80fda3607dac324cbd47681c1;/home/luna/TG/java-projects/guava/guava/src/com/google/common/base/Suppliers.java;335;335;SupplierFunction;null;[Function<Supplier<T>,T>];1;[[T]];[];
;;guava;adce8999989d80c80fda3607dac324cbd47681c1;/home/luna/TG/java-projects/guava/guava/src/com/google/common/base/CharMatcher.java;27;1915;CharMatcher;null;[Predicate<Character>];0;[];[GwtCompatible];
;;guava;adce8999989d80c80fda3607dac324cbd47681c1;/home/luna/TG/java-projects/guava/guava/src/com/google/common/base/CharMatcher.java;1046;1058;FastMatcher;CharMatcher;[];0;[];[];
;;guava;adce8999989d80c80fda3607dac324cbd47681c1;/home/luna/TG/java-projects/guava/guava/src/com/google/common/base/CharMatcher.java;1060;1073;NamedFastMatcher;FastMatcher;[];0;[];[];
;;guava;adce8999989d80c80fda3607dac324cbd47681c1;/home/luna/TG/java-projects/guava/guava/src/com/google/common/base/CharMatcher.java;1075;1086;NegatedFastMatcher;Negated;[];0;[];[];
;;guava;adce8999989d80c80fda3607dac324cbd47681c1;/home/luna/TG/java-projects/guava/guava/src/com/google/common/base/CharMatcher.java;1088;1112;BitSetMatcher;NamedFastMatcher;[];0;[];[GwtIncompatible];
;;guava;adce8999989d80c80fda3607dac324cbd47681c1;/home/luna/TG/java-projects/guava/guava/src/com/google/common/base/CharMatcher.java;1116;1211;Any;NamedFastMatcher;[];0;[];[];
;;guava;adce8999989d80c80fda3607dac324cbd47681c1;/home/luna/TG/java-projects/guava/guava/src/com/google/common/base/CharMatcher.java;1213;1314;None;NamedFastMatcher;[];0;[];[];
;;guava;adce8999989d80c80fda3607dac324cbd47681c1;/home/luna/TG/java-projects/guava/guava/src/com/google/common/base/CharMatcher.java;1316;1346;Whitespace;NamedFastMatcher;[];0;[];[VisibleForTesting];
;;guava;adce8999989d80c80fda3607dac324cbd47681c1;/home/luna/TG/java-projects/guava/guava/src/com/google/common/base/CharMatcher.java;1348;1380;BreakingWhitespace;CharMatcher;[];0;[];[];
;;guava;adce8999989d80c80fda3607dac324cbd47681c1;/home/luna/TG/java-projects/guava/guava/src/com/google/common/base/CharMatcher.java;1382;1395;Ascii;NamedFastMatcher;[];0;[];[];
;;guava;adce8999989d80c80fda3607dac324cbd47681c1;/home/luna/TG/java-projects/guava/guava/src/com/google/common/base/CharMatcher.java;1397;1432;RangesMatcher;CharMatcher;[];0;[];[];
;;guava;adce8999989d80c80fda3607dac324cbd47681c1;/home/luna/TG/java-projects/guava/guava/src/com/google/common/base/CharMatcher.java;1434;1460;Digit;RangesMatcher;[];0;[];[];
;;guava;adce8999989d80c80fda3607dac324cbd47681c1;/home/luna/TG/java-projects/guava/guava/src/com/google/common/base/CharMatcher.java;1462;1476;JavaDigit;CharMatcher;[];0;[];[];
;;guava;adce8999989d80c80fda3607dac324cbd47681c1;/home/luna/TG/java-projects/guava/guava/src/com/google/common/base/CharMatcher.java;1478;1492;JavaLetter;CharMatcher;[];0;[];[];
;;guava;adce8999989d80c80fda3607dac324cbd47681c1;/home/luna/TG/java-projects/guava/guava/src/com/google/common/base/CharMatcher.java;1494;1508;JavaLetterOrDigit;CharMatcher;[];0;[];[];
;;guava;adce8999989d80c80fda3607dac324cbd47681c1;/home/luna/TG/java-projects/guava/guava/src/com/google/common/base/CharMatcher.java;1510;1524;JavaUpperCase;CharMatcher;[];0;[];[];
;;guava;adce8999989d80c80fda3607dac324cbd47681c1;/home/luna/TG/java-projects/guava/guava/src/com/google/common/base/CharMatcher.java;1526;1540;JavaLowerCase;CharMatcher;[];0;[];[];
;;guava;adce8999989d80c80fda3607dac324cbd47681c1;/home/luna/TG/java-projects/guava/guava/src/com/google/common/base/CharMatcher.java;1542;1555;JavaIsoControl;NamedFastMatcher;[];0;[];[];
;;guava;adce8999989d80c80fda3607dac324cbd47681c1;/home/luna/TG/java-projects/guava/guava/src/com/google/common/base/CharMatcher.java;1557;1572;Invisible;RangesMatcher;[];0;[];[];
;;guava;adce8999989d80c80fda3607dac324cbd47681c1;/home/luna/TG/java-projects/guava/guava/src/com/google/common/base/CharMatcher.java;1574;1585;SingleWidth;RangesMatcher;[];0;[];[];
;;guava;adce8999989d80c80fda3607dac324cbd47681c1;/home/luna/TG/java-projects/guava/guava/src/com/google/common/base/CharMatcher.java;1589;1636;Negated;CharMatcher;[];0;[];[];
;;guava;adce8999989d80c80fda3607dac324cbd47681c1;/home/luna/TG/java-projects/guava/guava/src/com/google/common/base/CharMatcher.java;1638;1669;And;CharMatcher;[];0;[];[];
;;guava;adce8999989d80c80fda3607dac324cbd47681c1;/home/luna/TG/java-projects/guava/guava/src/com/google/common/base/CharMatcher.java;1671;1698;Or;CharMatcher;[];0;[];[];
;;guava;adce8999989d80c80fda3607dac324cbd47681c1;/home/luna/TG/java-projects/guava/guava/src/com/google/common/base/CharMatcher.java;1702;1746;Is;FastMatcher;[];0;[];[];
;;guava;adce8999989d80c80fda3607dac324cbd47681c1;/home/luna/TG/java-projects/guava/guava/src/com/google/common/base/CharMatcher.java;1748;1788;IsNot;FastMatcher;[];0;[];[];
;;guava;adce8999989d80c80fda3607dac324cbd47681c1;/home/luna/TG/java-projects/guava/guava/src/com/google/common/base/CharMatcher.java;1794;1821;IsEither;FastMatcher;[];0;[];[];
;;guava;adce8999989d80c80fda3607dac324cbd47681c1;/home/luna/TG/java-projects/guava/guava/src/com/google/common/base/CharMatcher.java;1823;1855;AnyOf;CharMatcher;[];0;[];[];
;;guava;adce8999989d80c80fda3607dac324cbd47681c1;/home/luna/TG/java-projects/guava/guava/src/com/google/common/base/CharMatcher.java;1857;1888;InRange;FastMatcher;[];0;[];[];
;;guava;adce8999989d80c80fda3607dac324cbd47681c1;/home/luna/TG/java-projects/guava/guava/src/com/google/common/base/CharMatcher.java;1890;1914;ForPredicate;CharMatcher;[];0;[];[];
;;guava;adce8999989d80c80fda3607dac324cbd47681c1;/home/luna/TG/java-projects/guava/guava/src/com/google/common/base/FinalizablePhantomReference.java;21;44;FinalizablePhantomReference;PhantomReference<T>;[FinalizableReference];1;[[T]];[GwtIncompatible];
;;guava;adce8999989d80c80fda3607dac324cbd47681c1;/home/luna/TG/java-projects/guava/guava/src/com/google/common/base/Joiner.java;30;480;Joiner;null;[];0;[];[GwtCompatible];
;;guava;adce8999989d80c80fda3607dac324cbd47681c1;/home/luna/TG/java-projects/guava/guava/src/com/google/common/base/Joiner.java;297;451;MapJoiner;null;[];0;[];[];
;;guava;adce8999989d80c80fda3607dac324cbd47681c1;/home/luna/TG/java-projects/guava/guava/src/com/google/common/base/Present.java;24;101;Present;Optional<T>;[];1;[[T]];[GwtCompatible];
;;guava;adce8999989d80c80fda3607dac324cbd47681c1;/home/luna/TG/java-projects/guava/guava/src/com/google/common/base/FunctionalEquivalence.java;24;75;FunctionalEquivalence;Equivalence<F>;[Serializable];2;[[F, T], [F, T]];[Beta, GwtCompatible];
;;guava;adce8999989d80c80fda3607dac324cbd47681c1;/home/luna/TG/java-projects/guava/guava/src/com/google/common/base/PatternCompiler.java;19;32;PatternCompiler;null;[];0;[];[GwtIncompatible];
;;guava;adce8999989d80c80fda3607dac324cbd47681c1;/home/luna/TG/java-projects/guava/guava/src/com/google/common/base/MoreObjects.java;24;384;MoreObjects;null;[];0;[];[GwtCompatible];
;;guava;adce8999989d80c80fda3607dac324cbd47681c1;/home/luna/TG/java-projects/guava/guava/src/com/google/common/base/MoreObjects.java;129;381;ToStringHelper;null;[];0;[];[];
;;guava;adce8999989d80c80fda3607dac324cbd47681c1;/home/luna/TG/java-projects/guava/guava/src/com/google/common/base/MoreObjects.java;376;380;ValueHolder;null;[];0;[];[];
;;guava;adce8999989d80c80fda3607dac324cbd47681c1;/home/luna/TG/java-projects/guava/guava/src/com/google/common/base/Objects.java;21;78;Objects;ExtraObjectsMethodsForWeb;[];0;[];[GwtCompatible];
;;guava;adce8999989d80c80fda3607dac324cbd47681c1;/home/luna/TG/java-projects/guava/guava/src/com/google/common/base/ExtraObjectsMethodsForWeb.java;19;24;ExtraObjectsMethodsForWeb;null;[];0;[];[GwtCompatible];
;;guava;adce8999989d80c80fda3607dac324cbd47681c1;/home/luna/TG/java-projects/guava/guava/src/com/google/common/base/Charsets.java;21;102;Charsets;null;[];0;[];[GwtCompatible];
;;guava;adce8999989d80c80fda3607dac324cbd47681c1;/home/luna/TG/java-projects/guava/guava/src/com/google/common/base/JdkPattern.java;22;105;JdkPattern;CommonPattern;[Serializable];0;[];[GwtIncompatible];
;;guava;adce8999989d80c80fda3607dac324cbd47681c1;/home/luna/TG/java-projects/guava/guava/src/com/google/common/base/JdkPattern.java;66;102;JdkMatcher;CommonMatcher;[];0;[];[];
;;guava;adce8999989d80c80fda3607dac324cbd47681c1;/home/luna/TG/java-projects/guava/guava/src/com/google/common/base/Converter.java;26;527;Converter;null;[Function<A,B>];2;[[A, B], [A, B]];[GwtCompatible];
;;guava;adce8999989d80c80fda3607dac324cbd47681c1;/home/luna/TG/java-projects/guava/guava/src/com/google/common/base/Converter.java;241;303;ReverseConverter;Converter<B,A>;[Serializable];2;[[A, B], [A, B]];[];
;;guava;adce8999989d80c80fda3607dac324cbd47681c1;/home/luna/TG/java-projects/guava/guava/src/com/google/common/base/Converter.java;323;382;ConverterComposition;Converter<A,C>;[Serializable];3;[[A, B, C], [A, B, C], [A, B, C]];[];
;;guava;adce8999989d80c80fda3607dac324cbd47681c1;/home/luna/TG/java-projects/guava/guava/src/com/google/common/base/Converter.java;433;474;FunctionBasedConverter;Converter<A,B>;[Serializable];2;[[A, B], [A, B]];[];
;;guava;adce8999989d80c80fda3607dac324cbd47681c1;/home/luna/TG/java-projects/guava/guava/src/com/google/common/base/Converter.java;484;526;IdentityConverter;Converter<T,T>;[Serializable];1;[[T]];[];
;;guava;adce8999989d80c80fda3607dac324cbd47681c1;/home/luna/TG/java-projects/guava/guava/src/com/google/common/base/Platform.java;28;101;Platform;null;[];0;[];[GwtCompatible];
;;guava;adce8999989d80c80fda3607dac324cbd47681c1;/home/luna/TG/java-projects/guava/guava/src/com/google/common/base/Platform.java;95;100;JdkPatternCompiler;null;[PatternCompiler];0;[];[];
;;guava;adce8999989d80c80fda3607dac324cbd47681c1;/home/luna/TG/java-projects/guava/guava/src/com/google/common/base/SmallCharMatcher.java;22;146;SmallCharMatcher;NamedFastMatcher;[];0;[];[GwtIncompatible];
;;guava;adce8999989d80c80fda3607dac324cbd47681c1;/home/luna/TG/java-projects/guava/guava/src/com/google/common/base/Predicates.java;30;723;Predicates;null;[];0;[];[GwtCompatible];
;;guava;adce8999989d80c80fda3607dac324cbd47681c1;/home/luna/TG/java-projects/guava/guava/src/com/google/common/base/Predicates.java;335;368;NotPredicate;null;[Predicate<T>, Serializable];1;[[T]];[];
;;guava;adce8999989d80c80fda3607dac324cbd47681c1;/home/luna/TG/java-projects/guava/guava/src/com/google/common/base/Predicates.java;372;412;AndPredicate;null;[Predicate<T>, Serializable];1;[[T]];[];
;;guava;adce8999989d80c80fda3607dac324cbd47681c1;/home/luna/TG/java-projects/guava/guava/src/com/google/common/base/Predicates.java;414;454;OrPredicate;null;[Predicate<T>, Serializable];1;[[T]];[];
;;guava;adce8999989d80c80fda3607dac324cbd47681c1;/home/luna/TG/java-projects/guava/guava/src/com/google/common/base/Predicates.java;456;489;IsEqualToPredicate;null;[Predicate<T>, Serializable];1;[[T]];[];
;;guava;adce8999989d80c80fda3607dac324cbd47681c1;/home/luna/TG/java-projects/guava/guava/src/com/google/common/base/Predicates.java;491;525;InstanceOfPredicate;null;[Predicate<Object>, Serializable];0;[];[GwtIncompatible];
;;guava;adce8999989d80c80fda3607dac324cbd47681c1;/home/luna/TG/java-projects/guava/guava/src/com/google/common/base/Predicates.java;527;561;SubtypeOfPredicate;null;[Predicate<Class<?>>, Serializable];0;[];[GwtIncompatible];
;;guava;adce8999989d80c80fda3607dac324cbd47681c1;/home/luna/TG/java-projects/guava/guava/src/com/google/common/base/Predicates.java;563;602;InPredicate;null;[Predicate<T>, Serializable];1;[[T]];[];
;;guava;adce8999989d80c80fda3607dac324cbd47681c1;/home/luna/TG/java-projects/guava/guava/src/com/google/common/base/Predicates.java;604;640;CompositionPredicate;null;[Predicate<A>, Serializable];2;[[A, B], [A, B]];[];
;;guava;adce8999989d80c80fda3607dac324cbd47681c1;/home/luna/TG/java-projects/guava/guava/src/com/google/common/base/Predicates.java;642;688;ContainsPatternPredicate;null;[Predicate<CharSequence>, Serializable];0;[];[GwtIncompatible];
;;guava;adce8999989d80c80fda3607dac324cbd47681c1;/home/luna/TG/java-projects/guava/guava/src/com/google/common/base/Predicates.java;690;704;ContainsPatternFromStringPredicate;ContainsPatternPredicate;[];0;[];[GwtIncompatible];
;;guava;adce8999989d80c80fda3607dac324cbd47681c1;/home/luna/TG/java-projects/guava/guava/src/com/google/common/base/Stopwatch.java;31;250;Stopwatch;null;[];0;[];[GwtCompatible];
;;guava;adce8999989d80c80fda3607dac324cbd47681c1;/home/luna/TG/java-projects/guava/guava/src/com/google/common/base/Verify.java;24;165;Verify;null;[];0;[];[Beta, GwtCompatible];
;;guava;adce8999989d80c80fda3607dac324cbd47681c1;/home/luna/TG/java-projects/guava/guava/src/com/google/common/base/FinalizableReference.java;19;34;FinalizableReference;null;[];0;[];[GwtIncompatible];
;;guava;adce8999989d80c80fda3607dac324cbd47681c1;/home/luna/TG/java-projects/guava/guava/src/com/google/common/base/Supplier.java;20;50;Supplier;null;[java.util.function.Supplier<T>];1;[[T]];[GwtCompatible, FunctionalInterface];
;;guava;adce8999989d80c80fda3607dac324cbd47681c1;/home/luna/TG/java-projects/guava/guava/src/com/google/common/util/concurrent/Futures.java;48;1364;Futures;GwtFuturesCatchingSpecialization;[];0;[];[Beta, GwtCompatible];
;;guava;adce8999989d80c80fda3607dac324cbd47681c1;/home/luna/TG/java-projects/guava/guava/src/com/google/common/util/concurrent/Futures.java;823;921;FutureCombiner;null;[];1;[[V]];[Beta, CanIgnoreReturnValue, GwtCompatible];
;;guava;adce8999989d80c80fda3607dac324cbd47681c1;/home/luna/TG/java-projects/guava/guava/src/com/google/common/util/concurrent/Futures.java;937;954;NonCancellationPropagatingFuture;AbstractFuture.TrustedFuture<V>;[];1;[[V]];[];
;;guava;adce8999989d80c80fda3607dac324cbd47681c1;/home/luna/TG/java-projects/guava/guava/src/com/google/common/util/concurrent/Futures.java;1344;1363;MappingCheckedFuture;AbstractCheckedFuture<V,X>;[];2;[[V, X extends Exception], [V, X extends Exception]];[GwtIncompatible];
;;guava;adce8999989d80c80fda3607dac324cbd47681c1;/home/luna/TG/java-projects/guava/guava/src/com/google/common/util/concurrent/AggregateFutureState.java;28;168;AggregateFutureState;null;[];0;[];[GwtCompatible];
;;guava;adce8999989d80c80fda3607dac324cbd47681c1;/home/luna/TG/java-projects/guava/guava/src/com/google/common/util/concurrent/AggregateFutureState.java;116;123;AtomicHelper;null;[];0;[];[];
;;guava;adce8999989d80c80fda3607dac324cbd47681c1;/home/luna/TG/java-projects/guava/guava/src/com/google/common/util/concurrent/AggregateFutureState.java;125;147;SafeAtomicHelper;AtomicHelper;[];0;[];[];
;;guava;adce8999989d80c80fda3607dac324cbd47681c1;/home/luna/TG/java-projects/guava/guava/src/com/google/common/util/concurrent/AggregateFutureState.java;149;167;SynchronizedAtomicHelper;AtomicHelper;[];0;[];[];
;;guava;adce8999989d80c80fda3607dac324cbd47681c1;/home/luna/TG/java-projects/guava/guava/src/com/google/common/util/concurrent/ForwardingListenableFuture.java;22;68;ForwardingListenableFuture;ForwardingFuture<V>;[ListenableFuture<V>];1;[[V]];[CanIgnoreReturnValue, GwtCompatible];
;;guava;adce8999989d80c80fda3607dac324cbd47681c1;/home/luna/TG/java-projects/guava/guava/src/com/google/common/util/concurrent/ForwardingListenableFuture.java;49;67;SimpleForwardingListenableFuture;ForwardingListenableFuture<V>;[];1;[[V]];[];
;;guava;adce8999989d80c80fda3607dac324cbd47681c1;/home/luna/TG/java-projects/guava/guava/src/com/google/common/util/concurrent/ThreadFactoryBuilder.java;29;183;ThreadFactoryBuilder;null;[];0;[];[CanIgnoreReturnValue, GwtIncompatible];
;;guava;adce8999989d80c80fda3607dac324cbd47681c1;/home/luna/TG/java-projects/guava/guava/src/com/google/common/util/concurrent/Callables.java;26;145;Callables;null;[];0;[];[GwtCompatible];
;;guava;adce8999989d80c80fda3607dac324cbd47681c1;/home/luna/TG/java-projects/guava/guava/src/com/google/common/util/concurrent/TrustedListenableFutureTask.java;26;128;TrustedListenableFutureTask;AbstractFuture.TrustedFuture<V>;[RunnableFuture<V>];1;[[V]];[GwtCompatible];
;;guava;adce8999989d80c80fda3607dac324cbd47681c1;/home/luna/TG/java-projects/guava/guava/src/com/google/common/util/concurrent/TrustedListenableFutureTask.java;98;127;TrustedFutureInterruptibleTask;InterruptibleTask;[];0;[];[WeakOuter];
;;guava;adce8999989d80c80fda3607dac324cbd47681c1;/home/luna/TG/java-projects/guava/guava/src/com/google/common/util/concurrent/ListenableFutureTask.java;23;90;ListenableFutureTask;FutureTask<V>;[ListenableFuture<V>];1;[[V]];[GwtIncompatible];
;;guava;adce8999989d80c80fda3607dac324cbd47681c1;/home/luna/TG/java-projects/guava/guava/src/com/google/common/util/concurrent/ListenableScheduledFuture.java;21;30;ListenableScheduledFuture;null;[ScheduledFuture<V>, ListenableFuture<V>];1;[[V]];[Beta, GwtIncompatible];
;;guava;adce8999989d80c80fda3607dac324cbd47681c1;/home/luna/TG/java-projects/guava/guava/src/com/google/common/util/concurrent/ListeningExecutorService.java;27;100;ListeningExecutorService;null;[ExecutorService];0;[];[CanIgnoreReturnValue, GwtIncompatible];
;;guava;adce8999989d80c80fda3607dac324cbd47681c1;/home/luna/TG/java-projects/guava/guava/src/com/google/common/util/concurrent/AsyncSettableFuture.java;23;100;AsyncSettableFuture;ForwardingListenableFuture<V>;[];1;[[V]];[];
;;guava;adce8999989d80c80fda3607dac324cbd47681c1;/home/luna/TG/java-projects/guava/guava/src/com/google/common/util/concurrent/AsyncSettableFuture.java;91;99;NestedFuture;AbstractFuture<ListenableFuture<? extends V>>;[];1;[[V]];[];
;;guava;adce8999989d80c80fda3607dac324cbd47681c1;/home/luna/TG/java-projects/guava/guava/src/com/google/common/util/concurrent/CycleDetectingLockFactory.java;47;980;CycleDetectingLockFactory;null;[];0;[];[Beta, CanIgnoreReturnValue, ThreadSafe, GwtIncompatible];
;;guava;adce8999989d80c80fda3607dac324cbd47681c1;/home/luna/TG/java-projects/guava/guava/src/com/google/common/util/concurrent/CycleDetectingLockFactory.java;166;187;Policy;null;[];0;[];[Beta, ThreadSafe];
;;guava;adce8999989d80c80fda3607dac324cbd47681c1;/home/luna/TG/java-projects/guava/guava/src/com/google/common/util/concurrent/CycleDetectingLockFactory.java;341;451;WithExplicitOrdering;CycleDetectingLockFactory;[];1;[[E extends Enum<E>]];[Beta];
;;guava;adce8999989d80c80fda3607dac324cbd47681c1;/home/luna/TG/java-projects/guava/guava/src/com/google/common/util/concurrent/CycleDetectingLockFactory.java;477;515;ExampleStackTrace;IllegalStateException;[];0;[];[];
;;guava;adce8999989d80c80fda3607dac324cbd47681c1;/home/luna/TG/java-projects/guava/guava/src/com/google/common/util/concurrent/CycleDetectingLockFactory.java;517;565;PotentialDeadlockException;ExampleStackTrace;[];0;[];[Beta];
;;guava;adce8999989d80c80fda3607dac324cbd47681c1;/home/luna/TG/java-projects/guava/guava/src/com/google/common/util/concurrent/CycleDetectingLockFactory.java;567;578;CycleDetectingLock;null;[];0;[];[];
;;guava;adce8999989d80c80fda3607dac324cbd47681c1;/home/luna/TG/java-projects/guava/guava/src/com/google/common/util/concurrent/CycleDetectingLockFactory.java;580;712;LockGraphNode;null;[];0;[];[];
;;guava;adce8999989d80c80fda3607dac324cbd47681c1;/home/luna/TG/java-projects/guava/guava/src/com/google/common/util/concurrent/CycleDetectingLockFactory.java;746;817;CycleDetectingReentrantLock;ReentrantLock;[CycleDetectingLock];0;[];[];
;;guava;adce8999989d80c80fda3607dac324cbd47681c1;/home/luna/TG/java-projects/guava/guava/src/com/google/common/util/concurrent/CycleDetectingLockFactory.java;819;861;CycleDetectingReentrantReadWriteLock;ReentrantReadWriteLock;[CycleDetectingLock];0;[];[];
;;guava;adce8999989d80c80fda3607dac324cbd47681c1;/home/luna/TG/java-projects/guava/guava/src/com/google/common/util/concurrent/CycleDetectingLockFactory.java;863;920;CycleDetectingReentrantReadLock;ReentrantReadWriteLock.ReadLock;[];0;[];[];
;;guava;adce8999989d80c80fda3607dac324cbd47681c1;/home/luna/TG/java-projects/guava/guava/src/com/google/common/util/concurrent/CycleDetectingLockFactory.java;922;979;CycleDetectingReentrantWriteLock;ReentrantReadWriteLock.WriteLock;[];0;[];[];
;;guava;adce8999989d80c80fda3607dac324cbd47681c1;/home/luna/TG/java-projects/guava/guava/src/com/google/common/util/concurrent/TimeoutFuture.java;28;143;TimeoutFuture;AbstractFuture.TrustedFuture<V>;[];1;[[V]];[GwtIncompatible];
;;guava;adce8999989d80c80fda3607dac324cbd47681c1;/home/luna/TG/java-projects/guava/guava/src/com/google/common/util/concurrent/TimeoutFuture.java;80;126;Fire;null;[Runnable];1;[[V]];[];
;;guava;adce8999989d80c80fda3607dac324cbd47681c1;/home/luna/TG/java-projects/guava/guava/src/com/google/common/util/concurrent/AsyncFunction.java;21;39;AsyncFunction;null;[];2;[[I, O], [I, O]];[GwtCompatible, FunctionalInterface];
;;guava;adce8999989d80c80fda3607dac324cbd47681c1;/home/luna/TG/java-projects/guava/guava/src/com/google/common/util/concurrent/JdkFutureAdapters.java;28;171;JdkFutureAdapters;null;[];0;[];[Beta, GwtIncompatible];
;;guava;adce8999989d80c80fda3607dac324cbd47681c1;/home/luna/TG/java-projects/guava/guava/src/com/google/common/util/concurrent/JdkFutureAdapters.java;87;168;ListenableFutureAdapter;ForwardingFuture<V>;[ListenableFuture<V>];1;[[V]];[];
;;guava;adce8999989d80c80fda3607dac324cbd47681c1;/home/luna/TG/java-projects/guava/guava/src/com/google/common/util/concurrent/Striped.java;43;508;Striped;null;[];1;[[L]];[Beta, GwtIncompatible];
;;guava;adce8999989d80c80fda3607dac324cbd47681c1;/home/luna/TG/java-projects/guava/guava/src/com/google/common/util/concurrent/Striped.java;299;318;PowerOfTwoStriped;Striped<L>;[];1;[[L]];[];
;;guava;adce8999989d80c80fda3607dac324cbd47681c1;/home/luna/TG/java-projects/guava/guava/src/com/google/common/util/concurrent/Striped.java;320;348;CompactStriped;PowerOfTwoStriped<L>;[];1;[[L]];[];
;;guava;adce8999989d80c80fda3607dac324cbd47681c1;/home/luna/TG/java-projects/guava/guava/src/com/google/common/util/concurrent/Striped.java;350;420;SmallLazyStriped;PowerOfTwoStriped<L>;[];1;[[L]];[VisibleForTesting];
;;guava;adce8999989d80c80fda3607dac324cbd47681c1;/home/luna/TG/java-projects/guava/guava/src/com/google/common/util/concurrent/Striped.java;412;419;ArrayReference;WeakReference<L>;[];1;[[L]];[];
;;guava;adce8999989d80c80fda3607dac324cbd47681c1;/home/luna/TG/java-projects/guava/guava/src/com/google/common/util/concurrent/Striped.java;422;458;LargeLazyStriped;PowerOfTwoStriped<L>;[];1;[[L]];[VisibleForTesting];
;;guava;adce8999989d80c80fda3607dac324cbd47681c1;/home/luna/TG/java-projects/guava/guava/src/com/google/common/util/concurrent/Striped.java;483;496;PaddedLock;ReentrantLock;[];0;[];[];
;;guava;adce8999989d80c80fda3607dac324cbd47681c1;/home/luna/TG/java-projects/guava/guava/src/com/google/common/util/concurrent/Striped.java;498;507;PaddedSemaphore;Semaphore;[];0;[];[];
;;guava;adce8999989d80c80fda3607dac324cbd47681c1;/home/luna/TG/java-projects/guava/guava/src/com/google/common/util/concurrent/ForwardingExecutorService.java;29;115;ForwardingExecutorService;ForwardingObject;[ExecutorService];0;[];[CanIgnoreReturnValue, GwtIncompatible];
;;guava;adce8999989d80c80fda3607dac324cbd47681c1;/home/luna/TG/java-projects/guava/guava/src/com/google/common/util/concurrent/ImmediateFuture.java;29;155;ImmediateFuture;null;[ListenableFuture<V>];1;[[V]];[GwtCompatible];
;;guava;adce8999989d80c80fda3607dac324cbd47681c1;/home/luna/TG/java-projects/guava/guava/src/com/google/common/util/concurrent/ImmediateFuture.java;76;90;ImmediateSuccessfulFuture;ImmediateFuture<V>;[];1;[[V]];[];
;;guava;adce8999989d80c80fda3607dac324cbd47681c1;/home/luna/TG/java-projects/guava/guava/src/com/google/common/util/concurrent/ImmediateFuture.java;92;116;ImmediateSuccessfulCheckedFuture;ImmediateFuture<V>;[CheckedFuture<V,X>];2;[[V, X extends Exception], [V, X extends Exception]];[GwtIncompatible];
;;guava;adce8999989d80c80fda3607dac324cbd47681c1;/home/luna/TG/java-projects/guava/guava/src/com/google/common/util/concurrent/ImmediateFuture.java;118;122;ImmediateFailedFuture;TrustedFuture<V>;[];1;[[V]];[];
;;guava;adce8999989d80c80fda3607dac324cbd47681c1;/home/luna/TG/java-projects/guava/guava/src/com/google/common/util/concurrent/ImmediateFuture.java;124;128;ImmediateCancelledFuture;TrustedFuture<V>;[];1;[[V]];[];
;;guava;adce8999989d80c80fda3607dac324cbd47681c1;/home/luna/TG/java-projects/guava/guava/src/com/google/common/util/concurrent/ImmediateFuture.java;130;154;ImmediateFailedCheckedFuture;ImmediateFuture<V>;[CheckedFuture<V,X>];2;[[V, X extends Exception], [V, X extends Exception]];[GwtIncompatible];
;;guava;adce8999989d80c80fda3607dac324cbd47681c1;/home/luna/TG/java-projects/guava/guava/src/com/google/common/util/concurrent/SettableFuture.java;22;65;SettableFuture;AbstractFuture.TrustedFuture<V>;[];1;[[V]];[GwtCompatible];
;;guava;adce8999989d80c80fda3607dac324cbd47681c1;/home/luna/TG/java-projects/guava/guava/src/com/google/common/util/concurrent/Monitor.java;29;1148;Monitor;null;[];0;[];[Beta, GwtIncompatible];
;;guava;adce8999989d80c80fda3607dac324cbd47681c1;/home/luna/TG/java-projects/guava/guava/src/com/google/common/util/concurrent/Monitor.java;290;325;Guard;null;[];0;[];[Beta];
;;guava;adce8999989d80c80fda3607dac324cbd47681c1;/home/luna/TG/java-projects/guava/guava/src/com/google/common/util/concurrent/UncheckedExecutionException.java;20;65;UncheckedExecutionException;RuntimeException;[];0;[];[GwtCompatible];
;;guava;adce8999989d80c80fda3607dac324cbd47681c1;/home/luna/TG/java-projects/guava/guava/src/com/google/common/util/concurrent/SerializingExecutor.java;26;194;SerializingExecutor;null;[Executor];0;[];[GwtIncompatible];
;;guava;adce8999989d80c80fda3607dac324cbd47681c1;/home/luna/TG/java-projects/guava/guava/src/com/google/common/util/concurrent/SerializingExecutor.java;154;193;QueueWorker;null;[Runnable];0;[];[];
;;guava;adce8999989d80c80fda3607dac324cbd47681c1;/home/luna/TG/java-projects/guava/guava/src/com/google/common/util/concurrent/ExecutionList.java;26;164;ExecutionList;null;[];0;[];[GwtIncompatible];
;;guava;adce8999989d80c80fda3607dac324cbd47681c1;/home/luna/TG/java-projects/guava/guava/src/com/google/common/util/concurrent/ExecutionList.java;153;163;RunnableExecutorPair;null;[];0;[];[];
;;guava;adce8999989d80c80fda3607dac324cbd47681c1;/home/luna/TG/java-projects/guava/guava/src/com/google/common/util/concurrent/AbstractListeningExecutorService.java;25;68;AbstractListeningExecutorService;AbstractExecutorService;[ListeningExecutorService];0;[];[Beta, CanIgnoreReturnValue, GwtIncompatible];
;;guava;adce8999989d80c80fda3607dac324cbd47681c1;/home/luna/TG/java-projects/guava/guava/src/com/google/common/util/concurrent/AbstractTransformFuture.java;31;248;AbstractTransformFuture;AbstractFuture.TrustedFuture<O>;[Runnable];4;[[I, O, F, T], [I, O, F, T], [I, O, F, T], [I, O, F, T]];[GwtCompatible];
;;guava;adce8999989d80c80fda3607dac324cbd47681c1;/home/luna/TG/java-projects/guava/guava/src/com/google/common/util/concurrent/AbstractTransformFuture.java;196;223;AsyncTransformFuture;AbstractTransformFuture<I,O,AsyncFunction<? super I,? extends O>,ListenableFuture<? extends O>>;[];2;[[I, O], [I, O]];[];
;;guava;adce8999989d80c80fda3607dac324cbd47681c1;/home/luna/TG/java-projects/guava/guava/src/com/google/common/util/concurrent/AbstractTransformFuture.java;225;247;TransformFuture;AbstractTransformFuture<I,O,Function<? super I,? extends O>,O>;[];2;[[I, O], [I, O]];[];
;;guava;adce8999989d80c80fda3607dac324cbd47681c1;/home/luna/TG/java-projects/guava/guava/src/com/google/common/util/concurrent/AbstractFuture.java;41;1116;AbstractFuture;null;[ListenableFuture<V>];1;[[V]];[GwtCompatible];
;;guava;adce8999989d80c80fda3607dac324cbd47681c1;/home/luna/TG/java-projects/guava/guava/src/com/google/common/util/concurrent/AbstractFuture.java;68;106;TrustedFuture;AbstractFuture<V>;[];1;[[V]];[];
;;guava;adce8999989d80c80fda3607dac324cbd47681c1;/home/luna/TG/java-projects/guava/guava/src/com/google/common/util/concurrent/AbstractFuture.java;152;188;Waiter;null;[];0;[];[];
;;guava;adce8999989d80c80fda3607dac324cbd47681c1;/home/luna/TG/java-projects/guava/guava/src/com/google/common/util/concurrent/AbstractFuture.java;228;241;Listener;null;[];0;[];[];
;;guava;adce8999989d80c80fda3607dac324cbd47681c1;/home/luna/TG/java-projects/guava/guava/src/com/google/common/util/concurrent/AbstractFuture.java;246;261;Failure;null;[];0;[];[];
;;guava;adce8999989d80c80fda3607dac324cbd47681c1;/home/luna/TG/java-projects/guava/guava/src/com/google/common/util/concurrent/AbstractFuture.java;263;272;Cancellation;null;[];0;[];[];
;;guava;adce8999989d80c80fda3607dac324cbd47681c1;/home/luna/TG/java-projects/guava/guava/src/com/google/common/util/concurrent/AbstractFuture.java;274;295;SetFuture;null;[Runnable];1;[[V]];[];
;;guava;adce8999989d80c80fda3607dac324cbd47681c1;/home/luna/TG/java-projects/guava/guava/src/com/google/common/util/concurrent/AbstractFuture.java;912;927;AtomicHelper;null;[];0;[];[];
;;guava;adce8999989d80c80fda3607dac324cbd47681c1;/home/luna/TG/java-projects/guava/guava/src/com/google/common/util/concurrent/AbstractFuture.java;929;1010;UnsafeAtomicHelper;AtomicHelper;[];0;[];[];
;;guava;adce8999989d80c80fda3607dac324cbd47681c1;/home/luna/TG/java-projects/guava/guava/src/com/google/common/util/concurrent/AbstractFuture.java;1012;1057;SafeAtomicHelper;AtomicHelper;[];0;[];[];
;;guava;adce8999989d80c80fda3607dac324cbd47681c1;/home/luna/TG/java-projects/guava/guava/src/com/google/common/util/concurrent/AbstractFuture.java;1059;1108;SynchronizedHelper;AtomicHelper;[];0;[];[];
;;guava;adce8999989d80c80fda3607dac324cbd47681c1;/home/luna/TG/java-projects/guava/guava/src/com/google/common/util/concurrent/AsyncCallable.java;21;41;AsyncCallable;null;[];1;[[V]];[Beta, GwtCompatible];
;;guava;adce8999989d80c80fda3607dac324cbd47681c1;/home/luna/TG/java-projects/guava/guava/src/com/google/common/util/concurrent/ListenableFuture.java;22;141;ListenableFuture;null;[Future<V>];1;[[V]];[GwtCompatible];
;;guava;adce8999989d80c80fda3607dac324cbd47681c1;/home/luna/TG/java-projects/guava/guava/src/com/google/common/util/concurrent/ExecutionError.java;20;59;ExecutionError;Error;[];0;[];[GwtCompatible];
;;guava;adce8999989d80c80fda3607dac324cbd47681c1;/home/luna/TG/java-projects/guava/guava/src/com/google/common/util/concurrent/AtomicDouble.java;24;257;AtomicDouble;Number;[java.io.Serializable];0;[];[GwtIncompatible];
;;guava;adce8999989d80c80fda3607dac324cbd47681c1;/home/luna/TG/java-projects/guava/guava/src/com/google/common/util/concurrent/AtomicDoubleArray.java;23;274;AtomicDoubleArray;null;[java.io.Serializable];0;[];[GwtIncompatible];
;;guava;adce8999989d80c80fda3607dac324cbd47681c1;/home/luna/TG/java-projects/guava/guava/src/com/google/common/util/concurrent/AbstractCatchingFuture.java;30;213;AbstractCatchingFuture;AbstractFuture.TrustedFuture<V>;[Runnable];4;[[V, X extends Throwable, F, T], [V, X extends Throwable, F, T], [V, X extends Throwable, F, T], [V, X extends Throwable, F, T]];[GwtCompatible];
;;guava;adce8999989d80c80fda3607dac324cbd47681c1;/home/luna/TG/java-projects/guava/guava/src/com/google/common/util/concurrent/AbstractCatchingFuture.java;158;187;AsyncCatchingFuture;AbstractCatchingFuture<V,X,AsyncFunction<? super X,? extends V>,ListenableFuture<? extends V>>;[];2;[[V, X extends Throwable], [V, X extends Throwable]];[];
;;guava;adce8999989d80c80fda3607dac324cbd47681c1;/home/luna/TG/java-projects/guava/guava/src/com/google/common/util/concurrent/AbstractCatchingFuture.java;189;212;CatchingFuture;AbstractCatchingFuture<V,X,Function<? super X,? extends V>,V>;[];2;[[V, X extends Throwable], [V, X extends Throwable]];[];
;;guava;adce8999989d80c80fda3607dac324cbd47681c1;/home/luna/TG/java-projects/guava/guava/src/com/google/common/util/concurrent/AbstractExecutionThreadService.java;27;261;AbstractExecutionThreadService;null;[Service];0;[];[Beta, GwtIncompatible];
;;guava;adce8999989d80c80fda3607dac324cbd47681c1;/home/luna/TG/java-projects/guava/guava/src/com/google/common/util/concurrent/FutureCallback.java;22;45;FutureCallback;null;[];1;[[V]];[GwtCompatible];
;;guava;adce8999989d80c80fda3607dac324cbd47681c1;/home/luna/TG/java-projects/guava/guava/src/com/google/common/util/concurrent/CollectionFuture.java;29;113;CollectionFuture;AggregateFuture<V,C>;[];2;[[V, C], [V, C]];[GwtCompatible];
;;guava;adce8999989d80c80fda3607dac324cbd47681c1;/home/luna/TG/java-projects/guava/guava/src/com/google/common/util/concurrent/CollectionFuture.java;35;86;CollectionFutureRunningState;RunningState;[];0;[];[];
;;guava;adce8999989d80c80fda3607dac324cbd47681c1;/home/luna/TG/java-projects/guava/guava/src/com/google/common/util/concurrent/CollectionFuture.java;88;112;ListFuture;CollectionFuture<V,List<V>>;[];1;[[V]];[];
;;guava;adce8999989d80c80fda3607dac324cbd47681c1;/home/luna/TG/java-projects/guava/guava/src/com/google/common/util/concurrent/CollectionFuture.java;96;111;ListFutureRunningState;CollectionFutureRunningState;[];0;[];[];
;;guava;adce8999989d80c80fda3607dac324cbd47681c1;/home/luna/TG/java-projects/guava/guava/src/com/google/common/util/concurrent/FutureFallback.java;24;48;FutureFallback;null;[];1;[[V]];[Beta];
;;guava;adce8999989d80c80fda3607dac324cbd47681c1;/home/luna/TG/java-projects/guava/guava/src/com/google/common/util/concurrent/FuturesGetChecked.java;41;312;FuturesGetChecked;null;[];0;[];[GwtIncompatible];
;;guava;adce8999989d80c80fda3607dac324cbd47681c1;/home/luna/TG/java-projects/guava/guava/src/com/google/common/util/concurrent/FuturesGetChecked.java;91;94;GetCheckedTypeValidator;null;[];0;[];[VisibleForTesting];
;;guava;adce8999989d80c80fda3607dac324cbd47681c1;/home/luna/TG/java-projects/guava/guava/src/com/google/common/util/concurrent/FuturesGetChecked.java;111;201;GetCheckedTypeValidatorHolder;null;[];0;[];[VisibleForTesting];
;;guava;adce8999989d80c80fda3607dac324cbd47681c1;/home/luna/TG/java-projects/guava/guava/src/com/google/common/util/concurrent/ForwardingBlockingDeque.java;25;130;ForwardingBlockingDeque;ForwardingDeque<E>;[BlockingDeque<E>];1;[[E]];[GwtIncompatible];
;;guava;adce8999989d80c80fda3607dac324cbd47681c1;/home/luna/TG/java-projects/guava/guava/src/com/google/common/util/concurrent/ForwardingCheckedFuture.java;24;78;ForwardingCheckedFuture;ForwardingListenableFuture<V>;[CheckedFuture<V,X>];2;[[V, X extends Exception], [V, X extends Exception]];[Beta, GwtIncompatible];
;;guava;adce8999989d80c80fda3607dac324cbd47681c1;/home/luna/TG/java-projects/guava/guava/src/com/google/common/util/concurrent/ForwardingCheckedFuture.java;58;77;SimpleForwardingCheckedFuture;ForwardingCheckedFuture<V,X>;[];2;[[V, X extends Exception], [V, X extends Exception]];[Beta];
;;guava;adce8999989d80c80fda3607dac324cbd47681c1;/home/luna/TG/java-projects/guava/guava/src/com/google/common/util/concurrent/CheckedFuture.java;26;81;CheckedFuture;null;[ListenableFuture<V>];2;[[V, X extends Exception], [V, X extends Exception]];[Beta, CanIgnoreReturnValue, GwtCompatible];
;;guava;adce8999989d80c80fda3607dac324cbd47681c1;/home/luna/TG/java-projects/guava/guava/src/com/google/common/util/concurrent/RateLimiter.java;34;430;RateLimiter;null;[];0;[];[ThreadSafe, Beta, GwtIncompatible];
;;guava;adce8999989d80c80fda3607dac324cbd47681c1;/home/luna/TG/java-projects/guava/guava/src/com/google/common/util/concurrent/RateLimiter.java;395;425;SleepingStopwatch;null;[];0;[];[];
;;guava;adce8999989d80c80fda3607dac324cbd47681c1;/home/luna/TG/java-projects/guava/guava/src/com/google/common/util/concurrent/AbstractService.java;44;598;AbstractService;null;[Service];0;[];[Beta, GwtIncompatible];
;;guava;adce8999989d80c80fda3607dac324cbd47681c1;/home/luna/TG/java-projects/guava/guava/src/com/google/common/util/concurrent/AbstractService.java;104;114;IsStartableGuard;Guard;[];0;[];[WeakOuter];
;;guava;adce8999989d80c80fda3607dac324cbd47681c1;/home/luna/TG/java-projects/guava/guava/src/com/google/common/util/concurrent/AbstractService.java;118;128;IsStoppableGuard;Guard;[];0;[];[WeakOuter];
;;guava;adce8999989d80c80fda3607dac324cbd47681c1;/home/luna/TG/java-projects/guava/guava/src/com/google/common/util/concurrent/AbstractService.java;132;142;HasReachedRunningGuard;Guard;[];0;[];[WeakOuter];
;;guava;adce8999989d80c80fda3607dac324cbd47681c1;/home/luna/TG/java-projects/guava/guava/src/com/google/common/util/concurrent/AbstractService.java;146;156;IsStoppedGuard;Guard;[];0;[];[WeakOuter];
;;guava;adce8999989d80c80fda3607dac324cbd47681c1;/home/luna/TG/java-projects/guava/guava/src/com/google/common/util/concurrent/AbstractService.java;536;597;StateSnapshot;null;[];0;[];[Immutable];
;;guava;adce8999989d80c80fda3607dac324cbd47681c1;/home/luna/TG/java-projects/guava/guava/src/com/google/common/util/concurrent/Partially.java;24;49;Partially;null;[];0;[];[GwtCompatible];
;;guava;adce8999989d80c80fda3607dac324cbd47681c1;/home/luna/TG/java-projects/guava/guava/src/com/google/common/util/concurrent/SmoothRateLimiter.java;24;397;SmoothRateLimiter;RateLimiter;[];0;[];[GwtIncompatible];
;;guava;adce8999989d80c80fda3607dac324cbd47681c1;/home/luna/TG/java-projects/guava/guava/src/com/google/common/util/concurrent/SmoothRateLimiter.java;141;268;SmoothWarmingUp;SmoothRateLimiter;[];0;[];[];
;;guava;adce8999989d80c80fda3607dac324cbd47681c1;/home/luna/TG/java-projects/guava/guava/src/com/google/common/util/concurrent/SmoothRateLimiter.java;270;309;SmoothBursty;SmoothRateLimiter;[];0;[];[];
;;guava;adce8999989d80c80fda3607dac324cbd47681c1;/home/luna/TG/java-projects/guava/guava/src/com/google/common/util/concurrent/ForwardingService.java;24;96;ForwardingService;ForwardingObject;[Service];0;[];[Beta];
;;guava;adce8999989d80c80fda3607dac324cbd47681c1;/home/luna/TG/java-projects/guava/guava/src/com/google/common/util/concurrent/InterruptibleTask.java;24;121;InterruptibleTask;null;[Runnable];0;[];[GwtCompatible];
;;guava;adce8999989d80c80fda3607dac324cbd47681c1;/home/luna/TG/java-projects/guava/guava/src/com/google/common/util/concurrent/InterruptibleTask.java;89;95;AtomicHelper;null;[];0;[];[];
;;guava;adce8999989d80c80fda3607dac324cbd47681c1;/home/luna/TG/java-projects/guava/guava/src/com/google/common/util/concurrent/InterruptibleTask.java;97;108;SafeAtomicHelper;AtomicHelper;[];0;[];[];
;;guava;adce8999989d80c80fda3607dac324cbd47681c1;/home/luna/TG/java-projects/guava/guava/src/com/google/common/util/concurrent/InterruptibleTask.java;110;120;SynchronizedAtomicHelper;AtomicHelper;[];0;[];[];
;;guava;adce8999989d80c80fda3607dac324cbd47681c1;/home/luna/TG/java-projects/guava/guava/src/com/google/common/util/concurrent/SimpleTimeLimiter.java;38;191;SimpleTimeLimiter;null;[TimeLimiter];0;[];[Beta, GwtIncompatible];
;;guava;adce8999989d80c80fda3607dac324cbd47681c1;/home/luna/TG/java-projects/guava/guava/src/com/google/common/util/concurrent/ExecutionQueue.java;33;157;ExecutionQueue;null;[];0;[];[ThreadSafe];
;;guava;adce8999989d80c80fda3607dac324cbd47681c1;/home/luna/TG/java-projects/guava/guava/src/com/google/common/util/concurrent/ExecutionQueue.java;95;156;RunnableExecutorPair;null;[Runnable];0;[];[];
;;guava;adce8999989d80c80fda3607dac324cbd47681c1;/home/luna/TG/java-projects/guava/guava/src/com/google/common/util/concurrent/Runnables.java;20;43;Runnables;null;[];0;[];[Beta, GwtCompatible];
;;guava;adce8999989d80c80fda3607dac324cbd47681c1;/home/luna/TG/java-projects/guava/guava/src/com/google/common/util/concurrent/TimeLimiter.java;23;98;TimeLimiter;null;[];0;[];[Beta, GwtIncompatible];
;;guava;adce8999989d80c80fda3607dac324cbd47681c1;/home/luna/TG/java-projects/guava/guava/src/com/google/common/util/concurrent/ForwardingListeningExecutorService.java;21;54;ForwardingListeningExecutorService;ForwardingExecutorService;[ListeningExecutorService];0;[];[CanIgnoreReturnValue, GwtIncompatible];
;;guava;adce8999989d80c80fda3607dac324cbd47681c1;/home/luna/TG/java-projects/guava/guava/src/com/google/common/util/concurrent/FakeTimeLimiter.java;25;54;FakeTimeLimiter;null;[TimeLimiter];0;[];[Beta, CanIgnoreReturnValue, GwtIncompatible];
;;guava;adce8999989d80c80fda3607dac324cbd47681c1;/home/luna/TG/java-projects/guava/guava/src/com/google/common/util/concurrent/ListenerCallQueue.java;28;140;ListenerCallQueue;null;[Runnable];1;[[L]];[GwtIncompatible];
;;guava;adce8999989d80c80fda3607dac324cbd47681c1;/home/luna/TG/java-projects/guava/guava/src/com/google/common/util/concurrent/ListenerCallQueue.java;40;55;Callback;null;[];1;[[L]];[];
;;guava;adce8999989d80c80fda3607dac324cbd47681c1;/home/luna/TG/java-projects/guava/guava/src/com/google/common/util/concurrent/UncaughtExceptionHandlers.java;25;81;UncaughtExceptionHandlers;null;[];0;[];[GwtIncompatible];
;;guava;adce8999989d80c80fda3607dac324cbd47681c1;/home/luna/TG/java-projects/guava/guava/src/com/google/common/util/concurrent/UncaughtExceptionHandlers.java;55;80;Exiter;null;[UncaughtExceptionHandler];0;[];[VisibleForTesting];
;;guava;adce8999989d80c80fda3607dac324cbd47681c1;/home/luna/TG/java-projects/guava/guava/src/com/google/common/util/concurrent/ForwardingFuture.java;26;90;ForwardingFuture;ForwardingObject;[Future<V>];1;[[V]];[CanIgnoreReturnValue, GwtCompatible];
;;guava;adce8999989d80c80fda3607dac324cbd47681c1;/home/luna/TG/java-projects/guava/guava/src/com/google/common/util/concurrent/ForwardingFuture.java;72;89;SimpleForwardingFuture;ForwardingFuture<V>;[];1;[[V]];[];
;;guava;adce8999989d80c80fda3607dac324cbd47681c1;/home/luna/TG/java-projects/guava/guava/src/com/google/common/util/concurrent/ListeningScheduledExecutorService.java;24;56;ListeningScheduledExecutorService;null;[ScheduledExecutorService, ListeningExecutorService];0;[];[Beta, CanIgnoreReturnValue, GwtIncompatible];
;;guava;adce8999989d80c80fda3607dac324cbd47681c1;/home/luna/TG/java-projects/guava/guava/src/com/google/common/util/concurrent/ServiceManager.java;69;845;ServiceManager;null;[];0;[];[Beta, GwtIncompatible];
;;guava;adce8999989d80c80fda3607dac324cbd47681c1;/home/luna/TG/java-projects/guava/guava/src/com/google/common/util/concurrent/ServiceManager.java;140;173;Listener;null;[];0;[];[Beta];
;;guava;adce8999989d80c80fda3607dac324cbd47681c1;/home/luna/TG/java-projects/guava/guava/src/com/google/common/util/concurrent/ServiceManager.java;401;746;ServiceManagerState;null;[];0;[];[];
;;guava;adce8999989d80c80fda3607dac324cbd47681c1;/home/luna/TG/java-projects/guava/guava/src/com/google/common/util/concurrent/ServiceManager.java;445;459;AwaitHealthGuard;Monitor.Guard;[];0;[];[WeakOuter];
;;guava;adce8999989d80c80fda3607dac324cbd47681c1;/home/luna/TG/java-projects/guava/guava/src/com/google/common/util/concurrent/ServiceManager.java;466;476;StoppedGuard;Monitor.Guard;[];0;[];[WeakOuter];
;;guava;adce8999989d80c80fda3607dac324cbd47681c1;/home/luna/TG/java-projects/guava/guava/src/com/google/common/util/concurrent/ServiceManager.java;748;821;ServiceListener;Service.Listener;[];0;[];[];
;;guava;adce8999989d80c80fda3607dac324cbd47681c1;/home/luna/TG/java-projects/guava/guava/src/com/google/common/util/concurrent/ServiceManager.java;823;841;NoOpService;AbstractService;[];0;[];[];
;;guava;adce8999989d80c80fda3607dac324cbd47681c1;/home/luna/TG/java-projects/guava/guava/src/com/google/common/util/concurrent/ServiceManager.java;843;844;EmptyServiceManagerWarning;Throwable;[];0;[];[];
;;guava;adce8999989d80c80fda3607dac324cbd47681c1;/home/luna/TG/java-projects/guava/guava/src/com/google/common/util/concurrent/UncheckedTimeoutException.java;20;43;UncheckedTimeoutException;RuntimeException;[];0;[];[GwtIncompatible];
;;guava;adce8999989d80c80fda3607dac324cbd47681c1;/home/luna/TG/java-projects/guava/guava/src/com/google/common/util/concurrent/GwtFuturesCatchingSpecialization.java;19;31;GwtFuturesCatchingSpecialization;null;[];0;[];[GwtCompatible];
;;guava;adce8999989d80c80fda3607dac324cbd47681c1;/home/luna/TG/java-projects/guava/guava/src/com/google/common/util/concurrent/WrappingScheduledExecutorService.java;23;63;WrappingScheduledExecutorService;WrappingExecutorService;[ScheduledExecutorService];0;[];[CanIgnoreReturnValue, GwtIncompatible];
;;guava;adce8999989d80c80fda3607dac324cbd47681c1;/home/luna/TG/java-projects/guava/guava/src/com/google/common/util/concurrent/Atomics.java;22;71;Atomics;null;[];0;[];[GwtIncompatible];
;;guava;adce8999989d80c80fda3607dac324cbd47681c1;/home/luna/TG/java-projects/guava/guava/src/com/google/common/util/concurrent/ForwardingBlockingQueue.java;24;84;ForwardingBlockingQueue;ForwardingQueue<E>;[BlockingQueue<E>];1;[[E]];[CanIgnoreReturnValue, GwtIncompatible];
;;guava;adce8999989d80c80fda3607dac324cbd47681c1;/home/luna/TG/java-projects/guava/guava/src/com/google/common/util/concurrent/AbstractIdleService.java;26;211;AbstractIdleService;null;[Service];0;[];[Beta, GwtIncompatible];
;;guava;adce8999989d80c80fda3607dac324cbd47681c1;/home/luna/TG/java-projects/guava/guava/src/com/google/common/util/concurrent/AbstractIdleService.java;41;47;ThreadNameSupplier;null;[Supplier<String>];0;[];[WeakOuter];
;;guava;adce8999989d80c80fda3607dac324cbd47681c1;/home/luna/TG/java-projects/guava/guava/src/com/google/common/util/concurrent/AbstractIdleService.java;52;92;DelegateService;AbstractService;[];0;[];[WeakOuter];
;;guava;adce8999989d80c80fda3607dac324cbd47681c1;/home/luna/TG/java-projects/guava/guava/src/com/google/common/util/concurrent/CombinedFuture.java;30;169;CombinedFuture;AggregateFuture<Object,V>;[];1;[[V]];[GwtCompatible];
;;guava;adce8999989d80c80fda3607dac324cbd47681c1;/home/luna/TG/java-projects/guava/guava/src/com/google/common/util/concurrent/CombinedFuture.java;57;94;CombinedFutureRunningState;RunningState;[];0;[];[];
;;guava;adce8999989d80c80fda3607dac324cbd47681c1;/home/luna/TG/java-projects/guava/guava/src/com/google/common/util/concurrent/CombinedFuture.java;96;138;CombinedFutureInterruptibleTask;InterruptibleTask;[];0;[];[WeakOuter];
;;guava;adce8999989d80c80fda3607dac324cbd47681c1;/home/luna/TG/java-projects/guava/guava/src/com/google/common/util/concurrent/CombinedFuture.java;140;153;AsyncCallableInterruptibleTask;CombinedFutureInterruptibleTask;[];0;[];[WeakOuter];
;;guava;adce8999989d80c80fda3607dac324cbd47681c1;/home/luna/TG/java-projects/guava/guava/src/com/google/common/util/concurrent/CombinedFuture.java;155;168;CallableInterruptibleTask;CombinedFutureInterruptibleTask;[];0;[];[WeakOuter];
;;guava;adce8999989d80c80fda3607dac324cbd47681c1;/home/luna/TG/java-projects/guava/guava/src/com/google/common/util/concurrent/AbstractScheduledService.java;39;611;AbstractScheduledService;null;[Service];0;[];[Beta, GwtIncompatible];
;;guava;adce8999989d80c80fda3607dac324cbd47681c1;/home/luna/TG/java-projects/guava/guava/src/com/google/common/util/concurrent/AbstractScheduledService.java;98;159;Scheduler;null;[];0;[];[];
;;guava;adce8999989d80c80fda3607dac324cbd47681c1;/home/luna/TG/java-projects/guava/guava/src/com/google/common/util/concurrent/AbstractScheduledService.java;164;274;ServiceDelegate;AbstractService;[];0;[];[WeakOuter];
;;guava;adce8999989d80c80fda3607dac324cbd47681c1;/home/luna/TG/java-projects/guava/guava/src/com/google/common/util/concurrent/AbstractScheduledService.java;178;204;Task;null;[Runnable];0;[];[WeakOuter];
;;guava;adce8999989d80c80fda3607dac324cbd47681c1;/home/luna/TG/java-projects/guava/guava/src/com/google/common/util/concurrent/AbstractScheduledService.java;322;328;ThreadFactoryImpl;null;[ThreadFactory];0;[];[WeakOuter];
;;guava;adce8999989d80c80fda3607dac324cbd47681c1;/home/luna/TG/java-projects/guava/guava/src/com/google/common/util/concurrent/AbstractScheduledService.java;445;610;CustomScheduler;Scheduler;[];0;[];[Beta];
;;guava;adce8999989d80c80fda3607dac324cbd47681c1;/home/luna/TG/java-projects/guava/guava/src/com/google/common/util/concurrent/AbstractScheduledService.java;456;567;ReschedulableCallable;ForwardingFuture<Void>;[Callable<Void>];0;[];[];
;;guava;adce8999989d80c80fda3607dac324cbd47681c1;/home/luna/TG/java-projects/guava/guava/src/com/google/common/util/concurrent/AbstractScheduledService.java;577;597;Schedule;null;[];0;[];[Beta];
;;guava;adce8999989d80c80fda3607dac324cbd47681c1;/home/luna/TG/java-projects/guava/guava/src/com/google/common/util/concurrent/Platform.java;20;31;Platform;null;[];0;[];[GwtCompatible];
;;guava;adce8999989d80c80fda3607dac324cbd47681c1;/home/luna/TG/java-projects/guava/guava/src/com/google/common/util/concurrent/AbstractCheckedFuture.java;25;114;AbstractCheckedFuture;ForwardingListenableFuture.SimpleForwardingListenableFuture<V>;[CheckedFuture<V,X>];2;[[V, X extends Exception], [V, X extends Exception]];[Beta, GwtIncompatible];
;;guava;adce8999989d80c80fda3607dac324cbd47681c1;/home/luna/TG/java-projects/guava/guava/src/com/google/common/util/concurrent/MoreExecutors.java;54;966;MoreExecutors;null;[];0;[];[GwtCompatible];
;;guava;adce8999989d80c80fda3607dac324cbd47681c1;/home/luna/TG/java-projects/guava/guava/src/com/google/common/util/concurrent/MoreExecutors.java;165;224;Application;null;[];0;[];[GwtIncompatible, VisibleForTesting];
;;guava;adce8999989d80c80fda3607dac324cbd47681c1;/home/luna/TG/java-projects/guava/guava/src/com/google/common/util/concurrent/MoreExecutors.java;236;340;DirectExecutorService;AbstractListeningExecutorService;[];0;[];[GwtIncompatible];
;;guava;adce8999989d80c80fda3607dac324cbd47681c1;/home/luna/TG/java-projects/guava/guava/src/com/google/common/util/concurrent/MoreExecutors.java;459;496;ListeningDecorator;AbstractListeningExecutorService;[];0;[];[GwtIncompatible];
;;guava;adce8999989d80c80fda3607dac324cbd47681c1;/home/luna/TG/java-projects/guava/guava/src/com/google/common/util/concurrent/MoreExecutors.java;498;594;ScheduledListeningDecorator;ListeningDecorator;[ListeningScheduledExecutorService];0;[];[GwtIncompatible];
;;guava;adce8999989d80c80fda3607dac324cbd47681c1;/home/luna/TG/java-projects/guava/guava/src/com/google/common/util/concurrent/MoreExecutors.java;541;573;ListenableScheduledTask;SimpleForwardingListenableFuture<V>;[ListenableScheduledFuture<V>];1;[[V]];[];
;;guava;adce8999989d80c80fda3607dac324cbd47681c1;/home/luna/TG/java-projects/guava/guava/src/com/google/common/util/concurrent/MoreExecutors.java;575;593;NeverSuccessfulListenableFutureTask;AbstractFuture<Void>;[Runnable];0;[];[GwtIncompatible];
;;guava;adce8999989d80c80fda3607dac324cbd47681c1;/home/luna/TG/java-projects/guava/guava/src/com/google/common/util/concurrent/Service.java;24;308;Service;null;[];0;[];[Beta, GwtIncompatible];
;;guava;adce8999989d80c80fda3607dac324cbd47681c1;/home/luna/TG/java-projects/guava/guava/src/com/google/common/util/concurrent/Service.java;252;307;Listener;null;[];0;[];[Beta];
;;guava;adce8999989d80c80fda3607dac324cbd47681c1;/home/luna/TG/java-projects/guava/guava/src/com/google/common/util/concurrent/AtomicLongMap.java;33;355;AtomicLongMap;null;[Serializable];1;[[K]];[GwtCompatible];
;;guava;adce8999989d80c80fda3607dac324cbd47681c1;/home/luna/TG/java-projects/guava/guava/src/com/google/common/util/concurrent/WrappingExecutorService.java;33;162;WrappingExecutorService;null;[ExecutorService];0;[];[CanIgnoreReturnValue, GwtIncompatible];
;;guava;adce8999989d80c80fda3607dac324cbd47681c1;/home/luna/TG/java-projects/guava/guava/src/com/google/common/util/concurrent/Uninterruptibles.java;33;344;Uninterruptibles;null;[];0;[];[Beta, GwtCompatible];
;;guava;adce8999989d80c80fda3607dac324cbd47681c1;/home/luna/TG/java-projects/guava/guava/src/com/google/common/util/concurrent/AggregateFuture.java;31;290;AggregateFuture;AbstractFuture.TrustedFuture<OutputT>;[];2;[[InputT, OutputT], [InputT, OutputT]];[GwtCompatible];
;;guava;adce8999989d80c80fda3607dac324cbd47681c1;/home/luna/TG/java-projects/guava/guava/src/com/google/common/util/concurrent/AggregateFuture.java;78;272;RunningState;AggregateFutureState;[Runnable];0;[];[];
;;guava;adce8999989d80c80fda3607dac324cbd47681c1;/home/luna/TG/java-projects/guava/guava/src/com/google/common/collect/SortedMultiset.java;26;150;SortedMultiset;null;[SortedMultisetBridge<E>, SortedIterable<E>];1;[[E]];[GwtCompatible];
;;guava;adce8999989d80c80fda3607dac324cbd47681c1;/home/luna/TG/java-projects/guava/guava/src/com/google/common/collect/GeneralRange.java;28;300;GeneralRange;null;[Serializable];1;[[T]];[GwtCompatible];
;;guava;adce8999989d80c80fda3607dac324cbd47681c1;/home/luna/TG/java-projects/guava/guava/src/com/google/common/collect/ImmutableMultisetGwtSerializationDependencies.java;21;40;ImmutableMultisetGwtSerializationDependencies;ImmutableCollection<E>;[];1;[[E]];[GwtCompatible];
;;guava;adce8999989d80c80fda3607dac324cbd47681c1;/home/luna/TG/java-projects/guava/guava/src/com/google/common/collect/ForwardingListIterator.java;23;79;ForwardingListIterator;ForwardingIterator<E>;[ListIterator<E>];1;[[E]];[GwtCompatible];
;;guava;adce8999989d80c80fda3607dac324cbd47681c1;/home/luna/TG/java-projects/guava/guava/src/com/google/common/collect/MutableClassToInstanceMap.java;32;183;MutableClassToInstanceMap;ForwardingMap<Class<? extends B>,B>;[ClassToInstanceMap<B>, Serializable];1;[[B]];[GwtIncompatible, SuppressWarnings];
;;guava;adce8999989d80c80fda3607dac324cbd47681c1;/home/luna/TG/java-projects/guava/guava/src/com/google/common/collect/MutableClassToInstanceMap.java;167;182;SerializedForm;null;[Serializable];1;[[B]];[];
;;guava;adce8999989d80c80fda3607dac324cbd47681c1;/home/luna/TG/java-projects/guava/guava/src/com/google/common/collect/EnumHashBiMap.java;32;129;EnumHashBiMap;AbstractBiMap<K,V>;[];2;[[K extends Enum<K>, V], [K extends Enum<K>, V]];[GwtCompatible];
;;guava;adce8999989d80c80fda3607dac324cbd47681c1;/home/luna/TG/java-projects/guava/guava/src/com/google/common/collect/DiscreteDomains.java;21;51;DiscreteDomains;null;[];0;[];[GwtCompatible, Deprecated];
;;guava;adce8999989d80c80fda3607dac324cbd47681c1;/home/luna/TG/java-projects/guava/guava/src/com/google/common/collect/AbstractSetMultimap.java;26;146;AbstractSetMultimap;AbstractMapBasedMultimap<K,V>;[SetMultimap<K,V>];2;[[K, V], [K, V]];[GwtCompatible];
;;guava;adce8999989d80c80fda3607dac324cbd47681c1;/home/luna/TG/java-projects/guava/guava/src/com/google/common/collect/EmptyImmutableList.java;30;131;EmptyImmutableList;ImmutableList<Object>;[];0;[];[GwtCompatible];
;;guava;adce8999989d80c80fda3607dac324cbd47681c1;/home/luna/TG/java-projects/guava/guava/src/com/google/common/collect/TreeMultiset.java;39;993;TreeMultiset;AbstractSortedMultiset<E>;[Serializable];1;[[E]];[GwtCompatible];
;;guava;adce8999989d80c80fda3607dac324cbd47681c1;/home/luna/TG/java-projects/guava/guava/src/com/google/common/collect/TreeMultiset.java;511;525;Reference;null;[];1;[[T]];[];
;;guava;adce8999989d80c80fda3607dac324cbd47681c1;/home/luna/TG/java-projects/guava/guava/src/com/google/common/collect/TreeMultiset.java;527;945;AvlNode;Multisets.AbstractEntry<E>;[];1;[[E]];[];
;;guava;adce8999989d80c80fda3607dac324cbd47681c1;/home/luna/TG/java-projects/guava/guava/src/com/google/common/collect/ForwardingDeque.java;24;145;ForwardingDeque;ForwardingQueue<E>;[Deque<E>];1;[[E]];[GwtIncompatible];
;;guava;adce8999989d80c80fda3607dac324cbd47681c1;/home/luna/TG/java-projects/guava/guava/src/com/google/common/collect/RegularImmutableAsList.java;23;75;RegularImmutableAsList;ImmutableAsList<E>;[];1;[[E]];[GwtCompatible, SuppressWarnings];
;;guava;adce8999989d80c80fda3607dac324cbd47681c1;/home/luna/TG/java-projects/guava/guava/src/com/google/common/collect/FilteredMultimap.java;23;33;FilteredMultimap;null;[Multimap<K,V>];2;[[K, V], [K, V]];[GwtCompatible];
;;guava;adce8999989d80c80fda3607dac324cbd47681c1;/home/luna/TG/java-projects/guava/guava/src/com/google/common/collect/WellBehavedMap.java;25;101;WellBehavedMap;ForwardingMap<K,V>;[];2;[[K, V], [K, V]];[GwtCompatible];
;;guava;adce8999989d80c80fda3607dac324cbd47681c1;/home/luna/TG/java-projects/guava/guava/src/com/google/common/collect/WellBehavedMap.java;69;100;EntrySet;Maps.EntrySet<K,V>;[];0;[];[WeakOuter];
;;guava;adce8999989d80c80fda3607dac324cbd47681c1;/home/luna/TG/java-projects/guava/guava/src/com/google/common/collect/AllEqualOrdering.java;24;64;AllEqualOrdering;Ordering<Object>;[Serializable];0;[];[GwtCompatible];
;;guava;adce8999989d80c80fda3607dac324cbd47681c1;/home/luna/TG/java-projects/guava/guava/src/com/google/common/collect/AbstractIterator.java;25;178;AbstractIterator;UnmodifiableIterator<T>;[];1;[[T]];[GwtCompatible];
;;guava;adce8999989d80c80fda3607dac324cbd47681c1;/home/luna/TG/java-projects/guava/guava/src/com/google/common/collect/EmptyImmutableBiMap.java;25;108;EmptyImmutableBiMap;ImmutableBiMap<Object,Object>;[];0;[];[GwtCompatible, SuppressWarnings];
;;guava;adce8999989d80c80fda3607dac324cbd47681c1;/home/luna/TG/java-projects/guava/guava/src/com/google/common/collect/ByFunctionOrdering.java;27;69;ByFunctionOrdering;Ordering<F>;[Serializable];2;[[F, T], [F, T]];[GwtCompatible];
;;guava;adce8999989d80c80fda3607dac324cbd47681c1;/home/luna/TG/java-projects/guava/guava/src/com/google/common/collect/UnmodifiableIterator.java;22;48;UnmodifiableIterator;null;[Iterator<E>];1;[[E]];[GwtCompatible];
;;guava;adce8999989d80c80fda3607dac324cbd47681c1;/home/luna/TG/java-projects/guava/guava/src/com/google/common/collect/ForwardingIterator.java;23;63;ForwardingIterator;ForwardingObject;[Iterator<T>];1;[[T]];[GwtCompatible];
;;guava;adce8999989d80c80fda3607dac324cbd47681c1;/home/luna/TG/java-projects/guava/guava/src/com/google/common/collect/ImmutableMapKeySet.java;30;100;ImmutableMapKeySet;ImmutableSet.Indexed<K>;[];2;[[K, V], [K, V]];[GwtCompatible];
;;guava;adce8999989d80c80fda3607dac324cbd47681c1;/home/luna/TG/java-projects/guava/guava/src/com/google/common/collect/ImmutableMapKeySet.java;86;99;KeySetSerializedForm;null;[Serializable];1;[[K]];[GwtIncompatible];
;;guava;adce8999989d80c80fda3607dac324cbd47681c1;/home/luna/TG/java-projects/guava/guava/src/com/google/common/collect/Tables.java;41;715;Tables;null;[];0;[];[GwtCompatible];
;;guava;adce8999989d80c80fda3607dac324cbd47681c1;/home/luna/TG/java-projects/guava/guava/src/com/google/common/collect/Tables.java;155;182;ImmutableCell;AbstractCell<R,C,V>;[Serializable];3;[[R, C, V], [R, C, V], [R, C, V]];[];
;;guava;adce8999989d80c80fda3607dac324cbd47681c1;/home/luna/TG/java-projects/guava/guava/src/com/google/common/collect/Tables.java;184;211;AbstractCell;null;[Cell<R,C,V>];3;[[R, C, V], [R, C, V], [R, C, V]];[];
;;guava;adce8999989d80c80fda3607dac324cbd47681c1;/home/luna/TG/java-projects/guava/guava/src/com/google/common/collect/Tables.java;233;345;TransposeTable;AbstractTable<C,R,V>;[];3;[[C, R, V], [C, R, V], [C, R, V]];[];
;;guava;adce8999989d80c80fda3607dac324cbd47681c1;/home/luna/TG/java-projects/guava/guava/src/com/google/common/collect/Tables.java;429;545;TransformedTable;AbstractTable<R,C,V2>;[];4;[[R, C, V1, V2], [R, C, V1, V2], [R, C, V1, V2], [R, C, V1, V2]];[];
;;guava;adce8999989d80c80fda3607dac324cbd47681c1;/home/luna/TG/java-projects/guava/guava/src/com/google/common/collect/Tables.java;564;641;UnmodifiableTable;ForwardingTable<R,C,V>;[Serializable];3;[[R, C, V], [R, C, V], [R, C, V]];[];
;;guava;adce8999989d80c80fda3607dac324cbd47681c1;/home/luna/TG/java-projects/guava/guava/src/com/google/common/collect/Tables.java;666;690;UnmodifiableRowSortedMap;UnmodifiableTable<R,C,V>;[RowSortedTable<R,C,V>];3;[[R, C, V], [R, C, V], [R, C, V]];[];
;;guava;adce8999989d80c80fda3607dac324cbd47681c1;/home/luna/TG/java-projects/guava/guava/src/com/google/common/collect/Multiset.java;34;507;Multiset;null;[Collection<E>];1;[[E]];[GwtCompatible];
;;guava;adce8999989d80c80fda3607dac324cbd47681c1;/home/luna/TG/java-projects/guava/guava/src/com/google/common/collect/Multiset.java;242;309;Entry;null;[];1;[[E]];[];
;;guava;adce8999989d80c80fda3607dac324cbd47681c1;/home/luna/TG/java-projects/guava/guava/src/com/google/common/collect/ForwardingImmutableCollection.java;21;30;ForwardingImmutableCollection;null;[];0;[];[GwtCompatible];
;;guava;adce8999989d80c80fda3607dac324cbd47681c1;/home/luna/TG/java-projects/guava/guava/src/com/google/common/collect/MapMakerInternalMap.java;51;2737;MapMakerInternalMap;AbstractMap<K,V>;[ConcurrentMap<K,V>, Serializable];4;[[K, V, E extends MapMakerInternalMap.InternalEntry<K,V,E>, S extends MapMakerInternalMap.Segment<K,V,E,S>], [K, V, E extends MapMakerInternalMap.InternalEntry<K,V,E>, S extends MapMakerInternalMap.Segment<K,V,E,S>], [K, V, E extends MapMakerInternalMap.InternalEntry<K,V,E>, S extends MapMakerInternalMap.Segment<K,V,E,S>], [K, V, E extends MapMakerInternalMap.InternalEntry<K,V,E>, S extends MapMakerInternalMap.Segment<K,V,E,S>]];[GwtIncompatible];
;;guava;adce8999989d80c80fda3607dac324cbd47681c1;/home/luna/TG/java-projects/guava/guava/src/com/google/common/collect/MapMakerInternalMap.java;245;285;InternalEntryHelper;null;[];4;[[K, V, E extends InternalEntry<K,V,E>, S extends Segment<K,V,E,S>], [K, V, E extends InternalEntry<K,V,E>, S extends Segment<K,V,E,S>], [K, V, E extends InternalEntry<K,V,E>, S extends Segment<K,V,E,S>], [K, V, E extends InternalEntry<K,V,E>, S extends Segment<K,V,E,S>]];[];
;;guava;adce8999989d80c80fda3607dac324cbd47681c1;/home/luna/TG/java-projects/guava/guava/src/com/google/common/collect/MapMakerInternalMap.java;287;312;InternalEntry;null;[];3;[[K, V, E extends InternalEntry<K,V,E>], [K, V, E extends InternalEntry<K,V,E>], [K, V, E extends InternalEntry<K,V,E>]];[];
;;guava;adce8999989d80c80fda3607dac324cbd47681c1;/home/luna/TG/java-projects/guava/guava/src/com/google/common/collect/MapMakerInternalMap.java;319;346;AbstractStrongKeyEntry;null;[InternalEntry<K,V,E>];3;[[K, V, E extends InternalEntry<K,V,E>], [K, V, E extends InternalEntry<K,V,E>], [K, V, E extends InternalEntry<K,V,E>]];[];
;;guava;adce8999989d80c80fda3607dac324cbd47681c1;/home/luna/TG/java-projects/guava/guava/src/com/google/common/collect/MapMakerInternalMap.java;348;350;StrongValueEntry;null;[InternalEntry<K,V,E>];3;[[K, V, E extends InternalEntry<K,V,E>], [K, V, E extends InternalEntry<K,V,E>], [K, V, E extends InternalEntry<K,V,E>]];[];
;;guava;adce8999989d80c80fda3607dac324cbd47681c1;/home/luna/TG/java-projects/guava/guava/src/com/google/common/collect/MapMakerInternalMap.java;352;362;WeakValueEntry;null;[InternalEntry<K,V,E>];3;[[K, V, E extends InternalEntry<K,V,E>], [K, V, E extends InternalEntry<K,V,E>], [K, V, E extends InternalEntry<K,V,E>]];[];
;;guava;adce8999989d80c80fda3607dac324cbd47681c1;/home/luna/TG/java-projects/guava/guava/src/com/google/common/collect/MapMakerInternalMap.java;370;453;StrongKeyStrongValueEntry;AbstractStrongKeyEntry<K,V,StrongKeyStrongValueEntry<K,V>>;[StrongValueEntry<K,V,StrongKeyStrongValueEntry<K,V>>];2;[[K, V], [K, V]];[];
;;guava;adce8999989d80c80fda3607dac324cbd47681c1;/home/luna/TG/java-projects/guava/guava/src/com/google/common/collect/MapMakerInternalMap.java;397;452;Helper;null;[InternalEntryHelper<K,V,StrongKeyStrongValueEntry<K,V>,StrongKeyStrongValueSegment<K,V>>];2;[[K, V], [K, V]];[];
;;guava;adce8999989d80c80fda3607dac324cbd47681c1;/home/luna/TG/java-projects/guava/guava/src/com/google/common/collect/MapMakerInternalMap.java;455;553;StrongKeyWeakValueEntry;AbstractStrongKeyEntry<K,V,StrongKeyWeakValueEntry<K,V>>;[WeakValueEntry<K,V,StrongKeyWeakValueEntry<K,V>>];2;[[K, V], [K, V]];[];
;;guava;adce8999989d80c80fda3607dac324cbd47681c1;/home/luna/TG/java-projects/guava/guava/src/com/google/common/collect/MapMakerInternalMap.java;497;552;Helper;null;[InternalEntryHelper<K,V,StrongKeyWeakValueEntry<K,V>,StrongKeyWeakValueSegment<K,V>>];2;[[K, V], [K, V]];[];
;;guava;adce8999989d80c80fda3607dac324cbd47681c1;/home/luna/TG/java-projects/guava/guava/src/com/google/common/collect/MapMakerInternalMap.java;555;581;AbstractWeakKeyEntry;WeakReference<K>;[InternalEntry<K,V,E>];3;[[K, V, E extends InternalEntry<K,V,E>], [K, V, E extends InternalEntry<K,V,E>], [K, V, E extends InternalEntry<K,V,E>]];[];
;;guava;adce8999989d80c80fda3607dac324cbd47681c1;/home/luna/TG/java-projects/guava/guava/src/com/google/common/collect/MapMakerInternalMap.java;583;669;WeakKeyStrongValueEntry;AbstractWeakKeyEntry<K,V,WeakKeyStrongValueEntry<K,V>>;[StrongValueEntry<K,V,WeakKeyStrongValueEntry<K,V>>];2;[[K, V], [K, V]];[];
;;guava;adce8999989d80c80fda3607dac324cbd47681c1;/home/luna/TG/java-projects/guava/guava/src/com/google/common/collect/MapMakerInternalMap.java;612;668;Helper;null;[InternalEntryHelper<K,V,WeakKeyStrongValueEntry<K,V>,WeakKeyStrongValueSegment<K,V>>];2;[[K, V], [K, V]];[];
;;guava;adce8999989d80c80fda3607dac324cbd47681c1;/home/luna/TG/java-projects/guava/guava/src/com/google/common/collect/MapMakerInternalMap.java;671;775;WeakKeyWeakValueEntry;AbstractWeakKeyEntry<K,V,WeakKeyWeakValueEntry<K,V>>;[WeakValueEntry<K,V,WeakKeyWeakValueEntry<K,V>>];2;[[K, V], [K, V]];[];
;;guava;adce8999989d80c80fda3607dac324cbd47681c1;/home/luna/TG/java-projects/guava/guava/src/com/google/common/collect/MapMakerInternalMap.java;716;774;Helper;null;[InternalEntryHelper<K,V,WeakKeyWeakValueEntry<K,V>,WeakKeyWeakValueSegment<K,V>>];2;[[K, V], [K, V]];[];
;;guava;adce8999989d80c80fda3607dac324cbd47681c1;/home/luna/TG/java-projects/guava/guava/src/com/google/common/collect/MapMakerInternalMap.java;777;797;WeakValueReference;null;[];3;[[K, V, E extends InternalEntry<K,V,E>], [K, V, E extends InternalEntry<K,V,E>], [K, V, E extends InternalEntry<K,V,E>]];[];
;;guava;adce8999989d80c80fda3607dac324cbd47681c1;/home/luna/TG/java-projects/guava/guava/src/com/google/common/collect/MapMakerInternalMap.java;799;828;DummyInternalEntry;null;[InternalEntry<Object,Object,DummyInternalEntry>];0;[];[];
;;guava;adce8999989d80c80fda3607dac324cbd47681c1;/home/luna/TG/java-projects/guava/guava/src/com/google/common/collect/MapMakerInternalMap.java;856;875;WeakValueReferenceImpl;WeakReference<V>;[WeakValueReference<K,V,E>];3;[[K, V, E extends InternalEntry<K,V,E>], [K, V, E extends InternalEntry<K,V,E>], [K, V, E extends InternalEntry<K,V,E>]];[];
;;guava;adce8999989d80c80fda3607dac324cbd47681c1;/home/luna/TG/java-projects/guava/guava/src/com/google/common/collect/MapMakerInternalMap.java;969;1835;Segment;ReentrantLock;[];4;[[K, V, E extends InternalEntry<K,V,E>, S extends Segment<K,V,E,S>], [K, V, E extends InternalEntry<K,V,E>, S extends Segment<K,V,E,S>], [K, V, E extends InternalEntry<K,V,E>, S extends Segment<K,V,E,S>], [K, V, E extends InternalEntry<K,V,E>, S extends Segment<K,V,E,S>]];[SuppressWarnings];
;;guava;adce8999989d80c80fda3607dac324cbd47681c1;/home/luna/TG/java-projects/guava/guava/src/com/google/common/collect/MapMakerInternalMap.java;1837;1859;StrongKeyStrongValueSegment;Segment<K,V,StrongKeyStrongValueEntry<K,V>,StrongKeyStrongValueSegment<K,V>>;[];2;[[K, V], [K, V]];[];
;;guava;adce8999989d80c80fda3607dac324cbd47681c1;/home/luna/TG/java-projects/guava/guava/src/com/google/common/collect/MapMakerInternalMap.java;1861;1925;StrongKeyWeakValueSegment;Segment<K,V,StrongKeyWeakValueEntry<K,V>,StrongKeyWeakValueSegment<K,V>>;[];2;[[K, V], [K, V]];[];
;;guava;adce8999989d80c80fda3607dac324cbd47681c1;/home/luna/TG/java-projects/guava/guava/src/com/google/common/collect/MapMakerInternalMap.java;1927;1965;WeakKeyStrongValueSegment;Segment<K,V,WeakKeyStrongValueEntry<K,V>,WeakKeyStrongValueSegment<K,V>>;[];2;[[K, V], [K, V]];[];
;;guava;adce8999989d80c80fda3607dac324cbd47681c1;/home/luna/TG/java-projects/guava/guava/src/com/google/common/collect/MapMakerInternalMap.java;1967;2037;WeakKeyWeakValueSegment;Segment<K,V,WeakKeyWeakValueEntry<K,V>,WeakKeyWeakValueSegment<K,V>>;[];2;[[K, V], [K, V]];[];
;;guava;adce8999989d80c80fda3607dac324cbd47681c1;/home/luna/TG/java-projects/guava/guava/src/com/google/common/collect/MapMakerInternalMap.java;2039;2057;CleanupMapTask;null;[Runnable];0;[];[];
;;guava;adce8999989d80c80fda3607dac324cbd47681c1;/home/luna/TG/java-projects/guava/guava/src/com/google/common/collect/MapMakerInternalMap.java;2285;2395;HashIterator;null;[Iterator<T>];1;[[T]];[];
;;guava;adce8999989d80c80fda3607dac324cbd47681c1;/home/luna/TG/java-projects/guava/guava/src/com/google/common/collect/MapMakerInternalMap.java;2397;2403;KeyIterator;HashIterator<K>;[];0;[];[];
;;guava;adce8999989d80c80fda3607dac324cbd47681c1;/home/luna/TG/java-projects/guava/guava/src/com/google/common/collect/MapMakerInternalMap.java;2405;2411;ValueIterator;HashIterator<V>;[];0;[];[];
;;guava;adce8999989d80c80fda3607dac324cbd47681c1;/home/luna/TG/java-projects/guava/guava/src/com/google/common/collect/MapMakerInternalMap.java;2413;2458;WriteThroughEntry;AbstractMapEntry<K,V>;[];0;[];[];
;;guava;adce8999989d80c80fda3607dac324cbd47681c1;/home/luna/TG/java-projects/guava/guava/src/com/google/common/collect/MapMakerInternalMap.java;2460;2466;EntryIterator;HashIterator<Entry<K,V>>;[];0;[];[];
;;guava;adce8999989d80c80fda3607dac324cbd47681c1;/home/luna/TG/java-projects/guava/guava/src/com/google/common/collect/MapMakerInternalMap.java;2468;2500;KeySet;SafeToArraySet<K>;[];0;[];[WeakOuter];
;;guava;adce8999989d80c80fda3607dac324cbd47681c1;/home/luna/TG/java-projects/guava/guava/src/com/google/common/collect/MapMakerInternalMap.java;2502;2542;Values;AbstractCollection<V>;[];0;[];[WeakOuter];
;;guava;adce8999989d80c80fda3607dac324cbd47681c1;/home/luna/TG/java-projects/guava/guava/src/com/google/common/collect/MapMakerInternalMap.java;2544;2591;EntrySet;SafeToArraySet<Entry<K,V>>;[];0;[];[WeakOuter];
;;guava;adce8999989d80c80fda3607dac324cbd47681c1;/home/luna/TG/java-projects/guava/guava/src/com/google/common/collect/MapMakerInternalMap.java;2593;2606;SafeToArraySet;AbstractSet<E>;[];1;[[E]];[];
;;guava;adce8999989d80c80fda3607dac324cbd47681c1;/home/luna/TG/java-projects/guava/guava/src/com/google/common/collect/MapMakerInternalMap.java;2629;2696;AbstractSerializationProxy;ForwardingConcurrentMap<K,V>;[Serializable];2;[[K, V], [K, V]];[];
;;guava;adce8999989d80c80fda3607dac324cbd47681c1;/home/luna/TG/java-projects/guava/guava/src/com/google/common/collect/MapMakerInternalMap.java;2698;2736;SerializationProxy;AbstractSerializationProxy<K,V>;[];2;[[K, V], [K, V]];[];
;;guava;adce8999989d80c80fda3607dac324cbd47681c1;/home/luna/TG/java-projects/guava/guava/src/com/google/common/collect/CartesianList.java;27;116;CartesianList;AbstractList<List<E>>;[RandomAccess];1;[[E]];[GwtCompatible];
;;guava;adce8999989d80c80fda3607dac324cbd47681c1;/home/luna/TG/java-projects/guava/guava/src/com/google/common/collect/ForwardingListMultimap.java;24;59;ForwardingListMultimap;ForwardingMultimap<K,V>;[ListMultimap<K,V>];2;[[K, V], [K, V]];[GwtCompatible];
;;guava;adce8999989d80c80fda3607dac324cbd47681c1;/home/luna/TG/java-projects/guava/guava/src/com/google/common/collect/ForwardingImmutableMap.java;21;29;ForwardingImmutableMap;null;[];2;[[K, V], [K, V]];[GwtCompatible];
;;guava;adce8999989d80c80fda3607dac324cbd47681c1;/home/luna/TG/java-projects/guava/guava/src/com/google/common/collect/ImmutableMapValues.java;30;123;ImmutableMapValues;ImmutableCollection<V>;[];2;[[K, V], [K, V]];[GwtCompatible];
;;guava;adce8999989d80c80fda3607dac324cbd47681c1;/home/luna/TG/java-projects/guava/guava/src/com/google/common/collect/ImmutableMapValues.java;109;122;SerializedForm;null;[Serializable];1;[[V]];[GwtIncompatible];
;;guava;adce8999989d80c80fda3607dac324cbd47681c1;/home/luna/TG/java-projects/guava/guava/src/com/google/common/collect/ReverseNaturalOrdering.java;25;101;ReverseNaturalOrdering;Ordering<Comparable>;[Serializable];0;[];[GwtCompatible, SuppressWarnings];
;;guava;adce8999989d80c80fda3607dac324cbd47681c1;/home/luna/TG/java-projects/guava/guava/src/com/google/common/collect/FilteredEntrySetMultimap.java;24;66;FilteredEntrySetMultimap;FilteredEntryMultimap<K,V>;[FilteredSetMultimap<K,V>];2;[[K, V], [K, V]];[GwtCompatible];
;;guava;adce8999989d80c80fda3607dac324cbd47681c1;/home/luna/TG/java-projects/guava/guava/src/com/google/common/collect/RangeGwtSerializationDependencies.java;22;32;RangeGwtSerializationDependencies;null;[Serializable];1;[[C extends Comparable]];[GwtCompatible];
;;guava;adce8999989d80c80fda3607dac324cbd47681c1;/home/luna/TG/java-projects/guava/guava/src/com/google/common/collect/EnumMultiset.java;27;106;EnumMultiset;AbstractMapBasedMultiset<E>;[];1;[[E extends Enum<E>]];[GwtCompatible];
;;guava;adce8999989d80c80fda3607dac324cbd47681c1;/home/luna/TG/java-projects/guava/guava/src/com/google/common/collect/ClassToInstanceMap.java;24;67;ClassToInstanceMap;null;[Map<Class<? extends B>,B>];1;[[B]];[GwtCompatible];
;;guava;adce8999989d80c80fda3607dac324cbd47681c1;/home/luna/TG/java-projects/guava/guava/src/com/google/common/collect/Iterators.java;51;1306;Iterators;null;[];0;[];[GwtCompatible];
;;guava;adce8999989d80c80fda3607dac324cbd47681c1;/home/luna/TG/java-projects/guava/guava/src/com/google/common/collect/Iterators.java;1090;1133;PeekingImpl;null;[PeekingIterator<E>];1;[[E]];[];
;;guava;adce8999989d80c80fda3607dac324cbd47681c1;/home/luna/TG/java-projects/guava/guava/src/com/google/common/collect/Iterators.java;1217;1265;MergingIterator;UnmodifiableIterator<T>;[];1;[[T]];[];
;;guava;adce8999989d80c80fda3607dac324cbd47681c1;/home/luna/TG/java-projects/guava/guava/src/com/google/common/collect/Iterators.java;1267;1298;ConcatenatedIterator;MultitransformedIterator<Iterator<? extends T>,T>;[];1;[[T]];[];
;;guava;adce8999989d80c80fda3607dac324cbd47681c1;/home/luna/TG/java-projects/guava/guava/src/com/google/common/collect/ConsumingQueueIterator.java;24;45;ConsumingQueueIterator;AbstractIterator<T>;[];1;[[T]];[GwtCompatible];
;;guava;adce8999989d80c80fda3607dac324cbd47681c1;/home/luna/TG/java-projects/guava/guava/src/com/google/common/collect/TreeRangeMap.java;42;658;TreeRangeMap;null;[RangeMap<K,V>];2;[[K extends Comparable, V], [K extends Comparable, V]];[Beta, GwtIncompatible];
;;guava;adce8999989d80c80fda3607dac324cbd47681c1;/home/luna/TG/java-projects/guava/guava/src/com/google/common/collect/TreeRangeMap.java;66;101;RangeMapEntry;AbstractMapEntry<Range<K>,V>;[];2;[[K extends Comparable, V], [K extends Comparable, V]];[];
;;guava;adce8999989d80c80fda3607dac324cbd47681c1;/home/luna/TG/java-projects/guava/guava/src/com/google/common/collect/TreeRangeMap.java;218;253;AsMapOfRanges;IteratorBasedAbstractMap<Range<K>,V>;[];0;[];[];
;;guava;adce8999989d80c80fda3607dac324cbd47681c1;/home/luna/TG/java-projects/guava/guava/src/com/google/common/collect/TreeRangeMap.java;328;638;SubRangeMap;null;[RangeMap<K,V>];0;[];[];
;;guava;adce8999989d80c80fda3607dac324cbd47681c1;/home/luna/TG/java-projects/guava/guava/src/com/google/common/collect/TreeRangeMap.java;481;637;SubRangeMapAsMap;AbstractMap<Range<K>,V>;[];0;[];[];
;;guava;adce8999989d80c80fda3607dac324cbd47681c1;/home/luna/TG/java-projects/guava/guava/src/com/google/common/collect/RegularImmutableList.java;23;77;RegularImmutableList;ImmutableList<E>;[];1;[[E]];[GwtCompatible, SuppressWarnings];
;;guava;adce8999989d80c80fda3607dac324cbd47681c1;/home/luna/TG/java-projects/guava/guava/src/com/google/common/collect/AbstractSortedSetMultimap.java;28;142;AbstractSortedSetMultimap;AbstractSetMultimap<K,V>;[SortedSetMultimap<K,V>];2;[[K, V], [K, V]];[GwtCompatible];
;;guava;adce8999989d80c80fda3607dac324cbd47681c1;/home/luna/TG/java-projects/guava/guava/src/com/google/common/collect/MinMaxPriorityQueue.java;45;983;MinMaxPriorityQueue;AbstractQueue<E>;[];1;[[E]];[Beta, GwtCompatible];
;;guava;adce8999989d80c80fda3607dac324cbd47681c1;/home/luna/TG/java-projects/guava/guava/src/com/google/common/collect/MinMaxPriorityQueue.java;154;233;Builder;null;[];1;[[B]];[Beta];
;;guava;adce8999989d80c80fda3607dac324cbd47681c1;/home/luna/TG/java-projects/guava/guava/src/com/google/common/collect/MinMaxPriorityQueue.java;470;478;MoveDesc;null;[];1;[[E]];[];
;;guava;adce8999989d80c80fda3607dac324cbd47681c1;/home/luna/TG/java-projects/guava/guava/src/com/google/common/collect/MinMaxPriorityQueue.java;519;773;Heap;null;[];0;[];[WeakOuter];
;;guava;adce8999989d80c80fda3607dac324cbd47681c1;/home/luna/TG/java-projects/guava/guava/src/com/google/common/collect/MinMaxPriorityQueue.java;775;879;QueueIterator;null;[Iterator<E>];0;[];[];
;;guava;adce8999989d80c80fda3607dac324cbd47681c1;/home/luna/TG/java-projects/guava/guava/src/com/google/common/collect/Iterables.java;43;1098;Iterables;null;[];0;[];[GwtCompatible];
;;guava;adce8999989d80c80fda3607dac324cbd47681c1;/home/luna/TG/java-projects/guava/guava/src/com/google/common/collect/Iterables.java;91;119;UnmodifiableIterable;FluentIterable<T>;[];1;[[T]];[];
;;guava;adce8999989d80c80fda3607dac324cbd47681c1;/home/luna/TG/java-projects/guava/guava/src/com/google/common/collect/SortedIterables.java;23;59;SortedIterables;null;[];0;[];[GwtCompatible];
;;guava;adce8999989d80c80fda3607dac324cbd47681c1;/home/luna/TG/java-projects/guava/guava/src/com/google/common/collect/EmptyImmutableSortedMap.java;25;119;EmptyImmutableSortedMap;ImmutableSortedMap<K,V>;[];2;[[K, V], [K, V]];[SuppressWarnings];
;;guava;adce8999989d80c80fda3607dac324cbd47681c1;/home/luna/TG/java-projects/guava/guava/src/com/google/common/collect/BinaryTreeTraverser.java;30;236;BinaryTreeTraverser;TreeTraverser<T>;[];1;[[T]];[Beta, GwtCompatible];
;;guava;adce8999989d80c80fda3607dac324cbd47681c1;/home/luna/TG/java-projects/guava/guava/src/com/google/common/collect/BinaryTreeTraverser.java;103;129;PreOrderIterator;UnmodifiableIterator<T>;[PeekingIterator<T>];0;[];[];
;;guava;adce8999989d80c80fda3607dac324cbd47681c1;/home/luna/TG/java-projects/guava/guava/src/com/google/common/collect/BinaryTreeTraverser.java;139;170;PostOrderIterator;UnmodifiableIterator<T>;[];0;[];[];
;;guava;adce8999989d80c80fda3607dac324cbd47681c1;/home/luna/TG/java-projects/guava/guava/src/com/google/common/collect/BinaryTreeTraverser.java;197;223;InOrderIterator;AbstractIterator<T>;[];0;[];[];
;;guava;adce8999989d80c80fda3607dac324cbd47681c1;/home/luna/TG/java-projects/guava/guava/src/com/google/common/collect/ImmutableSortedSetFauxverideShim.java;22;187;ImmutableSortedSetFauxverideShim;ImmutableSet<E>;[];1;[[E]];[GwtIncompatible];
;;guava;adce8999989d80c80fda3607dac324cbd47681c1;/home/luna/TG/java-projects/guava/guava/src/com/google/common/collect/FilteredKeyMultimap.java;33;220;FilteredKeyMultimap;AbstractMultimap<K,V>;[FilteredMultimap<K,V>];2;[[K, V], [K, V]];[GwtCompatible];
;;guava;adce8999989d80c80fda3607dac324cbd47681c1;/home/luna/TG/java-projects/guava/guava/src/com/google/common/collect/FilteredKeyMultimap.java;111;133;AddRejectingSet;ForwardingSet<V>;[];2;[[K, V], [K, V]];[];
;;guava;adce8999989d80c80fda3607dac324cbd47681c1;/home/luna/TG/java-projects/guava/guava/src/com/google/common/collect/FilteredKeyMultimap.java;135;172;AddRejectingList;ForwardingList<V>;[];2;[[K, V], [K, V]];[];
;;guava;adce8999989d80c80fda3607dac324cbd47681c1;/home/luna/TG/java-projects/guava/guava/src/com/google/common/collect/FilteredKeyMultimap.java;184;204;Entries;ForwardingCollection<Entry<K,V>>;[];0;[];[WeakOuter];
;;guava;adce8999989d80c80fda3607dac324cbd47681c1;/home/luna/TG/java-projects/guava/guava/src/com/google/common/collect/RegularImmutableSortedMultiset.java;27;132;RegularImmutableSortedMultiset;ImmutableSortedMultiset<E>;[];1;[[E]];[SuppressWarnings, GwtIncompatible];
;;guava;adce8999989d80c80fda3607dac324cbd47681c1;/home/luna/TG/java-projects/guava/guava/src/com/google/common/collect/ImmutableSortedMap.java;44;962;ImmutableSortedMap;ImmutableSortedMapFauxverideShim<K,V>;[NavigableMap<K,V>];2;[[K, V], [K, V]];[GwtCompatible];
;;guava;adce8999989d80c80fda3607dac324cbd47681c1;/home/luna/TG/java-projects/guava/guava/src/com/google/common/collect/ImmutableSortedMap.java;440;566;Builder;ImmutableMap.Builder<K,V>;[];2;[[K, V], [K, V]];[];
;;guava;adce8999989d80c80fda3607dac324cbd47681c1;/home/luna/TG/java-projects/guava/guava/src/com/google/common/collect/ImmutableSortedMap.java;621;663;EntrySet;ImmutableMapEntrySet<K,V>;[];0;[];[WeakOuter];
;;guava;adce8999989d80c80fda3607dac324cbd47681c1;/home/luna/TG/java-projects/guava/guava/src/com/google/common/collect/ImmutableSortedMap.java;930;952;SerializedForm;ImmutableMap.SerializedForm;[];0;[];[];
;;guava;adce8999989d80c80fda3607dac324cbd47681c1;/home/luna/TG/java-projects/guava/guava/src/com/google/common/collect/DenseImmutableTable.java;26;270;DenseImmutableTable;RegularImmutableTable<R,C,V>;[];3;[[R, C, V], [R, C, V], [R, C, V]];[GwtCompatible, Immutable];
;;guava;adce8999989d80c80fda3607dac324cbd47681c1;/home/luna/TG/java-projects/guava/guava/src/com/google/common/collect/DenseImmutableTable.java;77;135;ImmutableArrayMap;IteratorBasedImmutableMap<K,V>;[];2;[[K, V], [K, V]];[];
;;guava;adce8999989d80c80fda3607dac324cbd47681c1;/home/luna/TG/java-projects/guava/guava/src/com/google/common/collect/DenseImmutableTable.java;137;159;Row;ImmutableArrayMap<C,V>;[];0;[];[];
;;guava;adce8999989d80c80fda3607dac324cbd47681c1;/home/luna/TG/java-projects/guava/guava/src/com/google/common/collect/DenseImmutableTable.java;161;183;Column;ImmutableArrayMap<R,V>;[];0;[];[];
;;guava;adce8999989d80c80fda3607dac324cbd47681c1;/home/luna/TG/java-projects/guava/guava/src/com/google/common/collect/DenseImmutableTable.java;185;205;RowMap;ImmutableArrayMap<R,Map<C,V>>;[];0;[];[WeakOuter];
;;guava;adce8999989d80c80fda3607dac324cbd47681c1;/home/luna/TG/java-projects/guava/guava/src/com/google/common/collect/DenseImmutableTable.java;207;227;ColumnMap;ImmutableArrayMap<C,Map<R,V>>;[];0;[];[WeakOuter];
;;guava;adce8999989d80c80fda3607dac324cbd47681c1;/home/luna/TG/java-projects/guava/guava/src/com/google/common/collect/ForwardingMap.java;29;318;ForwardingMap;ForwardingObject;[Map<K,V>];2;[[K, V], [K, V]];[GwtCompatible];
;;guava;adce8999989d80c80fda3607dac324cbd47681c1;/home/luna/TG/java-projects/guava/guava/src/com/google/common/collect/ForwardingMap.java;192;209;StandardKeySet;Maps.KeySet<K,V>;[];0;[];[Beta];
;;guava;adce8999989d80c80fda3607dac324cbd47681c1;/home/luna/TG/java-projects/guava/guava/src/com/google/common/collect/ForwardingMap.java;224;240;StandardValues;Maps.Values<K,V>;[];0;[];[Beta];
;;guava;adce8999989d80c80fda3607dac324cbd47681c1;/home/luna/TG/java-projects/guava/guava/src/com/google/common/collect/ForwardingMap.java;254;273;StandardEntrySet;Maps.EntrySet<K,V>;[];0;[];[Beta];
;;guava;adce8999989d80c80fda3607dac324cbd47681c1;/home/luna/TG/java-projects/guava/guava/src/com/google/common/collect/TreeTraverser.java;30;273;TreeTraverser;null;[];1;[[T]];[Beta, GwtCompatible];
;;guava;adce8999989d80c80fda3607dac324cbd47681c1;/home/luna/TG/java-projects/guava/guava/src/com/google/common/collect/TreeTraverser.java;130;156;PreOrderIterator;UnmodifiableIterator<T>;[];0;[];[];
;;guava;adce8999989d80c80fda3607dac324cbd47681c1;/home/luna/TG/java-projects/guava/guava/src/com/google/common/collect/TreeTraverser.java;192;200;PostOrderNode;null;[];1;[[T]];[];
;;guava;adce8999989d80c80fda3607dac324cbd47681c1;/home/luna/TG/java-projects/guava/guava/src/com/google/common/collect/TreeTraverser.java;202;228;PostOrderIterator;AbstractIterator<T>;[];0;[];[];
;;guava;adce8999989d80c80fda3607dac324cbd47681c1;/home/luna/TG/java-projects/guava/guava/src/com/google/common/collect/TreeTraverser.java;247;272;BreadthFirstIterator;UnmodifiableIterator<T>;[PeekingIterator<T>];0;[];[];
;;guava;adce8999989d80c80fda3607dac324cbd47681c1;/home/luna/TG/java-projects/guava/guava/src/com/google/common/collect/Multisets.java;43;1139;Multisets;null;[];0;[];[GwtCompatible];
;;guava;adce8999989d80c80fda3607dac324cbd47681c1;/home/luna/TG/java-projects/guava/guava/src/com/google/common/collect/Multisets.java;93;188;UnmodifiableMultiset;ForwardingMultiset<E>;[Serializable];1;[[E]];[];
;;guava;adce8999989d80c80fda3607dac324cbd47681c1;/home/luna/TG/java-projects/guava/guava/src/com/google/common/collect/Multisets.java;222;248;ImmutableEntry;AbstractEntry<E>;[Serializable];1;[[E]];[];
;;guava;adce8999989d80c80fda3607dac324cbd47681c1;/home/luna/TG/java-projects/guava/guava/src/com/google/common/collect/Multisets.java;288;361;FilteredMultiset;AbstractMultiset<E>;[];1;[[E]];[];
;;guava;adce8999989d80c80fda3607dac324cbd47681c1;/home/luna/TG/java-projects/guava/guava/src/com/google/common/collect/Multisets.java;797;839;AbstractEntry;null;[Multiset.Entry<E>];1;[[E]];[];
;;guava;adce8999989d80c80fda3607dac324cbd47681c1;/home/luna/TG/java-projects/guava/guava/src/com/google/common/collect/Multisets.java;945;987;ElementSet;Sets.ImprovedAbstractSet<E>;[];1;[[E]];[];
;;guava;adce8999989d80c80fda3607dac324cbd47681c1;/home/luna/TG/java-projects/guava/guava/src/com/google/common/collect/Multisets.java;989;1031;EntrySet;Sets.ImprovedAbstractSet<Entry<E>>;[];1;[[E]];[];
;;guava;adce8999989d80c80fda3607dac324cbd47681c1;/home/luna/TG/java-projects/guava/guava/src/com/google/common/collect/Multisets.java;1040;1088;MultisetIteratorImpl;null;[Iterator<E>];1;[[E]];[];
;;guava;adce8999989d80c80fda3607dac324cbd47681c1;/home/luna/TG/java-projects/guava/guava/src/com/google/common/collect/FilteredKeyListMultimap.java;24;55;FilteredKeyListMultimap;FilteredKeyMultimap<K,V>;[ListMultimap<K,V>];2;[[K, V], [K, V]];[GwtCompatible];
;;guava;adce8999989d80c80fda3607dac324cbd47681c1;/home/luna/TG/java-projects/guava/guava/src/com/google/common/collect/FluentIterable.java;36;849;FluentIterable;null;[Iterable<E>];1;[[E]];[GwtCompatible];
;;guava;adce8999989d80c80fda3607dac324cbd47681c1;/home/luna/TG/java-projects/guava/guava/src/com/google/common/collect/FluentIterable.java;840;848;FromIterableFunction;null;[Function<Iterable<E>,FluentIterable<E>>];1;[[E]];[];
;;guava;adce8999989d80c80fda3607dac324cbd47681c1;/home/luna/TG/java-projects/guava/guava/src/com/google/common/collect/Table.java;27;302;Table;null;[];3;[[R, C, V], [R, C, V], [R, C, V]];[GwtCompatible];
;;guava;adce8999989d80c80fda3607dac324cbd47681c1;/home/luna/TG/java-projects/guava/guava/src/com/google/common/collect/Table.java;262;301;Cell;null;[];3;[[R, C, V], [R, C, V], [R, C, V]];[];
;;guava;adce8999989d80c80fda3607dac324cbd47681c1;/home/luna/TG/java-projects/guava/guava/src/com/google/common/collect/ImmutableCollection.java;38;513;ImmutableCollection;AbstractCollection<E>;[Serializable];1;[[E]];[GwtCompatible, SuppressWarnings];
;;guava;adce8999989d80c80fda3607dac324cbd47681c1;/home/luna/TG/java-projects/guava/guava/src/com/google/common/collect/ImmutableCollection.java;343;450;Builder;null;[];1;[[E]];[];
;;guava;adce8999989d80c80fda3607dac324cbd47681c1;/home/luna/TG/java-projects/guava/guava/src/com/google/common/collect/ImmutableCollection.java;452;512;ArrayBasedBuilder;ImmutableCollection.Builder<E>;[];1;[[E]];[];
;;guava;adce8999989d80c80fda3607dac324cbd47681c1;/home/luna/TG/java-projects/guava/guava/src/com/google/common/collect/ForwardingObject.java;22;76;ForwardingObject;null;[];0;[];[GwtCompatible];
;;guava;adce8999989d80c80fda3607dac324cbd47681c1;/home/luna/TG/java-projects/guava/guava/src/com/google/common/collect/ImmutableTable.java;38;570;ImmutableTable;AbstractTable<R,C,V>;[Serializable];3;[[R, C, V], [R, C, V], [R, C, V]];[GwtCompatible];
;;guava;adce8999989d80c80fda3607dac324cbd47681c1;/home/luna/TG/java-projects/guava/guava/src/com/google/common/collect/ImmutableTable.java;120;145;CollectorState;null;[];3;[[R, C, V], [R, C, V], [R, C, V]];[];
;;guava;adce8999989d80c80fda3607dac324cbd47681c1;/home/luna/TG/java-projects/guava/guava/src/com/google/common/collect/ImmutableTable.java;147;177;MutableCell;AbstractCell<R,C,V>;[];3;[[R, C, V], [R, C, V], [R, C, V]];[];
;;guava;adce8999989d80c80fda3607dac324cbd47681c1;/home/luna/TG/java-projects/guava/guava/src/com/google/common/collect/ImmutableTable.java;240;362;Builder;null;[];3;[[R, C, V], [R, C, V], [R, C, V]];[];
;;guava;adce8999989d80c80fda3607dac324cbd47681c1;/home/luna/TG/java-projects/guava/guava/src/com/google/common/collect/ImmutableTable.java;512;565;SerializedForm;null;[Serializable];0;[];[];
;;guava;adce8999989d80c80fda3607dac324cbd47681c1;/home/luna/TG/java-projects/guava/guava/src/com/google/common/collect/SetMultimap.java;26;121;SetMultimap;null;[Multimap<K,V>];2;[[K, V], [K, V]];[GwtCompatible];
;;guava;adce8999989d80c80fda3607dac324cbd47681c1;/home/luna/TG/java-projects/guava/guava/src/com/google/common/collect/Multimap.java;30;413;Multimap;null;[];2;[[K, V], [K, V]];[GwtCompatible];
;;guava;adce8999989d80c80fda3607dac324cbd47681c1;/home/luna/TG/java-projects/guava/guava/src/com/google/common/collect/FilteredEntryMultimap.java;38;417;FilteredEntryMultimap;AbstractMultimap<K,V>;[FilteredMultimap<K,V>];2;[[K, V], [K, V]];[GwtCompatible];
;;guava;adce8999989d80c80fda3607dac324cbd47681c1;/home/luna/TG/java-projects/guava/guava/src/com/google/common/collect/FilteredEntryMultimap.java;73;84;ValuePredicate;null;[Predicate<V>];0;[];[];
;;guava;adce8999989d80c80fda3607dac324cbd47681c1;/home/luna/TG/java-projects/guava/guava/src/com/google/common/collect/FilteredEntryMultimap.java;166;335;AsMap;ViewCachingAbstractMap<K,Collection<V>>;[];0;[];[WeakOuter];
;;guava;adce8999989d80c80fda3607dac324cbd47681c1;/home/luna/TG/java-projects/guava/guava/src/com/google/common/collect/FilteredEntryMultimap.java;218;238;KeySetImpl;Maps.KeySet<K,Collection<V>>;[];0;[];[WeakOuter];
;;guava;adce8999989d80c80fda3607dac324cbd47681c1;/home/luna/TG/java-projects/guava/guava/src/com/google/common/collect/FilteredEntryMultimap.java;244;287;EntrySetImpl;Maps.EntrySet<K,Collection<V>>;[];0;[];[WeakOuter];
;;guava;adce8999989d80c80fda3607dac324cbd47681c1;/home/luna/TG/java-projects/guava/guava/src/com/google/common/collect/FilteredEntryMultimap.java;293;332;ValuesImpl;Maps.Values<K,Collection<V>>;[];0;[];[WeakOuter];
;;guava;adce8999989d80c80fda3607dac324cbd47681c1;/home/luna/TG/java-projects/guava/guava/src/com/google/common/collect/FilteredEntryMultimap.java;342;416;Keys;Multimaps.Keys<K,V>;[];0;[];[WeakOuter];
;;guava;adce8999989d80c80fda3607dac324cbd47681c1;/home/luna/TG/java-projects/guava/guava/src/com/google/common/collect/ImmutableSetMultimap.java;46;663;ImmutableSetMultimap;ImmutableMultimap<K,V>;[SetMultimap<K,V>];2;[[K, V], [K, V]];[GwtCompatible];
;;guava;adce8999989d80c80fda3607dac324cbd47681c1;/home/luna/TG/java-projects/guava/guava/src/com/google/common/collect/ImmutableSetMultimap.java;234;380;Builder;ImmutableMultimap.Builder<K,V>;[];2;[[K, V], [K, V]];[];
;;guava;adce8999989d80c80fda3607dac324cbd47681c1;/home/luna/TG/java-projects/guava/guava/src/com/google/common/collect/ImmutableSetMultimap.java;547;577;EntrySet;ImmutableSet<Entry<K,V>>;[];2;[[K, V], [K, V]];[];
;;guava;adce8999989d80c80fda3607dac324cbd47681c1;/home/luna/TG/java-projects/guava/guava/src/com/google/common/collect/ForwardingTable.java;25;148;ForwardingTable;ForwardingObject;[Table<R,C,V>];3;[[R, C, V], [R, C, V], [R, C, V]];[GwtCompatible];
;;guava;adce8999989d80c80fda3607dac324cbd47681c1;/home/luna/TG/java-projects/guava/guava/src/com/google/common/collect/ImmutableListMultimap.java;41;513;ImmutableListMultimap;ImmutableMultimap<K,V>;[ListMultimap<K,V>];2;[[K, V], [K, V]];[GwtCompatible];
;;guava;adce8999989d80c80fda3607dac324cbd47681c1;/home/luna/TG/java-projects/guava/guava/src/com/google/common/collect/ImmutableListMultimap.java;214;330;Builder;ImmutableMultimap.Builder<K,V>;[];2;[[K, V], [K, V]];[];
;;guava;adce8999989d80c80fda3607dac324cbd47681c1;/home/luna/TG/java-projects/guava/guava/src/com/google/common/collect/ForwardingSortedSetMultimap.java;24;62;ForwardingSortedSetMultimap;ForwardingSetMultimap<K,V>;[SortedSetMultimap<K,V>];2;[[K, V], [K, V]];[GwtCompatible];
;;guava;adce8999989d80c80fda3607dac324cbd47681c1;/home/luna/TG/java-projects/guava/guava/src/com/google/common/collect/ImmutableMapEntry.java;24;114;ImmutableMapEntry;ImmutableEntry<K,V>;[];2;[[K, V], [K, V]];[GwtIncompatible];
;;guava;adce8999989d80c80fda3607dac324cbd47681c1;/home/luna/TG/java-projects/guava/guava/src/com/google/common/collect/ImmutableMapEntry.java;75;93;NonTerminalImmutableMapEntry;ImmutableMapEntry<K,V>;[];2;[[K, V], [K, V]];[];
;;guava;adce8999989d80c80fda3607dac324cbd47681c1;/home/luna/TG/java-projects/guava/guava/src/com/google/common/collect/ImmutableMapEntry.java;95;113;NonTerminalImmutableBiMapEntry;NonTerminalImmutableMapEntry<K,V>;[];2;[[K, V], [K, V]];[];
;;guava;adce8999989d80c80fda3607dac324cbd47681c1;/home/luna/TG/java-projects/guava/guava/src/com/google/common/collect/MapMaker.java;34;307;MapMaker;null;[];0;[];[GwtCompatible];
;;guava;adce8999989d80c80fda3607dac324cbd47681c1;/home/luna/TG/java-projects/guava/guava/src/com/google/common/collect/RangeSet.java;23;280;RangeSet;null;[];1;[[C extends Comparable]];[Beta, GwtIncompatible];
;;guava;adce8999989d80c80fda3607dac324cbd47681c1;/home/luna/TG/java-projects/guava/guava/src/com/google/common/collect/Lists.java;55;1212;Lists;null;[];0;[];[GwtCompatible];
;;guava;adce8999989d80c80fda3607dac324cbd47681c1;/home/luna/TG/java-projects/guava/guava/src/com/google/common/collect/Lists.java;316;340;OnePlusArrayList;AbstractList<E>;[Serializable, RandomAccess];1;[[E]];[];
;;guava;adce8999989d80c80fda3607dac324cbd47681c1;/home/luna/TG/java-projects/guava/guava/src/com/google/common/collect/Lists.java;363;396;TwoPlusArrayList;AbstractList<E>;[Serializable, RandomAccess];1;[[E]];[];
;;guava;adce8999989d80c80fda3607dac324cbd47681c1;/home/luna/TG/java-projects/guava/guava/src/com/google/common/collect/Lists.java;565;611;TransformingSequentialList;AbstractSequentialList<T>;[Serializable];2;[[F, T], [F, T]];[];
;;guava;adce8999989d80c80fda3607dac324cbd47681c1;/home/luna/TG/java-projects/guava/guava/src/com/google/common/collect/Lists.java;613;678;TransformingRandomAccessList;AbstractList<T>;[RandomAccess, Serializable];2;[[F, T], [F, T]];[];
;;guava;adce8999989d80c80fda3607dac324cbd47681c1;/home/luna/TG/java-projects/guava/guava/src/com/google/common/collect/Lists.java;706;732;Partition;AbstractList<List<T>>;[];1;[[T]];[];
;;guava;adce8999989d80c80fda3607dac324cbd47681c1;/home/luna/TG/java-projects/guava/guava/src/com/google/common/collect/Lists.java;734;738;RandomAccessPartition;Partition<T>;[RandomAccess];1;[[T]];[];
;;guava;adce8999989d80c80fda3607dac324cbd47681c1;/home/luna/TG/java-projects/guava/guava/src/com/google/common/collect/Lists.java;750;790;StringAsImmutableList;ImmutableList<Character>;[];0;[];[SuppressWarnings];
;;guava;adce8999989d80c80fda3607dac324cbd47681c1;/home/luna/TG/java-projects/guava/guava/src/com/google/common/collect/Lists.java;808;825;CharSequenceAsList;AbstractList<Character>;[];0;[];[];
;;guava;adce8999989d80c80fda3607dac324cbd47681c1;/home/luna/TG/java-projects/guava/guava/src/com/google/common/collect/Lists.java;851;987;ReverseList;AbstractList<T>;[];1;[[T]];[];
;;guava;adce8999989d80c80fda3607dac324cbd47681c1;/home/luna/TG/java-projects/guava/guava/src/com/google/common/collect/Lists.java;989;993;RandomAccessReverseList;ReverseList<T>;[RandomAccess];1;[[T]];[];
;;guava;adce8999989d80c80fda3607dac324cbd47681c1;/home/luna/TG/java-projects/guava/guava/src/com/google/common/collect/Lists.java;1156;1197;AbstractListWrapper;AbstractList<E>;[];1;[[E]];[];
;;guava;adce8999989d80c80fda3607dac324cbd47681c1;/home/luna/TG/java-projects/guava/guava/src/com/google/common/collect/Lists.java;1199;1204;RandomAccessListWrapper;AbstractListWrapper<E>;[RandomAccess];1;[[E]];[];
;;guava;adce8999989d80c80fda3607dac324cbd47681c1;/home/luna/TG/java-projects/guava/guava/src/com/google/common/collect/SingletonImmutableBiMap.java;28;107;SingletonImmutableBiMap;ImmutableBiMap<K,V>;[];2;[[K, V], [K, V]];[GwtCompatible, SuppressWarnings];
;;guava;adce8999989d80c80fda3607dac324cbd47681c1;/home/luna/TG/java-projects/guava/guava/src/com/google/common/collect/AbstractTable.java;30;238;AbstractTable;null;[Table<R,C,V>];3;[[R, C, V], [R, C, V], [R, C, V]];[GwtCompatible];
;;guava;adce8999989d80c80fda3607dac324cbd47681c1;/home/luna/TG/java-projects/guava/guava/src/com/google/common/collect/AbstractTable.java;126;171;CellSet;AbstractSet<Cell<R,C,V>>;[];0;[];[WeakOuter];
;;guava;adce8999989d80c80fda3607dac324cbd47681c1;/home/luna/TG/java-projects/guava/guava/src/com/google/common/collect/AbstractTable.java;198;219;Values;AbstractCollection<V>;[];0;[];[WeakOuter];
;;guava;adce8999989d80c80fda3607dac324cbd47681c1;/home/luna/TG/java-projects/guava/guava/src/com/google/common/collect/RegularImmutableSet.java;25;106;RegularImmutableSet;ImmutableSet.Indexed<E>;[];1;[[E]];[GwtCompatible, SuppressWarnings];
;;guava;adce8999989d80c80fda3607dac324cbd47681c1;/home/luna/TG/java-projects/guava/guava/src/com/google/common/collect/ImmutableMultiset.java;37;616;ImmutableMultiset;ImmutableCollection<E>;[Multiset<E>];1;[[E]];[GwtCompatible, SuppressWarnings];
;;guava;adce8999989d80c80fda3607dac324cbd47681c1;/home/luna/TG/java-projects/guava/guava/src/com/google/common/collect/ImmutableMultiset.java;374;417;EntrySet;ImmutableSet.Indexed<Entry<E>>;[];0;[];[WeakOuter];
;;guava;adce8999989d80c80fda3607dac324cbd47681c1;/home/luna/TG/java-projects/guava/guava/src/com/google/common/collect/ImmutableMultiset.java;419;429;EntrySetSerializedForm;null;[Serializable];1;[[E]];[];
;;guava;adce8999989d80c80fda3607dac324cbd47681c1;/home/luna/TG/java-projects/guava/guava/src/com/google/common/collect/ImmutableMultiset.java;431;456;SerializedForm;null;[Serializable];0;[];[];
;;guava;adce8999989d80c80fda3607dac324cbd47681c1;/home/luna/TG/java-projects/guava/guava/src/com/google/common/collect/ImmutableMultiset.java;472;615;Builder;ImmutableCollection.Builder<E>;[];1;[[E]];[];
;;guava;adce8999989d80c80fda3607dac324cbd47681c1;/home/luna/TG/java-projects/guava/guava/src/com/google/common/collect/Sets.java;52;1912;Sets;null;[];0;[];[GwtCompatible];
;;guava;adce8999989d80c80fda3607dac324cbd47681c1;/home/luna/TG/java-projects/guava/guava/src/com/google/common/collect/Sets.java;69;83;ImprovedAbstractSet;AbstractSet<E>;[];1;[[E]];[];
;;guava;adce8999989d80c80fda3607dac324cbd47681c1;/home/luna/TG/java-projects/guava/guava/src/com/google/common/collect/Sets.java;536;674;SetView;AbstractSet<E>;[];1;[[E]];[];
;;guava;adce8999989d80c80fda3607dac324cbd47681c1;/home/luna/TG/java-projects/guava/guava/src/com/google/common/collect/Sets.java;962;976;FilteredSet;FilteredCollection<E>;[Set<E>];1;[[E]];[];
;;guava;adce8999989d80c80fda3607dac324cbd47681c1;/home/luna/TG/java-projects/guava/guava/src/com/google/common/collect/Sets.java;1019;1062;FilteredSortedSet;FilteredSet<E>;[SortedSet<E>];1;[[E]];[];
;;guava;adce8999989d80c80fda3607dac324cbd47681c1;/home/luna/TG/java-projects/guava/guava/src/com/google/common/collect/Sets.java;1108;1182;FilteredNavigableSet;FilteredSortedSet<E>;[NavigableSet<E>];1;[[E]];[GwtIncompatible];
;;guava;adce8999989d80c80fda3607dac324cbd47681c1;/home/luna/TG/java-projects/guava/guava/src/com/google/common/collect/Sets.java;1302;1380;CartesianSet;ForwardingCollection<List<E>>;[Set<List<E>>];1;[[E]];[];
;;guava;adce8999989d80c80fda3607dac324cbd47681c1;/home/luna/TG/java-projects/guava/guava/src/com/google/common/collect/Sets.java;1416;1458;SubSet;AbstractSet<E>;[];1;[[E]];[];
;;guava;adce8999989d80c80fda3607dac324cbd47681c1;/home/luna/TG/java-projects/guava/guava/src/com/google/common/collect/Sets.java;1460;1521;PowerSet;AbstractSet<Set<E>>;[];1;[[E]];[];
;;guava;adce8999989d80c80fda3607dac324cbd47681c1;/home/luna/TG/java-projects/guava/guava/src/com/google/common/collect/Sets.java;1581;1659;UnmodifiableNavigableSet;ForwardingSortedSet<E>;[NavigableSet<E>, Serializable];1;[[E]];[];
;;guava;adce8999989d80c80fda3607dac324cbd47681c1;/home/luna/TG/java-projects/guava/guava/src/com/google/common/collect/Sets.java;1739;1868;DescendingSet;ForwardingNavigableSet<E>;[];1;[[E]];[GwtIncompatible];
;;guava;adce8999989d80c80fda3607dac324cbd47681c1;/home/luna/TG/java-projects/guava/guava/src/com/google/common/collect/AbstractNavigableMap.java;29;178;AbstractNavigableMap;IteratorBasedAbstractMap<K,V>;[NavigableMap<K,V>];2;[[K, V], [K, V]];[GwtIncompatible];
;;guava;adce8999989d80c80fda3607dac324cbd47681c1;/home/luna/TG/java-projects/guava/guava/src/com/google/common/collect/AbstractNavigableMap.java;167;177;DescendingMap;Maps.DescendingMap<K,V>;[];0;[];[];
;;guava;adce8999989d80c80fda3607dac324cbd47681c1;/home/luna/TG/java-projects/guava/guava/src/com/google/common/collect/ImmutableEnumSet.java;27;158;ImmutableEnumSet;ImmutableSet<E>;[];1;[[E extends Enum<E>]];[GwtCompatible, SuppressWarnings];
;;guava;adce8999989d80c80fda3607dac324cbd47681c1;/home/luna/TG/java-projects/guava/guava/src/com/google/common/collect/ImmutableEnumSet.java;144;157;EnumSerializedForm;null;[Serializable];1;[[E extends Enum<E>]];[];
;;guava;adce8999989d80c80fda3607dac324cbd47681c1;/home/luna/TG/java-projects/guava/guava/src/com/google/common/collect/HashMultimapGwtSerializationDependencies.java;23;37;HashMultimapGwtSerializationDependencies;AbstractSetMultimap<K,V>;[];2;[[K, V], [K, V]];[GwtCompatible];
;;guava;adce8999989d80c80fda3607dac324cbd47681c1;/home/luna/TG/java-projects/guava/guava/src/com/google/common/collect/ArrayTable.java;40;804;ArrayTable;AbstractTable<R,C,V>;[Serializable];3;[[R, C, V], [R, C, V], [R, C, V]];[Beta, GwtCompatible];
;;guava;adce8999989d80c80fda3607dac324cbd47681c1;/home/luna/TG/java-projects/guava/guava/src/com/google/common/collect/ArrayTable.java;186;291;ArrayMap;IteratorBasedAbstractMap<K,V>;[];2;[[K, V], [K, V]];[];
;;guava;adce8999989d80c80fda3607dac324cbd47681c1;/home/luna/TG/java-projects/guava/guava/src/com/google/common/collect/ArrayTable.java;614;636;Column;ArrayMap<R,V>;[];0;[];[];
;;guava;adce8999989d80c80fda3607dac324cbd47681c1;/home/luna/TG/java-projects/guava/guava/src/com/google/common/collect/ArrayTable.java;657;682;ColumnMap;ArrayMap<C,Map<R,V>>;[];0;[];[WeakOuter];
;;guava;adce8999989d80c80fda3607dac324cbd47681c1;/home/luna/TG/java-projects/guava/guava/src/com/google/common/collect/ArrayTable.java;704;726;Row;ArrayMap<C,V>;[];0;[];[];
;;guava;adce8999989d80c80fda3607dac324cbd47681c1;/home/luna/TG/java-projects/guava/guava/src/com/google/common/collect/ArrayTable.java;747;772;RowMap;ArrayMap<R,Map<C,V>>;[];0;[];[WeakOuter];
;;guava;adce8999989d80c80fda3607dac324cbd47681c1;/home/luna/TG/java-projects/guava/guava/src/com/google/common/collect/Serialization.java;27;226;Serialization;null;[];0;[];[GwtIncompatible];
;;guava;adce8999989d80c80fda3607dac324cbd47681c1;/home/luna/TG/java-projects/guava/guava/src/com/google/common/collect/Serialization.java;202;225;FieldSetter;null;[];1;[[T]];[];
;;guava;adce8999989d80c80fda3607dac324cbd47681c1;/home/luna/TG/java-projects/guava/guava/src/com/google/common/collect/HashBasedTable.java;29;153;HashBasedTable;StandardTable<R,C,V>;[];3;[[R, C, V], [R, C, V], [R, C, V]];[GwtCompatible];
;;guava;adce8999989d80c80fda3607dac324cbd47681c1;/home/luna/TG/java-projects/guava/guava/src/com/google/common/collect/HashBasedTable.java;57;70;Factory;null;[Supplier<Map<C,V>>, Serializable];2;[[C, V], [C, V]];[];
;;guava;adce8999989d80c80fda3607dac324cbd47681c1;/home/luna/TG/java-projects/guava/guava/src/com/google/common/collect/UsingToStringOrdering.java;22;48;UsingToStringOrdering;Ordering<Object>;[Serializable];0;[];[GwtCompatible];
;;guava;adce8999989d80c80fda3607dac324cbd47681c1;/home/luna/TG/java-projects/guava/guava/src/com/google/common/collect/ArrayListMultimapGwtSerializationDependencies.java;23;39;ArrayListMultimapGwtSerializationDependencies;AbstractListMultimap<K,V>;[];2;[[K, V], [K, V]];[GwtCompatible];
;;guava;adce8999989d80c80fda3607dac324cbd47681c1;/home/luna/TG/java-projects/guava/guava/src/com/google/common/collect/BiMap.java;25;113;BiMap;null;[Map<K,V>];2;[[K, V], [K, V]];[GwtCompatible];
;;guava;adce8999989d80c80fda3607dac324cbd47681c1;/home/luna/TG/java-projects/guava/guava/src/com/google/common/collect/Multimaps.java;56;2240;Multimaps;null;[];0;[];[GwtCompatible];
;;guava;adce8999989d80c80fda3607dac324cbd47681c1;/home/luna/TG/java-projects/guava/guava/src/com/google/common/collect/Multimaps.java;217;252;CustomMultimap;AbstractMapBasedMultimap<K,V>;[];2;[[K, V], [K, V]];[];
;;guava;adce8999989d80c80fda3607dac324cbd47681c1;/home/luna/TG/java-projects/guava/guava/src/com/google/common/collect/Multimaps.java;297;329;CustomListMultimap;AbstractListMultimap<K,V>;[];2;[[K, V], [K, V]];[];
;;guava;adce8999989d80c80fda3607dac324cbd47681c1;/home/luna/TG/java-projects/guava/guava/src/com/google/common/collect/Multimaps.java;373;405;CustomSetMultimap;AbstractSetMultimap<K,V>;[];2;[[K, V], [K, V]];[];
;;guava;adce8999989d80c80fda3607dac324cbd47681c1;/home/luna/TG/java-projects/guava/guava/src/com/google/common/collect/Multimaps.java;448;488;CustomSortedSetMultimap;AbstractSortedSetMultimap<K,V>;[];2;[[K, V], [K, V]];[];
;;guava;adce8999989d80c80fda3607dac324cbd47681c1;/home/luna/TG/java-projects/guava/guava/src/com/google/common/collect/Multimaps.java;583;697;UnmodifiableMultimap;ForwardingMultimap<K,V>;[Serializable];2;[[K, V], [K, V]];[];
;;guava;adce8999989d80c80fda3607dac324cbd47681c1;/home/luna/TG/java-projects/guava/guava/src/com/google/common/collect/Multimaps.java;699;726;UnmodifiableListMultimap;UnmodifiableMultimap<K,V>;[ListMultimap<K,V>];2;[[K, V], [K, V]];[];
;;guava;adce8999989d80c80fda3607dac324cbd47681c1;/home/luna/TG/java-projects/guava/guava/src/com/google/common/collect/Multimaps.java;728;764;UnmodifiableSetMultimap;UnmodifiableMultimap<K,V>;[SetMultimap<K,V>];2;[[K, V], [K, V]];[];
;;guava;adce8999989d80c80fda3607dac324cbd47681c1;/home/luna/TG/java-projects/guava/guava/src/com/google/common/collect/Multimaps.java;766;798;UnmodifiableSortedSetMultimap;UnmodifiableSetMultimap<K,V>;[SortedSetMultimap<K,V>];2;[[K, V], [K, V]];[];
;;guava;adce8999989d80c80fda3607dac324cbd47681c1;/home/luna/TG/java-projects/guava/guava/src/com/google/common/collect/Multimaps.java;1054;1192;MapMultimap;AbstractMultimap<K,V>;[SetMultimap<K,V>, Serializable];2;[[K, V], [K, V]];[];
;;guava;adce8999989d80c80fda3607dac324cbd47681c1;/home/luna/TG/java-projects/guava/guava/src/com/google/common/collect/Multimaps.java;1305;1415;TransformedEntriesMultimap;AbstractMultimap<K,V2>;[];3;[[K, V1, V2], [K, V1, V2], [K, V1, V2]];[];
;;guava;adce8999989d80c80fda3607dac324cbd47681c1;/home/luna/TG/java-projects/guava/guava/src/com/google/common/collect/Multimaps.java;1522;1550;TransformedEntriesListMultimap;TransformedEntriesMultimap<K,V1,V2>;[ListMultimap<K,V2>];3;[[K, V1, V2], [K, V1, V2], [K, V1, V2]];[];
;;guava;adce8999989d80c80fda3607dac324cbd47681c1;/home/luna/TG/java-projects/guava/guava/src/com/google/common/collect/Multimaps.java;1654;1800;Keys;AbstractMultiset<K>;[];2;[[K, V], [K, V]];[];
;;guava;adce8999989d80c80fda3607dac324cbd47681c1;/home/luna/TG/java-projects/guava/guava/src/com/google/common/collect/Multimaps.java;1703;1747;KeysEntrySet;Multisets.EntrySet<K>;[];0;[];[WeakOuter];
;;guava;adce8999989d80c80fda3607dac324cbd47681c1;/home/luna/TG/java-projects/guava/guava/src/com/google/common/collect/Multimaps.java;1802;1835;Entries;AbstractCollection<Map.Entry<K,V>>;[];2;[[K, V], [K, V]];[];
;;guava;adce8999989d80c80fda3607dac324cbd47681c1;/home/luna/TG/java-projects/guava/guava/src/com/google/common/collect/Multimaps.java;1837;1921;AsMap;Maps.ViewCachingAbstractMap<K,Collection<V>>;[];2;[[K, V], [K, V]];[];
;;guava;adce8999989d80c80fda3607dac324cbd47681c1;/home/luna/TG/java-projects/guava/guava/src/com/google/common/collect/Multimaps.java;1861;1889;EntrySet;Maps.EntrySet<K,Collection<V>>;[];0;[];[WeakOuter];
;;guava;adce8999989d80c80fda3607dac324cbd47681c1;/home/luna/TG/java-projects/guava/guava/src/com/google/common/collect/HashMultimap.java;31;136;HashMultimap;AbstractSetMultimap<K,V>;[];2;[[K, V], [K, V]];[GwtCompatible];
;;guava;adce8999989d80c80fda3607dac324cbd47681c1;/home/luna/TG/java-projects/guava/guava/src/com/google/common/collect/ForwardingImmutableList.java;21;29;ForwardingImmutableList;null;[];1;[[E]];[GwtCompatible];
;;guava;adce8999989d80c80fda3607dac324cbd47681c1;/home/luna/TG/java-projects/guava/guava/src/com/google/common/collect/SingletonImmutableList.java;26;77;SingletonImmutableList;ImmutableList<E>;[];1;[[E]];[GwtCompatible, SuppressWarnings];
;;guava;adce8999989d80c80fda3607dac324cbd47681c1;/home/luna/TG/java-projects/guava/guava/src/com/google/common/collect/AbstractMultimap.java;34;276;AbstractMultimap;null;[Multimap<K,V>];2;[[K, V], [K, V]];[GwtCompatible];
;;guava;adce8999989d80c80fda3607dac324cbd47681c1;/home/luna/TG/java-projects/guava/guava/src/com/google/common/collect/AbstractMultimap.java;126;142;Entries;Multimaps.Entries<K,V>;[];0;[];[WeakOuter];
;;guava;adce8999989d80c80fda3607dac324cbd47681c1;/home/luna/TG/java-projects/guava/guava/src/com/google/common/collect/AbstractMultimap.java;144;155;EntrySet;Entries;[Set<Entry<K,V>>];0;[];[WeakOuter];
;;guava;adce8999989d80c80fda3607dac324cbd47681c1;/home/luna/TG/java-projects/guava/guava/src/com/google/common/collect/AbstractMultimap.java;200;226;Values;AbstractCollection<V>;[];0;[];[WeakOuter];
;;guava;adce8999989d80c80fda3607dac324cbd47681c1;/home/luna/TG/java-projects/guava/guava/src/com/google/common/collect/TopKSelector.java;32;272;TopKSelector;null;[];1;[[T]];[GwtCompatible];
;;guava;adce8999989d80c80fda3607dac324cbd47681c1;/home/luna/TG/java-projects/guava/guava/src/com/google/common/collect/ImmutableEntry.java;23;54;ImmutableEntry;AbstractMapEntry<K,V>;[Serializable];2;[[K, V], [K, V]];[GwtCompatible];
;;guava;adce8999989d80c80fda3607dac324cbd47681c1;/home/luna/TG/java-projects/guava/guava/src/com/google/common/collect/AbstractSequentialIterator.java;23;77;AbstractSequentialIterator;UnmodifiableIterator<T>;[];1;[[T]];[GwtCompatible];
;;guava;adce8999989d80c80fda3607dac324cbd47681c1;/home/luna/TG/java-projects/guava/guava/src/com/google/common/collect/ForwardingImmutableSet.java;21;29;ForwardingImmutableSet;null;[];1;[[E]];[GwtCompatible];
;;guava;adce8999989d80c80fda3607dac324cbd47681c1;/home/luna/TG/java-projects/guava/guava/src/com/google/common/collect/DescendingImmutableSortedMultiset.java;20;83;DescendingImmutableSortedMultiset;ImmutableSortedMultiset<E>;[];1;[[E]];[SuppressWarnings, GwtIncompatible];
;;guava;adce8999989d80c80fda3607dac324cbd47681c1;/home/luna/TG/java-projects/guava/guava/src/com/google/common/collect/NaturalOrdering.java;24;76;NaturalOrdering;Ordering<Comparable>;[Serializable];0;[];[GwtCompatible, SuppressWarnings];
;;guava;adce8999989d80c80fda3607dac324cbd47681c1;/home/luna/TG/java-projects/guava/guava/src/com/google/common/collect/ForwardingSet.java;26;104;ForwardingSet;ForwardingCollection<E>;[Set<E>];1;[[E]];[GwtCompatible];
;;guava;adce8999989d80c80fda3607dac324cbd47681c1;/home/luna/TG/java-projects/guava/guava/src/com/google/common/collect/RegularImmutableTable.java;30;173;RegularImmutableTable;ImmutableTable<R,C,V>;[];3;[[R, C, V], [R, C, V], [R, C, V]];[GwtCompatible];
;;guava;adce8999989d80c80fda3607dac324cbd47681c1;/home/luna/TG/java-projects/guava/guava/src/com/google/common/collect/RegularImmutableTable.java;47;73;CellSet;ImmutableSet.Indexed<Cell<R,C,V>>;[];0;[];[WeakOuter];
;;guava;adce8999989d80c80fda3607dac324cbd47681c1;/home/luna/TG/java-projects/guava/guava/src/com/google/common/collect/RegularImmutableTable.java;82;98;Values;ImmutableList<V>;[];0;[];[WeakOuter];
;;guava;adce8999989d80c80fda3607dac324cbd47681c1;/home/luna/TG/java-projects/guava/guava/src/com/google/common/collect/MoreCollectors.java;30;170;MoreCollectors;null;[];0;[];[Beta, GwtCompatible];
;;guava;adce8999989d80c80fda3607dac324cbd47681c1;/home/luna/TG/java-projects/guava/guava/src/com/google/common/collect/MoreCollectors.java;87;167;ToOptionalState;null;[];0;[];[];
;;guava;adce8999989d80c80fda3607dac324cbd47681c1;/home/luna/TG/java-projects/guava/guava/src/com/google/common/collect/ImmutableRangeSet.java;38;773;ImmutableRangeSet;AbstractRangeSet<C>;[Serializable];1;[[C extends Comparable]];[Beta, GwtIncompatible];
;;guava;adce8999989d80c80fda3607dac324cbd47681c1;/home/luna/TG/java-projects/guava/guava/src/com/google/common/collect/ImmutableRangeSet.java;297;350;ComplementRanges;ImmutableList<Range<C>>;[];0;[];[];
;;guava;adce8999989d80c80fda3607dac324cbd47681c1;/home/luna/TG/java-projects/guava/guava/src/com/google/common/collect/ImmutableRangeSet.java;490;630;AsSet;ImmutableSortedSet<C>;[];0;[];[];
;;guava;adce8999989d80c80fda3607dac324cbd47681c1;/home/luna/TG/java-projects/guava/guava/src/com/google/common/collect/ImmutableRangeSet.java;632;644;AsSetSerializedForm;null;[Serializable];1;[[C extends Comparable]];[];
;;guava;adce8999989d80c80fda3607dac324cbd47681c1;/home/luna/TG/java-projects/guava/guava/src/com/google/common/collect/ImmutableRangeSet.java;663;750;Builder;null;[];1;[[C extends Comparable<?>]];[];
;;guava;adce8999989d80c80fda3607dac324cbd47681c1;/home/luna/TG/java-projects/guava/guava/src/com/google/common/collect/ImmutableRangeSet.java;752;768;SerializedForm;null;[Serializable];1;[[C extends Comparable]];[];
;;guava;adce8999989d80c80fda3607dac324cbd47681c1;/home/luna/TG/java-projects/guava/guava/src/com/google/common/collect/Interner.java;23;48;Interner;null;[];1;[[E]];[Beta, GwtIncompatible];
;;guava;adce8999989d80c80fda3607dac324cbd47681c1;/home/luna/TG/java-projects/guava/guava/src/com/google/common/collect/Queues.java;36;425;Queues;null;[];0;[];[GwtCompatible];
;;guava;adce8999989d80c80fda3607dac324cbd47681c1;/home/luna/TG/java-projects/guava/guava/src/com/google/common/collect/ForwardingCollection.java;26;264;ForwardingCollection;ForwardingObject;[Collection<E>];1;[[E]];[GwtCompatible];
;;guava;adce8999989d80c80fda3607dac324cbd47681c1;/home/luna/TG/java-projects/guava/guava/src/com/google/common/collect/FilteredSetMultimap.java;21;30;FilteredSetMultimap;null;[FilteredMultimap<K,V>, SetMultimap<K,V>];2;[[K, V], [K, V]];[GwtCompatible];
;;guava;adce8999989d80c80fda3607dac324cbd47681c1;/home/luna/TG/java-projects/guava/guava/src/com/google/common/collect/Interners.java;27;206;Interners;null;[];0;[];[Beta, GwtIncompatible];
;;guava;adce8999989d80c80fda3607dac324cbd47681c1;/home/luna/TG/java-projects/guava/guava/src/com/google/common/collect/Interners.java;38;84;InternerBuilder;null;[];0;[];[];
;;guava;adce8999989d80c80fda3607dac324cbd47681c1;/home/luna/TG/java-projects/guava/guava/src/com/google/common/collect/Interners.java;111;125;StrongInterner;null;[Interner<E>];1;[[E]];[VisibleForTesting];
;;guava;adce8999989d80c80fda3607dac324cbd47681c1;/home/luna/TG/java-projects/guava/guava/src/com/google/common/collect/Interners.java;127;167;WeakInterner;null;[Interner<E>];1;[[E]];[VisibleForTesting];
;;guava;adce8999989d80c80fda3607dac324cbd47681c1;/home/luna/TG/java-projects/guava/guava/src/com/google/common/collect/Interners.java;178;205;InternerFunction;null;[Function<E,E>];1;[[E]];[];
;;guava;adce8999989d80c80fda3607dac324cbd47681c1;/home/luna/TG/java-projects/guava/guava/src/com/google/common/collect/AbstractMultiset.java;31;250;AbstractMultiset;AbstractCollection<E>;[Multiset<E>];1;[[E]];[GwtCompatible];
;;guava;adce8999989d80c80fda3607dac324cbd47681c1;/home/luna/TG/java-projects/guava/guava/src/com/google/common/collect/AbstractMultiset.java;170;176;ElementSet;Multisets.ElementSet<E>;[];0;[];[WeakOuter];
;;guava;adce8999989d80c80fda3607dac324cbd47681c1;/home/luna/TG/java-projects/guava/guava/src/com/google/common/collect/AbstractMultiset.java;193;209;EntrySet;Multisets.EntrySet<E>;[];0;[];[WeakOuter];
;;guava;adce8999989d80c80fda3607dac324cbd47681c1;/home/luna/TG/java-projects/guava/guava/src/com/google/common/collect/EvictingQueue.java;31;141;EvictingQueue;ForwardingQueue<E>;[Serializable];1;[[E]];[Beta, GwtCompatible];
;;guava;adce8999989d80c80fda3607dac324cbd47681c1;/home/luna/TG/java-projects/guava/guava/src/com/google/common/collect/RegularContiguousSet.java;27;217;RegularContiguousSet;ContiguousSet<C>;[];1;[[C extends Comparable]];[GwtCompatible, SuppressWarnings];
;;guava;adce8999989d80c80fda3607dac324cbd47681c1;/home/luna/TG/java-projects/guava/guava/src/com/google/common/collect/RegularContiguousSet.java;195;208;SerializedForm;null;[Serializable];1;[[C extends Comparable]];[GwtIncompatible];
;;guava;adce8999989d80c80fda3607dac324cbd47681c1;/home/luna/TG/java-projects/guava/guava/src/com/google/common/collect/Range.java;32;692;Range;null;[Predicate<C>, Serializable];1;[[C extends Comparable]];[GwtCompatible, SuppressWarnings];
;;guava;adce8999989d80c80fda3607dac324cbd47681c1;/home/luna/TG/java-projects/guava/guava/src/com/google/common/collect/Range.java;675;689;RangeLexOrdering;Ordering<Range<?>>;[Serializable];0;[];[];
;;guava;adce8999989d80c80fda3607dac324cbd47681c1;/home/luna/TG/java-projects/guava/guava/src/com/google/common/collect/ImmutableSortedMultiset.java;35;599;ImmutableSortedMultiset;ImmutableSortedMultisetFauxverideShim<E>;[SortedMultiset<E>];1;[[E]];[GwtIncompatible];
;;guava;adce8999989d80c80fda3607dac324cbd47681c1;/home/luna/TG/java-projects/guava/guava/src/com/google/common/collect/ImmutableSortedMultiset.java;437;564;Builder;ImmutableMultiset.Builder<E>;[];1;[[E]];[];
;;guava;adce8999989d80c80fda3607dac324cbd47681c1;/home/luna/TG/java-projects/guava/guava/src/com/google/common/collect/ImmutableSortedMultiset.java;566;593;SerializedForm;null;[Serializable];1;[[E]];[];
;;guava;adce8999989d80c80fda3607dac324cbd47681c1;/home/luna/TG/java-projects/guava/guava/src/com/google/common/collect/ImmutableMultimap.java;42;742;ImmutableMultimap;AbstractMultimap<K,V>;[Serializable];2;[[K, V], [K, V]];[GwtCompatible];
;;guava;adce8999989d80c80fda3607dac324cbd47681c1;/home/luna/TG/java-projects/guava/guava/src/com/google/common/collect/ImmutableMultimap.java;129;299;Builder;null;[];2;[[K, V], [K, V]];[];
;;guava;adce8999989d80c80fda3607dac324cbd47681c1;/home/luna/TG/java-projects/guava/guava/src/com/google/common/collect/ImmutableMultimap.java;345;353;FieldSettersHolder;null;[];0;[];[GwtIncompatible];
;;guava;adce8999989d80c80fda3607dac324cbd47681c1;/home/luna/TG/java-projects/guava/guava/src/com/google/common/collect/ImmutableMultimap.java;537;569;EntryCollection;ImmutableCollection<Entry<K,V>>;[];2;[[K, V], [K, V]];[];
;;guava;adce8999989d80c80fda3607dac324cbd47681c1;/home/luna/TG/java-projects/guava/guava/src/com/google/common/collect/ImmutableMultimap.java;571;592;Itr;UnmodifiableIterator<T>;[];1;[[T]];[];
;;guava;adce8999989d80c80fda3607dac324cbd47681c1;/home/luna/TG/java-projects/guava/guava/src/com/google/common/collect/ImmutableMultimap.java;641;675;Keys;ImmutableMultiset<K>;[];0;[];[SuppressWarnings, WeakOuter];
;;guava;adce8999989d80c80fda3607dac324cbd47681c1;/home/luna/TG/java-projects/guava/guava/src/com/google/common/collect/ImmutableMultimap.java;702;739;Values;ImmutableCollection<V>;[];2;[[K, V], [K, V]];[];
;;guava;adce8999989d80c80fda3607dac324cbd47681c1;/home/luna/TG/java-projects/guava/guava/src/com/google/common/collect/ComputingConcurrentHashMap.java;36;420;ComputingConcurrentHashMap;MapMakerInternalMap<K,V>;[];2;[[K, V], [K, V]];[];
;;guava;adce8999989d80c80fda3607dac324cbd47681c1;/home/luna/TG/java-projects/guava/guava/src/com/google/common/collect/ComputingConcurrentHashMap.java;70;203;ComputingSegment;Segment<K,V>;[];2;[[K, V], [K, V]];[SuppressWarnings];
;;guava;adce8999989d80c80fda3607dac324cbd47681c1;/home/luna/TG/java-projects/guava/guava/src/com/google/common/collect/ComputingConcurrentHashMap.java;205;243;ComputationExceptionReference;null;[ValueReference<K,V>];2;[[K, V], [K, V]];[];
;;guava;adce8999989d80c80fda3607dac324cbd47681c1;/home/luna/TG/java-projects/guava/guava/src/com/google/common/collect/ComputingConcurrentHashMap.java;245;283;ComputedReference;null;[ValueReference<K,V>];2;[[K, V], [K, V]];[];
;;guava;adce8999989d80c80fda3607dac324cbd47681c1;/home/luna/TG/java-projects/guava/guava/src/com/google/common/collect/ComputingConcurrentHashMap.java;285;374;ComputingValueReference;null;[ValueReference<K,V>];2;[[K, V], [K, V]];[];
;;guava;adce8999989d80c80fda3607dac324cbd47681c1;/home/luna/TG/java-projects/guava/guava/src/com/google/common/collect/ComputingConcurrentHashMap.java;387;419;ComputingSerializationProxy;AbstractSerializationProxy<K,V>;[];2;[[K, V], [K, V]];[];
;;guava;adce8999989d80c80fda3607dac324cbd47681c1;/home/luna/TG/java-projects/guava/guava/src/com/google/common/collect/EmptyImmutableTable.java;28;128;EmptyImmutableTable;ImmutableTable<Object,Object,Object>;[];0;[];[GwtCompatible, Immutable];
;;guava;adce8999989d80c80fda3607dac324cbd47681c1;/home/luna/TG/java-projects/guava/guava/src/com/google/common/collect/ImmutableSortedMultisetFauxverideShim.java;20;182;ImmutableSortedMultisetFauxverideShim;ImmutableMultiset<E>;[];1;[[E]];[GwtIncompatible];
;;guava;adce8999989d80c80fda3607dac324cbd47681c1;/home/luna/TG/java-projects/guava/guava/src/com/google/common/collect/ForwardingNavigableMap.java;31;409;ForwardingNavigableMap;ForwardingSortedMap<K,V>;[NavigableMap<K,V>];2;[[K, V], [K, V]];[GwtIncompatible];
;;guava;adce8999989d80c80fda3607dac324cbd47681c1;/home/luna/TG/java-projects/guava/guava/src/com/google/common/collect/ForwardingNavigableMap.java;267;326;StandardDescendingMap;Maps.DescendingMap<K,V>;[];0;[];[Beta];
;;guava;adce8999989d80c80fda3607dac324cbd47681c1;/home/luna/TG/java-projects/guava/guava/src/com/google/common/collect/ForwardingNavigableMap.java;333;347;StandardNavigableKeySet;Maps.NavigableKeySet<K,V>;[];0;[];[Beta];
;;guava;adce8999989d80c80fda3607dac324cbd47681c1;/home/luna/TG/java-projects/guava/guava/src/com/google/common/collect/ForwardingMapEntry.java;26;129;ForwardingMapEntry;ForwardingObject;[Map.Entry<K,V>];2;[[K, V], [K, V]];[GwtCompatible];
;;guava;adce8999989d80c80fda3607dac324cbd47681c1;/home/luna/TG/java-projects/guava/guava/src/com/google/common/collect/Comparators.java;26;107;Comparators;null;[];0;[];[Beta, GwtCompatible];
;;guava;adce8999989d80c80fda3607dac324cbd47681c1;/home/luna/TG/java-projects/guava/guava/src/com/google/common/collect/ForwardingNavigableSet.java;25;237;ForwardingNavigableSet;ForwardingSortedSet<E>;[NavigableSet<E>];1;[[E]];[GwtIncompatible];
;;guava;adce8999989d80c80fda3607dac324cbd47681c1;/home/luna/TG/java-projects/guava/guava/src/com/google/common/collect/ForwardingNavigableSet.java;158;173;StandardDescendingSet;Sets.DescendingSet<E>;[];0;[];[Beta];
;;guava;adce8999989d80c80fda3607dac324cbd47681c1;/home/luna/TG/java-projects/guava/guava/src/com/google/common/collect/RowSortedTable.java;25;54;RowSortedTable;null;[Table<R,C,V>];3;[[R, C, V], [R, C, V], [R, C, V]];[GwtCompatible];
;;guava;adce8999989d80c80fda3607dac324cbd47681c1;/home/luna/TG/java-projects/guava/guava/src/com/google/common/collect/LinkedHashMultimap.java;47;628;LinkedHashMultimap;AbstractSetMultimap<K,V>;[];2;[[K, V], [K, V]];[GwtCompatible];
;;guava;adce8999989d80c80fda3607dac324cbd47681c1;/home/luna/TG/java-projects/guava/guava/src/com/google/common/collect/LinkedHashMultimap.java;127;135;ValueSetLink;null;[];2;[[K, V], [K, V]];[];
;;guava;adce8999989d80c80fda3607dac324cbd47681c1;/home/luna/TG/java-projects/guava/guava/src/com/google/common/collect/LinkedHashMultimap.java;155;222;ValueEntry;ImmutableEntry<K,V>;[ValueSetLink<K,V>];2;[[K, V], [K, V]];[VisibleForTesting];
;;guava;adce8999989d80c80fda3607dac324cbd47681c1;/home/luna/TG/java-projects/guava/guava/src/com/google/common/collect/LinkedHashMultimap.java;327;530;ValueSet;Sets.ImprovedAbstractSet<V>;[ValueSetLink<K,V>];0;[];[VisibleForTesting, WeakOuter];
;;guava;adce8999989d80c80fda3607dac324cbd47681c1;/home/luna/TG/java-projects/guava/guava/src/com/google/common/collect/Streams.java;48;796;Streams;null;[];0;[];[Beta, GwtCompatible];
;;guava;adce8999989d80c80fda3607dac324cbd47681c1;/home/luna/TG/java-projects/guava/guava/src/com/google/common/collect/Streams.java;223;236;OptionalState;null;[];1;[[T]];[];
;;guava;adce8999989d80c80fda3607dac324cbd47681c1;/home/luna/TG/java-projects/guava/guava/src/com/google/common/collect/Streams.java;437;466;Splitr;MapWithIndexSpliterator<Spliterator<T>,R,Splitr>;[Consumer<T>];0;[];[];
;;guava;adce8999989d80c80fda3607dac324cbd47681c1;/home/luna/TG/java-projects/guava/guava/src/com/google/common/collect/Streams.java;470;482;FunctionWithIndex;null;[];2;[[T, R], [T, R]];[Beta];
;;guava;adce8999989d80c80fda3607dac324cbd47681c1;/home/luna/TG/java-projects/guava/guava/src/com/google/common/collect/Streams.java;484;519;MapWithIndexSpliterator;null;[Spliterator<R>];3;[[F extends Spliterator<?>, R, S extends MapWithIndexSpliterator<F,R,S>], [F extends Spliterator<?>, R, S extends MapWithIndexSpliterator<F,R,S>], [F extends Spliterator<?>, R, S extends MapWithIndexSpliterator<F,R,S>]];[];
;;guava;adce8999989d80c80fda3607dac324cbd47681c1;/home/luna/TG/java-projects/guava/guava/src/com/google/common/collect/Streams.java;568;594;Splitr;MapWithIndexSpliterator<Spliterator.OfInt,R,Splitr>;[IntConsumer, Spliterator<R>];0;[];[];
;;guava;adce8999989d80c80fda3607dac324cbd47681c1;/home/luna/TG/java-projects/guava/guava/src/com/google/common/collect/Streams.java;598;610;IntFunctionWithIndex;null;[];1;[[R]];[Beta];
;;guava;adce8999989d80c80fda3607dac324cbd47681c1;/home/luna/TG/java-projects/guava/guava/src/com/google/common/collect/Streams.java;659;685;Splitr;MapWithIndexSpliterator<Spliterator.OfLong,R,Splitr>;[LongConsumer, Spliterator<R>];0;[];[];
;;guava;adce8999989d80c80fda3607dac324cbd47681c1;/home/luna/TG/java-projects/guava/guava/src/com/google/common/collect/Streams.java;689;701;LongFunctionWithIndex;null;[];1;[[R]];[Beta];
;;guava;adce8999989d80c80fda3607dac324cbd47681c1;/home/luna/TG/java-projects/guava/guava/src/com/google/common/collect/Streams.java;751;777;Splitr;MapWithIndexSpliterator<Spliterator.OfDouble,R,Splitr>;[DoubleConsumer, Spliterator<R>];0;[];[];
;;guava;adce8999989d80c80fda3607dac324cbd47681c1;/home/luna/TG/java-projects/guava/guava/src/com/google/common/collect/Streams.java;781;793;DoubleFunctionWithIndex;null;[];1;[[R]];[Beta];
;;guava;adce8999989d80c80fda3607dac324cbd47681c1;/home/luna/TG/java-projects/guava/guava/src/com/google/common/collect/DiscreteDomain.java;25;271;DiscreteDomain;null;[];1;[[C extends Comparable]];[GwtCompatible];
;;guava;adce8999989d80c80fda3607dac324cbd47681c1;/home/luna/TG/java-projects/guava/guava/src/com/google/common/collect/DiscreteDomain.java;55;95;IntegerDomain;DiscreteDomain<Integer>;[Serializable];0;[];[];
;;guava;adce8999989d80c80fda3607dac324cbd47681c1;/home/luna/TG/java-projects/guava/guava/src/com/google/common/collect/DiscreteDomain.java;106;153;LongDomain;DiscreteDomain<Long>;[Serializable];0;[];[];
;;guava;adce8999989d80c80fda3607dac324cbd47681c1;/home/luna/TG/java-projects/guava/guava/src/com/google/common/collect/DiscreteDomain.java;164;196;BigIntegerDomain;DiscreteDomain<BigInteger>;[Serializable];0;[];[];
;;guava;adce8999989d80c80fda3607dac324cbd47681c1;/home/luna/TG/java-projects/guava/guava/src/com/google/common/collect/SortedMapDifference.java;22;42;SortedMapDifference;null;[MapDifference<K,V>];2;[[K, V], [K, V]];[GwtCompatible];
;;guava;adce8999989d80c80fda3607dac324cbd47681c1;/home/luna/TG/java-projects/guava/guava/src/com/google/common/collect/AsynchronousComputationException.java;19;37;AsynchronousComputationException;ComputationException;[];0;[];[Deprecated];
;;guava;adce8999989d80c80fda3607dac324cbd47681c1;/home/luna/TG/java-projects/guava/guava/src/com/google/common/collect/ForwardingBlockingDeque.java;24;133;ForwardingBlockingDeque;ForwardingDeque<E>;[BlockingDeque<E>];1;[[E]];[Deprecated, GwtIncompatible];
;;guava;adce8999989d80c80fda3607dac324cbd47681c1;/home/luna/TG/java-projects/guava/guava/src/com/google/common/collect/EmptyImmutableSetMultimap.java;21;39;EmptyImmutableSetMultimap;ImmutableSetMultimap<Object,Object>;[];0;[];[GwtCompatible];
;;guava;adce8999989d80c80fda3607dac324cbd47681c1;/home/luna/TG/java-projects/guava/guava/src/com/google/common/collect/ImmutableSortedAsList.java;23;95;ImmutableSortedAsList;RegularImmutableAsList<E>;[SortedIterable<E>];1;[[E]];[GwtCompatible, SuppressWarnings];
;;guava;adce8999989d80c80fda3607dac324cbd47681c1;/home/luna/TG/java-projects/guava/guava/src/com/google/common/collect/ImmutableBiMap.java;29;385;ImmutableBiMap;ImmutableBiMapFauxverideShim<K,V>;[BiMap<K,V>];2;[[K, V], [K, V]];[GwtCompatible];
;;guava;adce8999989d80c80fda3607dac324cbd47681c1;/home/luna/TG/java-projects/guava/guava/src/com/google/common/collect/ImmutableBiMap.java;125;269;Builder;ImmutableMap.Builder<K,V>;[];2;[[K, V], [K, V]];[];
;;guava;adce8999989d80c80fda3607dac324cbd47681c1;/home/luna/TG/java-projects/guava/guava/src/com/google/common/collect/ImmutableBiMap.java;358;379;SerializedForm;ImmutableMap.SerializedForm;[];0;[];[];
;;guava;adce8999989d80c80fda3607dac324cbd47681c1;/home/luna/TG/java-projects/guava/guava/src/com/google/common/collect/CollectPreconditions.java;24;67;CollectPreconditions;null;[];0;[];[GwtCompatible];
;;guava;adce8999989d80c80fda3607dac324cbd47681c1;/home/luna/TG/java-projects/guava/guava/src/com/google/common/collect/RegularImmutableSortedSet.java;38;316;RegularImmutableSortedSet;ImmutableSortedSet<E>;[];1;[[E]];[GwtCompatible, SuppressWarnings];
;;guava;adce8999989d80c80fda3607dac324cbd47681c1;/home/luna/TG/java-projects/guava/guava/src/com/google/common/collect/NullsLastOrdering.java;23;86;NullsLastOrdering;Ordering<T>;[Serializable];1;[[T]];[GwtCompatible];
;;guava;adce8999989d80c80fda3607dac324cbd47681c1;/home/luna/TG/java-projects/guava/guava/src/com/google/common/collect/ForwardingSetMultimap.java;25;62;ForwardingSetMultimap;ForwardingMultimap<K,V>;[SetMultimap<K,V>];2;[[K, V], [K, V]];[GwtCompatible];
;;guava;adce8999989d80c80fda3607dac324cbd47681c1;/home/luna/TG/java-projects/guava/guava/src/com/google/common/collect/ConcurrentHashMultiset.java;46;593;ConcurrentHashMultiset;AbstractMultiset<E>;[Serializable];1;[[E]];[GwtIncompatible];
;;guava;adce8999989d80c80fda3607dac324cbd47681c1;/home/luna/TG/java-projects/guava/guava/src/com/google/common/collect/ConcurrentHashMultiset.java;76;79;FieldSettersHolder;null;[];0;[];[];
;;guava;adce8999989d80c80fda3607dac324cbd47681c1;/home/luna/TG/java-projects/guava/guava/src/com/google/common/collect/ConcurrentHashMultiset.java;546;574;EntrySet;AbstractMultiset<E>.EntrySet;[];0;[];[WeakOuter];
;;guava;adce8999989d80c80fda3607dac324cbd47681c1;/home/luna/TG/java-projects/guava/guava/src/com/google/common/collect/ObjectArrays.java;29;240;ObjectArrays;null;[];0;[];[GwtCompatible];
;;guava;adce8999989d80c80fda3607dac324cbd47681c1;/home/luna/TG/java-projects/guava/guava/src/com/google/common/collect/HashMultiset.java;26;97;HashMultiset;AbstractMapBasedMultiset<E>;[];1;[[E]];[GwtCompatible];
;;guava;adce8999989d80c80fda3607dac324cbd47681c1;/home/luna/TG/java-projects/guava/guava/src/com/google/common/collect/ArrayListMultimap.java;33;165;ArrayListMultimap;AbstractListMultimap<K,V>;[];2;[[K, V], [K, V]];[GwtCompatible];
;;guava;adce8999989d80c80fda3607dac324cbd47681c1;/home/luna/TG/java-projects/guava/guava/src/com/google/common/collect/LinkedListMultimap.java;47;866;LinkedListMultimap;AbstractMultimap<K,V>;[ListMultimap<K,V>, Serializable];2;[[K, V], [K, V]];[GwtCompatible];
;;guava;adce8999989d80c80fda3607dac324cbd47681c1;/home/luna/TG/java-projects/guava/guava/src/com/google/common/collect/LinkedListMultimap.java;113;142;Node;AbstractMapEntry<K,V>;[];2;[[K, V], [K, V]];[];
;;guava;adce8999989d80c80fda3607dac324cbd47681c1;/home/luna/TG/java-projects/guava/guava/src/com/google/common/collect/LinkedListMultimap.java;144;156;KeyList;null;[];2;[[K, V], [K, V]];[];
;;guava;adce8999989d80c80fda3607dac324cbd47681c1;/home/luna/TG/java-projects/guava/guava/src/com/google/common/collect/LinkedListMultimap.java;317;422;NodeIterator;null;[ListIterator<Entry<K,V>>];0;[];[];
;;guava;adce8999989d80c80fda3607dac324cbd47681c1;/home/luna/TG/java-projects/guava/guava/src/com/google/common/collect/LinkedListMultimap.java;424;463;DistinctKeyIterator;null;[Iterator<K>];0;[];[];
;;guava;adce8999989d80c80fda3607dac324cbd47681c1;/home/luna/TG/java-projects/guava/guava/src/com/google/common/collect/LinkedListMultimap.java;465;575;ValueForKeyIterator;null;[ListIterator<V>];0;[];[];
;;guava;adce8999989d80c80fda3607dac324cbd47681c1;/home/luna/TG/java-projects/guava/guava/src/com/google/common/collect/LinkedListMultimap.java;710;731;KeySetImpl;Sets.ImprovedAbstractSet<K>;[];0;[];[WeakOuter];
;;guava;adce8999989d80c80fda3607dac324cbd47681c1;/home/luna/TG/java-projects/guava/guava/src/com/google/common/collect/LinkedListMultimap.java;751;773;ValuesImpl;AbstractSequentialList<V>;[];0;[];[WeakOuter];
;;guava;adce8999989d80c80fda3607dac324cbd47681c1;/home/luna/TG/java-projects/guava/guava/src/com/google/common/collect/LinkedListMultimap.java;802;821;EntriesImpl;AbstractSequentialList<Entry<K,V>>;[];0;[];[WeakOuter];
;;guava;adce8999989d80c80fda3607dac324cbd47681c1;/home/luna/TG/java-projects/guava/guava/src/com/google/common/collect/SingletonImmutableTable.java;24;82;SingletonImmutableTable;ImmutableTable<R,C,V>;[];3;[[R, C, V], [R, C, V], [R, C, V]];[GwtCompatible];
;;guava;adce8999989d80c80fda3607dac324cbd47681c1;/home/luna/TG/java-projects/guava/guava/src/com/google/common/collect/Ordering.java;43;964;Ordering;null;[Comparator<T>];1;[[T]];[GwtCompatible];
;;guava;adce8999989d80c80fda3607dac324cbd47681c1;/home/luna/TG/java-projects/guava/guava/src/com/google/common/collect/Ordering.java;317;319;ArbitraryOrderingHolder;null;[];0;[];[];
;;guava;adce8999989d80c80fda3607dac324cbd47681c1;/home/luna/TG/java-projects/guava/guava/src/com/google/common/collect/Ordering.java;321;382;ArbitraryOrdering;Ordering<Object>;[];0;[];[VisibleForTesting];
;;guava;adce8999989d80c80fda3607dac324cbd47681c1;/home/luna/TG/java-projects/guava/guava/src/com/google/common/collect/Ordering.java;943;959;IncomparableValueException;ClassCastException;[];0;[];[VisibleForTesting];
;;guava;adce8999989d80c80fda3607dac324cbd47681c1;/home/luna/TG/java-projects/guava/guava/src/com/google/common/collect/ImmutableEnumMap.java;28;133;ImmutableEnumMap;IteratorBasedImmutableMap<K,V>;[];2;[[K extends Enum<K>, V], [K extends Enum<K>, V]];[GwtCompatible, SuppressWarnings];
;;guava;adce8999989d80c80fda3607dac324cbd47681c1;/home/luna/TG/java-projects/guava/guava/src/com/google/common/collect/ImmutableEnumMap.java;120;132;EnumSerializedForm;null;[Serializable];2;[[K extends Enum<K>, V], [K extends Enum<K>, V]];[];
;;guava;adce8999989d80c80fda3607dac324cbd47681c1;/home/luna/TG/java-projects/guava/guava/src/com/google/common/collect/ForwardingList.java;28;250;ForwardingList;ForwardingCollection<E>;[List<E>];1;[[E]];[GwtCompatible];
;;guava;adce8999989d80c80fda3607dac324cbd47681c1;/home/luna/TG/java-projects/guava/guava/src/com/google/common/collect/AbstractIndexedListIterator.java;25;107;AbstractIndexedListIterator;UnmodifiableListIterator<E>;[];1;[[E]];[GwtCompatible];
;;guava;adce8999989d80c80fda3607dac324cbd47681c1;/home/luna/TG/java-projects/guava/guava/src/com/google/common/collect/ForwardingSortedSet.java;27;173;ForwardingSortedSet;ForwardingSet<E>;[SortedSet<E>];1;[[E]];[GwtCompatible];
;;guava;adce8999989d80c80fda3607dac324cbd47681c1;/home/luna/TG/java-projects/guava/guava/src/com/google/common/collect/ImmutableSortedMapFauxverideShim.java;24;153;ImmutableSortedMapFauxverideShim;ImmutableMap<K,V>;[];2;[[K, V], [K, V]];[GwtIncompatible];
;;guava;adce8999989d80c80fda3607dac324cbd47681c1;/home/luna/TG/java-projects/guava/guava/src/com/google/common/collect/MapDifference.java;23;113;MapDifference;null;[];2;[[K, V], [K, V]];[GwtCompatible];
;;guava;adce8999989d80c80fda3607dac324cbd47681c1;/home/luna/TG/java-projects/guava/guava/src/com/google/common/collect/MapDifference.java;81;112;ValueDifference;null;[];1;[[V]];[];
;;guava;adce8999989d80c80fda3607dac324cbd47681c1;/home/luna/TG/java-projects/guava/guava/src/com/google/common/collect/LinkedHashMultiset.java;26;107;LinkedHashMultiset;AbstractMapBasedMultiset<E>;[];1;[[E]];[GwtCompatible, SuppressWarnings];
;;guava;adce8999989d80c80fda3607dac324cbd47681c1;/home/luna/TG/java-projects/guava/guava/src/com/google/common/collect/SortedIterable.java;21;41;SortedIterable;null;[Iterable<T>];1;[[T]];[GwtCompatible];
;;guava;adce8999989d80c80fda3607dac324cbd47681c1;/home/luna/TG/java-projects/guava/guava/src/com/google/common/collect/SortedMultisets.java;33;171;SortedMultisets;null;[];0;[];[GwtCompatible];
;;guava;adce8999989d80c80fda3607dac324cbd47681c1;/home/luna/TG/java-projects/guava/guava/src/com/google/common/collect/SortedMultisets.java;43;87;ElementSet;Multisets.ElementSet<E>;[SortedSet<E>];1;[[E]];[];
;;guava;adce8999989d80c80fda3607dac324cbd47681c1;/home/luna/TG/java-projects/guava/guava/src/com/google/common/collect/SortedMultisets.java;89;159;NavigableElementSet;ElementSet<E>;[NavigableSet<E>];1;[[E]];[GwtIncompatible];
;;guava;adce8999989d80c80fda3607dac324cbd47681c1;/home/luna/TG/java-projects/guava/guava/src/com/google/common/collect/ForwardingSortedMultiset.java;23;222;ForwardingSortedMultiset;ForwardingMultiset<E>;[SortedMultiset<E>];1;[[E]];[Beta, GwtCompatible];
;;guava;adce8999989d80c80fda3607dac324cbd47681c1;/home/luna/TG/java-projects/guava/guava/src/com/google/common/collect/ForwardingSortedMultiset.java;60;76;StandardElementSet;SortedMultisets.NavigableElementSet<E>;[];0;[];[];
;;guava;adce8999989d80c80fda3607dac324cbd47681c1;/home/luna/TG/java-projects/guava/guava/src/com/google/common/collect/ForwardingSortedMultiset.java;88;106;StandardDescendingMultiset;DescendingMultiset<E>;[];0;[];[];
;;guava;adce8999989d80c80fda3607dac324cbd47681c1;/home/luna/TG/java-projects/guava/guava/src/com/google/common/collect/EmptyImmutableSortedSet.java;29;133;EmptyImmutableSortedSet;ImmutableSortedSet<E>;[];1;[[E]];[GwtCompatible, SuppressWarnings];
;;guava;adce8999989d80c80fda3607dac324cbd47681c1;/home/luna/TG/java-projects/guava/guava/src/com/google/common/collect/GenericMapMaker.java;31;143;GenericMapMaker;null;[];2;[[K0, V0], [K0, V0]];[Beta, GwtCompatible];
;;guava;adce8999989d80c80fda3607dac324cbd47681c1;/home/luna/TG/java-projects/guava/guava/src/com/google/common/collect/AbstractMapEntry.java;24;68;AbstractMapEntry;null;[Entry<K,V>];2;[[K, V], [K, V]];[GwtCompatible];
;;guava;adce8999989d80c80fda3607dac324cbd47681c1;/home/luna/TG/java-projects/guava/guava/src/com/google/common/collect/FilteredMultimapValues.java;31;97;FilteredMultimapValues;AbstractCollection<V>;[];2;[[K, V], [K, V]];[GwtCompatible];
;;guava;adce8999989d80c80fda3607dac324cbd47681c1;/home/luna/TG/java-projects/guava/guava/src/com/google/common/collect/Collections2.java;44;725;Collections2;null;[];0;[];[GwtCompatible];
;;guava;adce8999989d80c80fda3607dac324cbd47681c1;/home/luna/TG/java-projects/guava/guava/src/com/google/common/collect/Collections2.java;135;245;FilteredCollection;AbstractCollection<E>;[];1;[[E]];[];
;;guava;adce8999989d80c80fda3607dac324cbd47681c1;/home/luna/TG/java-projects/guava/guava/src/com/google/common/collect/Collections2.java;273;318;TransformedCollection;AbstractCollection<T>;[];2;[[F, T], [F, T]];[];
;;guava;adce8999989d80c80fda3607dac324cbd47681c1;/home/luna/TG/java-projects/guava/guava/src/com/google/common/collect/Collections2.java;457;530;OrderedPermutationCollection;AbstractCollection<List<E>>;[];1;[[E]];[];
;;guava;adce8999989d80c80fda3607dac324cbd47681c1;/home/luna/TG/java-projects/guava/guava/src/com/google/common/collect/Collections2.java;532;583;OrderedPermutationIterator;AbstractIterator<List<E>>;[];1;[[E]];[];
;;guava;adce8999989d80c80fda3607dac324cbd47681c1;/home/luna/TG/java-projects/guava/guava/src/com/google/common/collect/Collections2.java;610;645;PermutationCollection;AbstractCollection<List<E>>;[];1;[[E]];[];
;;guava;adce8999989d80c80fda3607dac324cbd47681c1;/home/luna/TG/java-projects/guava/guava/src/com/google/common/collect/Collections2.java;647;708;PermutationIterator;AbstractIterator<List<E>>;[];1;[[E]];[];
;;guava;adce8999989d80c80fda3607dac324cbd47681c1;/home/luna/TG/java-projects/guava/guava/src/com/google/common/collect/SortedMultisetBridge.java;22;33;SortedMultisetBridge;null;[Multiset<E>];1;[[E]];[GwtIncompatible];
;;guava;adce8999989d80c80fda3607dac324cbd47681c1;/home/luna/TG/java-projects/guava/guava/src/com/google/common/collect/ImmutableList.java;44;823;ImmutableList;ImmutableCollection<E>;[List<E>, RandomAccess];1;[[E]];[GwtCompatible, SuppressWarnings];
;;guava;adce8999989d80c80fda3607dac324cbd47681c1;/home/luna/TG/java-projects/guava/guava/src/com/google/common/collect/ImmutableList.java;461;491;SubList;ImmutableList<E>;[];0;[];[];
;;guava;adce8999989d80c80fda3607dac324cbd47681c1;/home/luna/TG/java-projects/guava/guava/src/com/google/common/collect/ImmutableList.java;605;663;ReverseImmutableList;ImmutableList<E>;[];1;[[E]];[];
;;guava;adce8999989d80c80fda3607dac324cbd47681c1;/home/luna/TG/java-projects/guava/guava/src/com/google/common/collect/ImmutableList.java;687;699;SerializedForm;null;[Serializable];0;[];[];
;;guava;adce8999989d80c80fda3607dac324cbd47681c1;/home/luna/TG/java-projects/guava/guava/src/com/google/common/collect/ImmutableList.java;718;822;Builder;ImmutableCollection.ArrayBasedBuilder<E>;[];1;[[E]];[];
;;guava;adce8999989d80c80fda3607dac324cbd47681c1;/home/luna/TG/java-projects/guava/guava/src/com/google/common/collect/Count.java;21;70;Count;null;[Serializable];0;[];[GwtCompatible];
;;guava;adce8999989d80c80fda3607dac324cbd47681c1;/home/luna/TG/java-projects/guava/guava/src/com/google/common/collect/StandardTable.java;48;1001;StandardTable;AbstractTable<R,C,V>;[Serializable];3;[[R, C, V], [R, C, V], [R, C, V]];[GwtCompatible];
;;guava;adce8999989d80c80fda3607dac324cbd47681c1;/home/luna/TG/java-projects/guava/guava/src/com/google/common/collect/StandardTable.java;203;218;TableSet;ImprovedAbstractSet<T>;[];1;[[T]];[WeakOuter];
;;guava;adce8999989d80c80fda3607dac324cbd47681c1;/home/luna/TG/java-projects/guava/guava/src/com/google/common/collect/StandardTable.java;240;267;CellIterator;null;[Iterator<Cell<R,C,V>>];0;[];[];
;;guava;adce8999989d80c80fda3607dac324cbd47681c1;/home/luna/TG/java-projects/guava/guava/src/com/google/common/collect/StandardTable.java;288;417;Row;IteratorBasedAbstractMap<C,V>;[];0;[];[];
;;guava;adce8999989d80c80fda3607dac324cbd47681c1;/home/luna/TG/java-projects/guava/guava/src/com/google/common/collect/StandardTable.java;430;622;Column;ViewCachingAbstractMap<R,V>;[];0;[];[];
;;guava;adce8999989d80c80fda3607dac324cbd47681c1;/home/luna/TG/java-projects/guava/guava/src/com/google/common/collect/StandardTable.java;485;535;EntrySet;ImprovedAbstractSet<Entry<R,V>>;[];0;[];[WeakOuter];
;;guava;adce8999989d80c80fda3607dac324cbd47681c1;/home/luna/TG/java-projects/guava/guava/src/com/google/common/collect/StandardTable.java;537;567;EntrySetIterator;AbstractIterator<Entry<R,V>>;[];0;[];[];
;;guava;adce8999989d80c80fda3607dac324cbd47681c1;/home/luna/TG/java-projects/guava/guava/src/com/google/common/collect/StandardTable.java;545;561;EntryImpl;AbstractMapEntry<R,V>;[];0;[];[WeakOuter];
;;guava;adce8999989d80c80fda3607dac324cbd47681c1;/home/luna/TG/java-projects/guava/guava/src/com/google/common/collect/StandardTable.java;574;594;KeySet;Maps.KeySet<R,V>;[];0;[];[WeakOuter];
;;guava;adce8999989d80c80fda3607dac324cbd47681c1;/home/luna/TG/java-projects/guava/guava/src/com/google/common/collect/StandardTable.java;601;621;Values;Maps.Values<R,V>;[];0;[];[WeakOuter];
;;guava;adce8999989d80c80fda3607dac324cbd47681c1;/home/luna/TG/java-projects/guava/guava/src/com/google/common/collect/StandardTable.java;646;717;ColumnKeySet;TableSet<C>;[];0;[];[WeakOuter];
;;guava;adce8999989d80c80fda3607dac324cbd47681c1;/home/luna/TG/java-projects/guava/guava/src/com/google/common/collect/StandardTable.java;727;750;ColumnKeyIterator;AbstractIterator<C>;[];0;[];[];
;;guava;adce8999989d80c80fda3607dac324cbd47681c1;/home/luna/TG/java-projects/guava/guava/src/com/google/common/collect/StandardTable.java;775;840;RowMap;ViewCachingAbstractMap<R,Map<C,V>>;[];0;[];[WeakOuter];
;;guava;adce8999989d80c80fda3607dac324cbd47681c1;/home/luna/TG/java-projects/guava/guava/src/com/google/common/collect/StandardTable.java;799;839;EntrySet;TableSet<Entry<R,Map<C,V>>>;[];0;[];[WeakOuter];
;;guava;adce8999989d80c80fda3607dac324cbd47681c1;/home/luna/TG/java-projects/guava/guava/src/com/google/common/collect/StandardTable.java;850;998;ColumnMap;ViewCachingAbstractMap<C,Map<R,V>>;[];0;[];[WeakOuter];
;;guava;adce8999989d80c80fda3607dac324cbd47681c1;/home/luna/TG/java-projects/guava/guava/src/com/google/common/collect/StandardTable.java;885;953;ColumnMapEntrySet;TableSet<Entry<C,Map<R,V>>>;[];0;[];[WeakOuter];
;;guava;adce8999989d80c80fda3607dac324cbd47681c1;/home/luna/TG/java-projects/guava/guava/src/com/google/common/collect/StandardTable.java;955;997;ColumnMapValues;Maps.Values<C,Map<R,V>>;[];0;[];[WeakOuter];
;;guava;adce8999989d80c80fda3607dac324cbd47681c1;/home/luna/TG/java-projects/guava/guava/src/com/google/common/collect/SortedLists.java;28;287;SortedLists;null;[];0;[];[GwtCompatible, Beta];
;;guava;adce8999989d80c80fda3607dac324cbd47681c1;/home/luna/TG/java-projects/guava/guava/src/com/google/common/collect/Constraints.java;30;340;Constraints;null;[];0;[];[GwtCompatible];
;;guava;adce8999989d80c80fda3607dac324cbd47681c1;/home/luna/TG/java-projects/guava/guava/src/com/google/common/collect/Constraints.java;57;82;ConstrainedCollection;ForwardingCollection<E>;[];1;[[E]];[];
;;guava;adce8999989d80c80fda3607dac324cbd47681c1;/home/luna/TG/java-projects/guava/guava/src/com/google/common/collect/Constraints.java;100;125;ConstrainedSet;ForwardingSet<E>;[];1;[[E]];[];
;;guava;adce8999989d80c80fda3607dac324cbd47681c1;/home/luna/TG/java-projects/guava/guava/src/com/google/common/collect/Constraints.java;144;184;ConstrainedSortedSet;ForwardingSortedSet<E>;[];1;[[E]];[];
;;guava;adce8999989d80c80fda3607dac324cbd47681c1;/home/luna/TG/java-projects/guava/guava/src/com/google/common/collect/Constraints.java;205;263;ConstrainedList;ForwardingList<E>;[];1;[[E]];[GwtCompatible];
;;guava;adce8999989d80c80fda3607dac324cbd47681c1;/home/luna/TG/java-projects/guava/guava/src/com/google/common/collect/Constraints.java;265;270;ConstrainedRandomAccessList;ConstrainedList<E>;[RandomAccess];1;[[E]];[];
;;guava;adce8999989d80c80fda3607dac324cbd47681c1;/home/luna/TG/java-projects/guava/guava/src/com/google/common/collect/Constraints.java;286;312;ConstrainedListIterator;ForwardingListIterator<E>;[];1;[[E]];[];
;;guava;adce8999989d80c80fda3607dac324cbd47681c1;/home/luna/TG/java-projects/guava/guava/src/com/google/common/collect/ForwardingConcurrentMap.java;23;72;ForwardingConcurrentMap;ForwardingMap<K,V>;[ConcurrentMap<K,V>];2;[[K, V], [K, V]];[GwtCompatible];
;;guava;adce8999989d80c80fda3607dac324cbd47681c1;/home/luna/TG/java-projects/guava/guava/src/com/google/common/collect/ImmutableMapEntrySet.java;31;132;ImmutableMapEntrySet;ImmutableSet<Entry<K,V>>;[];2;[[K, V], [K, V]];[GwtCompatible];
;;guava;adce8999989d80c80fda3607dac324cbd47681c1;/home/luna/TG/java-projects/guava/guava/src/com/google/common/collect/ImmutableMapEntrySet.java;39;75;RegularEntrySet;ImmutableMapEntrySet<K,V>;[];2;[[K, V], [K, V]];[];
;;guava;adce8999989d80c80fda3607dac324cbd47681c1;/home/luna/TG/java-projects/guava/guava/src/com/google/common/collect/ImmutableMapEntrySet.java;118;131;EntrySetSerializedForm;null;[Serializable];2;[[K, V], [K, V]];[GwtIncompatible];
;;guava;adce8999989d80c80fda3607dac324cbd47681c1;/home/luna/TG/java-projects/guava/guava/src/com/google/common/collect/ImmutableSortedSet.java;43;840;ImmutableSortedSet;ImmutableSortedSetFauxverideShim<E>;[NavigableSet<E>, SortedIterable<E>];1;[[E]];[GwtCompatible, SuppressWarnings];
;;guava;adce8999989d80c80fda3607dac324cbd47681c1;/home/luna/TG/java-projects/guava/guava/src/com/google/common/collect/ImmutableSortedSet.java;437;546;Builder;ImmutableSet.Builder<E>;[];1;[[E]];[];
;;guava;adce8999989d80c80fda3607dac324cbd47681c1;/home/luna/TG/java-projects/guava/guava/src/com/google/common/collect/ImmutableSortedSet.java;815;830;SerializedForm;null;[Serializable];1;[[E]];[];
;;guava;adce8999989d80c80fda3607dac324cbd47681c1;/home/luna/TG/java-projects/guava/guava/src/com/google/common/collect/ForwardingQueue.java;24;129;ForwardingQueue;ForwardingCollection<E>;[Queue<E>];1;[[E]];[GwtCompatible];
;;guava;adce8999989d80c80fda3607dac324cbd47681c1;/home/luna/TG/java-projects/guava/guava/src/com/google/common/collect/CompoundOrdering.java;23;72;CompoundOrdering;Ordering<T>;[Serializable];1;[[T]];[GwtCompatible];
;;guava;adce8999989d80c80fda3607dac324cbd47681c1;/home/luna/TG/java-projects/guava/guava/src/com/google/common/collect/LinkedHashMultimapGwtSerializationDependencies.java;23;38;LinkedHashMultimapGwtSerializationDependencies;AbstractSetMultimap<K,V>;[];2;[[K, V], [K, V]];[GwtCompatible];
;;guava;adce8999989d80c80fda3607dac324cbd47681c1;/home/luna/TG/java-projects/guava/guava/src/com/google/common/collect/LexicographicalOrdering.java;25;79;LexicographicalOrdering;Ordering<Iterable<T>>;[Serializable];1;[[T]];[GwtCompatible];
;;guava;adce8999989d80c80fda3607dac324cbd47681c1;/home/luna/TG/java-projects/guava/guava/src/com/google/common/collect/ForwardingSortedMap.java;28;163;ForwardingSortedMap;ForwardingMap<K,V>;[SortedMap<K,V>];2;[[K, V], [K, V]];[GwtCompatible];
;;guava;adce8999989d80c80fda3607dac324cbd47681c1;/home/luna/TG/java-projects/guava/guava/src/com/google/common/collect/ForwardingSortedMap.java;98;111;StandardKeySet;Maps.SortedKeySet<K,V>;[];0;[];[Beta];
;;guava;adce8999989d80c80fda3607dac324cbd47681c1;/home/luna/TG/java-projects/guava/guava/src/com/google/common/collect/AbstractListMultimap.java;26;133;AbstractListMultimap;AbstractMapBasedMultimap<K,V>;[ListMultimap<K,V>];2;[[K, V], [K, V]];[GwtCompatible];
;;guava;adce8999989d80c80fda3607dac324cbd47681c1;/home/luna/TG/java-projects/guava/guava/src/com/google/common/collect/DescendingMultiset.java;26;156;DescendingMultiset;ForwardingMultiset<E>;[SortedMultiset<E>];1;[[E]];[GwtCompatible];
;;guava;adce8999989d80c80fda3607dac324cbd47681c1;/home/luna/TG/java-projects/guava/guava/src/com/google/common/collect/DescendingMultiset.java;117;133;EntrySetImpl;Multisets.EntrySet<E>;[];0;[];[WeakOuter];
;;guava;adce8999989d80c80fda3607dac324cbd47681c1;/home/luna/TG/java-projects/guava/guava/src/com/google/common/collect/AbstractSortedMultiset.java;26;146;AbstractSortedMultiset;AbstractMultiset<E>;[SortedMultiset<E>];1;[[E]];[GwtCompatible];
;;guava;adce8999989d80c80fda3607dac324cbd47681c1;/home/luna/TG/java-projects/guava/guava/src/com/google/common/collect/AbstractSortedMultiset.java;127;143;DescendingMultisetImpl;DescendingMultiset<E>;[];0;[];[WeakOuter];
;;guava;adce8999989d80c80fda3607dac324cbd47681c1;/home/luna/TG/java-projects/guava/guava/src/com/google/common/collect/RangeMap.java;24;150;RangeMap;null;[];2;[[K extends Comparable, V], [K extends Comparable, V]];[Beta, GwtIncompatible];
;;guava;adce8999989d80c80fda3607dac324cbd47681c1;/home/luna/TG/java-projects/guava/guava/src/com/google/common/collect/TransformedIterator.java;24;54;TransformedIterator;null;[Iterator<T>];2;[[F, T], [F, T]];[GwtCompatible];
;;guava;adce8999989d80c80fda3607dac324cbd47681c1;/home/luna/TG/java-projects/guava/guava/src/com/google/common/collect/HashBiMap.java;44;742;HashBiMap;IteratorBasedAbstractMap<K,V>;[BiMap<K,V>, Serializable];2;[[K, V], [K, V]];[GwtCompatible];
;;guava;adce8999989d80c80fda3607dac324cbd47681c1;/home/luna/TG/java-projects/guava/guava/src/com/google/common/collect/HashBiMap.java;88;103;BiEntry;ImmutableEntry<K,V>;[];2;[[K, V], [K, V]];[];
;;guava;adce8999989d80c80fda3607dac324cbd47681c1;/home/luna/TG/java-projects/guava/guava/src/com/google/common/collect/HashBiMap.java;393;430;Itr;null;[Iterator<T>];1;[[T]];[];
;;guava;adce8999989d80c80fda3607dac324cbd47681c1;/home/luna/TG/java-projects/guava/guava/src/com/google/common/collect/HashBiMap.java;437;465;KeySet;Maps.KeySet<K,V>;[];0;[];[WeakOuter];
;;guava;adce8999989d80c80fda3607dac324cbd47681c1;/home/luna/TG/java-projects/guava/guava/src/com/google/common/collect/HashBiMap.java;480;518;MapEntry;AbstractMapEntry<K,V>;[];0;[];[];
;;guava;adce8999989d80c80fda3607dac324cbd47681c1;/home/luna/TG/java-projects/guava/guava/src/com/google/common/collect/HashBiMap.java;550;709;Inverse;IteratorBasedAbstractMap<V,K>;[BiMap<V,K>, Serializable];0;[];[];
;;guava;adce8999989d80c80fda3607dac324cbd47681c1;/home/luna/TG/java-projects/guava/guava/src/com/google/common/collect/HashBiMap.java;610;636;InverseKeySet;Maps.KeySet<V,K>;[];0;[];[WeakOuter];
;;guava;adce8999989d80c80fda3607dac324cbd47681c1;/home/luna/TG/java-projects/guava/guava/src/com/google/common/collect/HashBiMap.java;651;686;InverseEntry;AbstractMapEntry<V,K>;[];0;[];[];
;;guava;adce8999989d80c80fda3607dac324cbd47681c1;/home/luna/TG/java-projects/guava/guava/src/com/google/common/collect/HashBiMap.java;711;721;InverseSerializedForm;null;[Serializable];2;[[K, V], [K, V]];[];
;;guava;adce8999989d80c80fda3607dac324cbd47681c1;/home/luna/TG/java-projects/guava/guava/src/com/google/common/collect/ExplicitOrdering.java;24;70;ExplicitOrdering;Ordering<T>;[Serializable];1;[[T]];[GwtCompatible];
;;guava;adce8999989d80c80fda3607dac324cbd47681c1;/home/luna/TG/java-projects/guava/guava/src/com/google/common/collect/AbstractSortedKeySortedSetMultimap.java;24;54;AbstractSortedKeySortedSetMultimap;AbstractSortedSetMultimap<K,V>;[];2;[[K, V], [K, V]];[GwtCompatible];
;;guava;adce8999989d80c80fda3607dac324cbd47681c1;/home/luna/TG/java-projects/guava/guava/src/com/google/common/collect/UnmodifiableSortedMultiset.java;24;109;UnmodifiableSortedMultiset;UnmodifiableMultiset<E>;[SortedMultiset<E>];1;[[E]];[GwtCompatible];
;;guava;adce8999989d80c80fda3607dac324cbd47681c1;/home/luna/TG/java-projects/guava/guava/src/com/google/common/collect/Synchronized.java;53;1977;Synchronized;null;[];0;[];[GwtCompatible];
;;guava;adce8999989d80c80fda3607dac324cbd47681c1;/home/luna/TG/java-projects/guava/guava/src/com/google/common/collect/Synchronized.java;70;106;SynchronizedObject;null;[Serializable];0;[];[];
;;guava;adce8999989d80c80fda3607dac324cbd47681c1;/home/luna/TG/java-projects/guava/guava/src/com/google/common/collect/Synchronized.java;112;249;SynchronizedCollection;SynchronizedObject;[Collection<E>];1;[[E]];[VisibleForTesting];
;;guava;adce8999989d80c80fda3607dac324cbd47681c1;/home/luna/TG/java-projects/guava/guava/src/com/google/common/collect/Synchronized.java;256;285;SynchronizedSet;SynchronizedCollection<E>;[Set<E>];1;[[E]];[];
;;guava;adce8999989d80c80fda3607dac324cbd47681c1;/home/luna/TG/java-projects/guava/guava/src/com/google/common/collect/Synchronized.java;291;344;SynchronizedSortedSet;SynchronizedSet<E>;[SortedSet<E>];1;[[E]];[];
;;guava;adce8999989d80c80fda3607dac324cbd47681c1;/home/luna/TG/java-projects/guava/guava/src/com/google/common/collect/Synchronized.java;352;460;SynchronizedList;SynchronizedCollection<E>;[List<E>];1;[[E]];[];
;;guava;adce8999989d80c80fda3607dac324cbd47681c1;/home/luna/TG/java-projects/guava/guava/src/com/google/common/collect/Synchronized.java;462;469;SynchronizedRandomAccessList;SynchronizedList<E>;[RandomAccess];1;[[E]];[];
;;guava;adce8999989d80c80fda3607dac324cbd47681c1;/home/luna/TG/java-projects/guava/guava/src/com/google/common/collect/Synchronized.java;478;565;SynchronizedMultiset;SynchronizedCollection<E>;[Multiset<E>];1;[[E]];[];
;;guava;adce8999989d80c80fda3607dac324cbd47681c1;/home/luna/TG/java-projects/guava/guava/src/com/google/common/collect/Synchronized.java;574;758;SynchronizedMultimap;SynchronizedObject;[Multimap<K,V>];2;[[K, V], [K, V]];[];
;;guava;adce8999989d80c80fda3607dac324cbd47681c1;/home/luna/TG/java-projects/guava/guava/src/com/google/common/collect/Synchronized.java;768;801;SynchronizedListMultimap;SynchronizedMultimap<K,V>;[ListMultimap<K,V>];2;[[K, V], [K, V]];[];
;;guava;adce8999989d80c80fda3607dac324cbd47681c1;/home/luna/TG/java-projects/guava/guava/src/com/google/common/collect/Synchronized.java;810;855;SynchronizedSetMultimap;SynchronizedMultimap<K,V>;[SetMultimap<K,V>];2;[[K, V], [K, V]];[];
;;guava;adce8999989d80c80fda3607dac324cbd47681c1;/home/luna/TG/java-projects/guava/guava/src/com/google/common/collect/Synchronized.java;865;905;SynchronizedSortedSetMultimap;SynchronizedSetMultimap<K,V>;[SortedSetMultimap<K,V>];2;[[K, V], [K, V]];[];
;;guava;adce8999989d80c80fda3607dac324cbd47681c1;/home/luna/TG/java-projects/guava/guava/src/com/google/common/collect/Synchronized.java;929;1019;SynchronizedAsMapEntries;SynchronizedSet<Map.Entry<K,Collection<V>>>;[];2;[[K, V], [K, V]];[];
;;guava;adce8999989d80c80fda3607dac324cbd47681c1;/home/luna/TG/java-projects/guava/guava/src/com/google/common/collect/Synchronized.java;1026;1231;SynchronizedMap;SynchronizedObject;[Map<K,V>];2;[[K, V], [K, V]];[];
;;guava;adce8999989d80c80fda3607dac324cbd47681c1;/home/luna/TG/java-projects/guava/guava/src/com/google/common/collect/Synchronized.java;1237;1292;SynchronizedSortedMap;SynchronizedMap<K,V>;[SortedMap<K,V>];2;[[K, V], [K, V]];[];
;;guava;adce8999989d80c80fda3607dac324cbd47681c1;/home/luna/TG/java-projects/guava/guava/src/com/google/common/collect/Synchronized.java;1301;1347;SynchronizedBiMap;SynchronizedMap<K,V>;[BiMap<K,V>, Serializable];2;[[K, V], [K, V]];[VisibleForTesting];
;;guava;adce8999989d80c80fda3607dac324cbd47681c1;/home/luna/TG/java-projects/guava/guava/src/com/google/common/collect/Synchronized.java;1349;1392;SynchronizedAsMap;SynchronizedMap<K,Collection<V>>;[];2;[[K, V], [K, V]];[];
;;guava;adce8999989d80c80fda3607dac324cbd47681c1;/home/luna/TG/java-projects/guava/guava/src/com/google/common/collect/Synchronized.java;1394;1411;SynchronizedAsMapValues;SynchronizedCollection<Collection<V>>;[];1;[[V]];[];
;;guava;adce8999989d80c80fda3607dac324cbd47681c1;/home/luna/TG/java-projects/guava/guava/src/com/google/common/collect/Synchronized.java;1413;1526;SynchronizedNavigableSet;SynchronizedSortedSet<E>;[NavigableSet<E>];1;[[E]];[GwtIncompatible, VisibleForTesting];
;;guava;adce8999989d80c80fda3607dac324cbd47681c1;/home/luna/TG/java-projects/guava/guava/src/com/google/common/collect/Synchronized.java;1549;1726;SynchronizedNavigableMap;SynchronizedSortedMap<K,V>;[NavigableMap<K,V>];2;[[K, V], [K, V]];[GwtIncompatible, VisibleForTesting];
;;guava;adce8999989d80c80fda3607dac324cbd47681c1;/home/luna/TG/java-projects/guava/guava/src/com/google/common/collect/Synchronized.java;1737;1786;SynchronizedEntry;SynchronizedObject;[Entry<K,V>];2;[[K, V], [K, V]];[GwtIncompatible];
;;guava;adce8999989d80c80fda3607dac324cbd47681c1;/home/luna/TG/java-projects/guava/guava/src/com/google/common/collect/Synchronized.java;1792;1839;SynchronizedQueue;SynchronizedCollection<E>;[Queue<E>];1;[[E]];[];
;;guava;adce8999989d80c80fda3607dac324cbd47681c1;/home/luna/TG/java-projects/guava/guava/src/com/google/common/collect/Synchronized.java;1845;1976;SynchronizedDeque;SynchronizedQueue<E>;[Deque<E>];1;[[E]];[];
;;guava;adce8999989d80c80fda3607dac324cbd47681c1;/home/luna/TG/java-projects/guava/guava/src/com/google/common/collect/TreeRangeSet.java;35;934;TreeRangeSet;AbstractRangeSet<C>;[Serializable];1;[[C extends Comparable<?>]];[Beta, GwtIncompatible];
;;guava;adce8999989d80c80fda3607dac324cbd47681c1;/home/luna/TG/java-projects/guava/guava/src/com/google/common/collect/TreeRangeSet.java;100;122;AsRanges;ForwardingCollection<Range<C>>;[Set<Range<C>>];0;[];[];
;;guava;adce8999989d80c80fda3607dac324cbd47681c1;/home/luna/TG/java-projects/guava/guava/src/com/google/common/collect/TreeRangeSet.java;284;448;RangesByUpperBound;AbstractNavigableMap<Cut<C>,Range<C>>;[];1;[[C extends Comparable<?>]];[VisibleForTesting];
;;guava;adce8999989d80c80fda3607dac324cbd47681c1;/home/luna/TG/java-projects/guava/guava/src/com/google/common/collect/TreeRangeSet.java;450;653;ComplementRangesByLowerBound;AbstractNavigableMap<Cut<C>,Range<C>>;[];1;[[C extends Comparable<?>]];[];
;;guava;adce8999989d80c80fda3607dac324cbd47681c1;/home/luna/TG/java-projects/guava/guava/src/com/google/common/collect/TreeRangeSet.java;655;679;Complement;TreeRangeSet<C>;[];0;[];[];
;;guava;adce8999989d80c80fda3607dac324cbd47681c1;/home/luna/TG/java-projects/guava/guava/src/com/google/common/collect/TreeRangeSet.java;681;860;SubRangeSetRangesByLowerBound;AbstractNavigableMap<Cut<C>,Range<C>>;[];1;[[C extends Comparable<?>]];[];
;;guava;adce8999989d80c80fda3607dac324cbd47681c1;/home/luna/TG/java-projects/guava/guava/src/com/google/common/collect/TreeRangeSet.java;867;933;SubRangeSet;TreeRangeSet<C>;[];0;[];[];
;;guava;adce8999989d80c80fda3607dac324cbd47681c1;/home/luna/TG/java-projects/guava/guava/src/com/google/common/collect/ImmutableBiMapFauxverideShim.java;24;63;ImmutableBiMapFauxverideShim;ImmutableMap<K,V>;[];2;[[K, V], [K, V]];[GwtIncompatible];
;;guava;adce8999989d80c80fda3607dac324cbd47681c1;/home/luna/TG/java-projects/guava/guava/src/com/google/common/collect/MapConstraints.java;39;873;MapConstraints;null;[];0;[];[Beta, GwtCompatible, Deprecated];
;;guava;adce8999989d80c80fda3607dac324cbd47681c1;/home/luna/TG/java-projects/guava/guava/src/com/google/common/collect/MapConstraints.java;298;334;ConstrainedMap;ForwardingMap<K,V>;[];2;[[K, V], [K, V]];[];
;;guava;adce8999989d80c80fda3607dac324cbd47681c1;/home/luna/TG/java-projects/guava/guava/src/com/google/common/collect/MapConstraints.java;352;401;ConstrainedBiMap;ConstrainedMap<K,V>;[BiMap<K,V>];2;[[K, V], [K, V]];[];
;;guava;adce8999989d80c80fda3607dac324cbd47681c1;/home/luna/TG/java-projects/guava/guava/src/com/google/common/collect/MapConstraints.java;403;415;InverseConstraint;null;[MapConstraint<K,V>];2;[[K, V], [K, V]];[];
;;guava;adce8999989d80c80fda3607dac324cbd47681c1;/home/luna/TG/java-projects/guava/guava/src/com/google/common/collect/MapConstraints.java;417;539;ConstrainedMultimap;ForwardingMultimap<K,V>;[Serializable];2;[[K, V], [K, V]];[];
;;guava;adce8999989d80c80fda3607dac324cbd47681c1;/home/luna/TG/java-projects/guava/guava/src/com/google/common/collect/MapConstraints.java;444;487;AsMap;ForwardingMap<K,Collection<V>>;[];0;[];[WeakOuter];
;;guava;adce8999989d80c80fda3607dac324cbd47681c1;/home/luna/TG/java-projects/guava/guava/src/com/google/common/collect/MapConstraints.java;541;616;ConstrainedAsMapValues;ForwardingCollection<Collection<V>>;[];2;[[K, V], [K, V]];[];
;;guava;adce8999989d80c80fda3607dac324cbd47681c1;/home/luna/TG/java-projects/guava/guava/src/com/google/common/collect/MapConstraints.java;618;680;ConstrainedEntries;ForwardingCollection<Entry<K,V>>;[];2;[[K, V], [K, V]];[];
;;guava;adce8999989d80c80fda3607dac324cbd47681c1;/home/luna/TG/java-projects/guava/guava/src/com/google/common/collect/MapConstraints.java;682;700;ConstrainedEntrySet;ConstrainedEntries<K,V>;[Set<Entry<K,V>>];2;[[K, V], [K, V]];[];
;;guava;adce8999989d80c80fda3607dac324cbd47681c1;/home/luna/TG/java-projects/guava/guava/src/com/google/common/collect/MapConstraints.java;702;775;ConstrainedAsMapEntries;ForwardingSet<Entry<K,Collection<V>>>;[];2;[[K, V], [K, V]];[];
;;guava;adce8999989d80c80fda3607dac324cbd47681c1;/home/luna/TG/java-projects/guava/guava/src/com/google/common/collect/MapConstraints.java;777;798;ConstrainedListMultimap;ConstrainedMultimap<K,V>;[ListMultimap<K,V>];2;[[K, V], [K, V]];[];
;;guava;adce8999989d80c80fda3607dac324cbd47681c1;/home/luna/TG/java-projects/guava/guava/src/com/google/common/collect/MapConstraints.java;800;826;ConstrainedSetMultimap;ConstrainedMultimap<K,V>;[SetMultimap<K,V>];2;[[K, V], [K, V]];[];
;;guava;adce8999989d80c80fda3607dac324cbd47681c1;/home/luna/TG/java-projects/guava/guava/src/com/google/common/collect/MapConstraints.java;828;854;ConstrainedSortedSetMultimap;ConstrainedSetMultimap<K,V>;[SortedSetMultimap<K,V>];2;[[K, V], [K, V]];[];
;;guava;adce8999989d80c80fda3607dac324cbd47681c1;/home/luna/TG/java-projects/guava/guava/src/com/google/common/collect/SparseImmutableTable.java;22;138;SparseImmutableTable;RegularImmutableTable<R,C,V>;[];3;[[R, C, V], [R, C, V], [R, C, V]];[GwtCompatible, Immutable];
;;guava;adce8999989d80c80fda3607dac324cbd47681c1;/home/luna/TG/java-projects/guava/guava/src/com/google/common/collect/CollectSpliterators.java;32;288;CollectSpliterators;null;[];0;[];[GwtCompatible];
;;guava;adce8999989d80c80fda3607dac324cbd47681c1;/home/luna/TG/java-projects/guava/guava/src/com/google/common/collect/CollectSpliterators.java;51;93;WithCharacteristics;null;[Spliterator<T>];0;[];[];
;;guava;adce8999989d80c80fda3607dac324cbd47681c1;/home/luna/TG/java-projects/guava/guava/src/com/google/common/collect/CollectSpliterators.java;141;188;Splitr;null;[Spliterator<T>, Consumer<T>];0;[];[];
;;guava;adce8999989d80c80fda3607dac324cbd47681c1;/home/luna/TG/java-projects/guava/guava/src/com/google/common/collect/CollectSpliterators.java;209;285;FlatMapSpliterator;null;[Spliterator<T>];0;[];[];
;;guava;adce8999989d80c80fda3607dac324cbd47681c1;/home/luna/TG/java-projects/guava/guava/src/com/google/common/collect/AbstractMapBasedMultiset.java;38;310;AbstractMapBasedMultiset;AbstractMultiset<E>;[Serializable];1;[[E]];[GwtCompatible];
;;guava;adce8999989d80c80fda3607dac324cbd47681c1;/home/luna/TG/java-projects/guava/guava/src/com/google/common/collect/AbstractMapBasedMultiset.java;165;204;MapBasedMultisetIterator;null;[Iterator<E>];0;[];[];
;;guava;adce8999989d80c80fda3607dac324cbd47681c1;/home/luna/TG/java-projects/guava/guava/src/com/google/common/collect/MultitransformedIterator.java;24;75;MultitransformedIterator;null;[Iterator<T>];2;[[F, T], [F, T]];[GwtCompatible];
;;guava;adce8999989d80c80fda3607dac324cbd47681c1;/home/luna/TG/java-projects/guava/guava/src/com/google/common/collect/UnmodifiableListIterator.java;22;58;UnmodifiableListIterator;UnmodifiableIterator<E>;[ListIterator<E>];1;[[E]];[GwtCompatible];
;;guava;adce8999989d80c80fda3607dac324cbd47681c1;/home/luna/TG/java-projects/guava/guava/src/com/google/common/collect/EmptyContiguousSet.java;23;168;EmptyContiguousSet;ContiguousSet<C>;[];1;[[C extends Comparable]];[GwtCompatible, SuppressWarnings];
;;guava;adce8999989d80c80fda3607dac324cbd47681c1;/home/luna/TG/java-projects/guava/guava/src/com/google/common/collect/EmptyContiguousSet.java;143;156;SerializedForm;null;[Serializable];1;[[C extends Comparable]];[GwtIncompatible];
;;guava;adce8999989d80c80fda3607dac324cbd47681c1;/home/luna/TG/java-projects/guava/guava/src/com/google/common/collect/Ranges.java;24;214;Ranges;null;[];0;[];[Deprecated, GwtCompatible, Beta];
;;guava;adce8999989d80c80fda3607dac324cbd47681c1;/home/luna/TG/java-projects/guava/guava/src/com/google/common/collect/ImmutableAsList.java;25;87;ImmutableAsList;ImmutableList<E>;[];1;[[E]];[GwtCompatible, SuppressWarnings];
;;guava;adce8999989d80c80fda3607dac324cbd47681c1;/home/luna/TG/java-projects/guava/guava/src/com/google/common/collect/ImmutableAsList.java;59;75;SerializedForm;null;[Serializable];0;[];[GwtIncompatible];
;;guava;adce8999989d80c80fda3607dac324cbd47681c1;/home/luna/TG/java-projects/guava/guava/src/com/google/common/collect/TreeBasedTable.java;36;355;TreeBasedTable;StandardRowSortedTable<R,C,V>;[];3;[[R, C, V], [R, C, V], [R, C, V]];[GwtCompatible];
;;guava;adce8999989d80c80fda3607dac324cbd47681c1;/home/luna/TG/java-projects/guava/guava/src/com/google/common/collect/TreeBasedTable.java;78;91;Factory;null;[Supplier<TreeMap<C,V>>, Serializable];2;[[C, V], [C, V]];[];
;;guava;adce8999989d80c80fda3607dac324cbd47681c1;/home/luna/TG/java-projects/guava/guava/src/com/google/common/collect/TreeBasedTable.java;171;298;TreeRow;Row;[SortedMap<C,V>];0;[];[];
;;guava;adce8999989d80c80fda3607dac324cbd47681c1;/home/luna/TG/java-projects/guava/guava/src/com/google/common/collect/ImmutableClassToInstanceMap.java;28;196;ImmutableClassToInstanceMap;ForwardingMap<Class<? extends B>,B>;[ClassToInstanceMap<B>, Serializable];1;[[B]];[GwtIncompatible];
;;guava;adce8999989d80c80fda3607dac324cbd47681c1;/home/luna/TG/java-projects/guava/guava/src/com/google/common/collect/ImmutableClassToInstanceMap.java;70;136;Builder;null;[];1;[[B]];[];
;;guava;adce8999989d80c80fda3607dac324cbd47681c1;/home/luna/TG/java-projects/guava/guava/src/com/google/common/collect/ForwardingMultimap.java;27;150;ForwardingMultimap;ForwardingObject;[Multimap<K,V>];2;[[K, V], [K, V]];[GwtCompatible];
;;guava;adce8999989d80c80fda3607dac324cbd47681c1;/home/luna/TG/java-projects/guava/guava/src/com/google/common/collect/AbstractMapBasedMultimap.java;47;1644;AbstractMapBasedMultimap;AbstractMultimap<K,V>;[Serializable];2;[[K, V], [K, V]];[GwtCompatible];
;;guava;adce8999989d80c80fda3607dac324cbd47681c1;/home/luna/TG/java-projects/guava/guava/src/com/google/common/collect/AbstractMapBasedMultimap.java;336;610;WrappedCollection;AbstractCollection<V>;[];0;[];[WeakOuter];
;;guava;adce8999989d80c80fda3607dac324cbd47681c1;/home/luna/TG/java-projects/guava/guava/src/com/google/common/collect/AbstractMapBasedMultimap.java;463;510;WrappedIterator;null;[Iterator<V>];0;[];[];
;;guava;adce8999989d80c80fda3607dac324cbd47681c1;/home/luna/TG/java-projects/guava/guava/src/com/google/common/collect/AbstractMapBasedMultimap.java;618;643;WrappedSet;WrappedCollection;[Set<V>];0;[];[WeakOuter];
;;guava;adce8999989d80c80fda3607dac324cbd47681c1;/home/luna/TG/java-projects/guava/guava/src/com/google/common/collect/AbstractMapBasedMultimap.java;645;701;WrappedSortedSet;WrappedCollection;[SortedSet<V>];0;[];[WeakOuter];
;;guava;adce8999989d80c80fda3607dac324cbd47681c1;/home/luna/TG/java-projects/guava/guava/src/com/google/common/collect/AbstractMapBasedMultimap.java;703;775;WrappedNavigableSet;WrappedSortedSet;[NavigableSet<V>];0;[];[WeakOuter];
;;guava;adce8999989d80c80fda3607dac324cbd47681c1;/home/luna/TG/java-projects/guava/guava/src/com/google/common/collect/AbstractMapBasedMultimap.java;777;917;WrappedList;WrappedCollection;[List<V>];0;[];[WeakOuter];
;;guava;adce8999989d80c80fda3607dac324cbd47681c1;/home/luna/TG/java-projects/guava/guava/src/com/google/common/collect/AbstractMapBasedMultimap.java;870;916;WrappedListIterator;WrappedIterator;[ListIterator<V>];0;[];[];
;;guava;adce8999989d80c80fda3607dac324cbd47681c1;/home/luna/TG/java-projects/guava/guava/src/com/google/common/collect/AbstractMapBasedMultimap.java;919;928;RandomAccessWrappedList;WrappedList;[RandomAccess];0;[];[];
;;guava;adce8999989d80c80fda3607dac324cbd47681c1;/home/luna/TG/java-projects/guava/guava/src/com/google/common/collect/AbstractMapBasedMultimap.java;941;1013;KeySet;Maps.KeySet<K,Collection<V>>;[];0;[];[WeakOuter];
;;guava;adce8999989d80c80fda3607dac324cbd47681c1;/home/luna/TG/java-projects/guava/guava/src/com/google/common/collect/AbstractMapBasedMultimap.java;1015;1055;SortedKeySet;KeySet;[SortedSet<K>];0;[];[WeakOuter];
;;guava;adce8999989d80c80fda3607dac324cbd47681c1;/home/luna/TG/java-projects/guava/guava/src/com/google/common/collect/AbstractMapBasedMultimap.java;1057;1139;NavigableKeySet;SortedKeySet;[NavigableSet<K>];0;[];[WeakOuter];
;;guava;adce8999989d80c80fda3607dac324cbd47681c1;/home/luna/TG/java-projects/guava/guava/src/com/google/common/collect/AbstractMapBasedMultimap.java;1154;1193;Itr;null;[Iterator<T>];1;[[T]];[];
;;guava;adce8999989d80c80fda3607dac324cbd47681c1;/home/luna/TG/java-projects/guava/guava/src/com/google/common/collect/AbstractMapBasedMultimap.java;1293;1440;AsMap;ViewCachingAbstractMap<K,Collection<V>>;[];0;[];[WeakOuter];
;;guava;adce8999989d80c80fda3607dac324cbd47681c1;/home/luna/TG/java-projects/guava/guava/src/com/google/common/collect/AbstractMapBasedMultimap.java;1381;1414;AsMapEntries;Maps.EntrySet<K,Collection<V>>;[];0;[];[WeakOuter];
;;guava;adce8999989d80c80fda3607dac324cbd47681c1;/home/luna/TG/java-projects/guava/guava/src/com/google/common/collect/AbstractMapBasedMultimap.java;1416;1439;AsMapIterator;null;[Iterator<Map.Entry<K,Collection<V>>>];0;[];[];
;;guava;adce8999989d80c80fda3607dac324cbd47681c1;/home/luna/TG/java-projects/guava/guava/src/com/google/common/collect/AbstractMapBasedMultimap.java;1442;1496;SortedAsMap;AsMap;[SortedMap<K,Collection<V>>];0;[];[WeakOuter];
;;guava;adce8999989d80c80fda3607dac324cbd47681c1;/home/luna/TG/java-projects/guava/guava/src/com/google/common/collect/AbstractMapBasedMultimap.java;1498;1641;NavigableAsMap;SortedAsMap;[NavigableMap<K,Collection<V>>];0;[];[];
;;guava;adce8999989d80c80fda3607dac324cbd47681c1;/home/luna/TG/java-projects/guava/guava/src/com/google/common/collect/NullsFirstOrdering.java;23;86;NullsFirstOrdering;Ordering<T>;[Serializable];1;[[T]];[GwtCompatible];
;;guava;adce8999989d80c80fda3607dac324cbd47681c1;/home/luna/TG/java-projects/guava/guava/src/com/google/common/collect/Cut.java;25;456;Cut;null;[Comparable<Cut<C>>, Serializable];1;[[C extends Comparable]];[GwtCompatible];
;;guava;adce8999989d80c80fda3607dac324cbd47681c1;/home/luna/TG/java-projects/guava/guava/src/com/google/common/collect/Cut.java;115;198;BelowAll;Cut<Comparable<?>>;[];0;[];[];
;;guava;adce8999989d80c80fda3607dac324cbd47681c1;/home/luna/TG/java-projects/guava/guava/src/com/google/common/collect/Cut.java;209;283;AboveAll;Cut<Comparable<?>>;[];0;[];[];
;;guava;adce8999989d80c80fda3607dac324cbd47681c1;/home/luna/TG/java-projects/guava/guava/src/com/google/common/collect/Cut.java;289;366;BelowValue;Cut<C>;[];1;[[C extends Comparable]];[];
;;guava;adce8999989d80c80fda3607dac324cbd47681c1;/home/luna/TG/java-projects/guava/guava/src/com/google/common/collect/Cut.java;372;455;AboveValue;Cut<C>;[];1;[[C extends Comparable]];[];
;;guava;adce8999989d80c80fda3607dac324cbd47681c1;/home/luna/TG/java-projects/guava/guava/src/com/google/common/collect/ReverseOrdering.java;26;111;ReverseOrdering;Ordering<T>;[Serializable];1;[[T]];[GwtCompatible];
;;guava;adce8999989d80c80fda3607dac324cbd47681c1;/home/luna/TG/java-projects/guava/guava/src/com/google/common/collect/ImmutableSet.java;41;556;ImmutableSet;ImmutableCollection<E>;[Set<E>];1;[[E]];[GwtCompatible, SuppressWarnings];
;;guava;adce8999989d80c80fda3607dac324cbd47681c1;/home/luna/TG/java-projects/guava/guava/src/com/google/common/collect/ImmutableSet.java;372;408;Indexed;ImmutableSet<E>;[];1;[[E]];[];
;;guava;adce8999989d80c80fda3607dac324cbd47681c1;/home/luna/TG/java-projects/guava/guava/src/com/google/common/collect/ImmutableSet.java;417;429;SerializedForm;null;[Serializable];0;[];[];
;;guava;adce8999989d80c80fda3607dac324cbd47681c1;/home/luna/TG/java-projects/guava/guava/src/com/google/common/collect/ImmutableSet.java;444;555;Builder;ImmutableCollection.ArrayBasedBuilder<E>;[];1;[[E]];[];
;;guava;adce8999989d80c80fda3607dac324cbd47681c1;/home/luna/TG/java-projects/guava/guava/src/com/google/common/collect/TransformedListIterator.java;23;70;TransformedListIterator;TransformedIterator<F,T>;[ListIterator<T>];2;[[F, T], [F, T]];[GwtCompatible];
;;guava;adce8999989d80c80fda3607dac324cbd47681c1;/home/luna/TG/java-projects/guava/guava/src/com/google/common/collect/RegularImmutableBiMap.java;36;297;RegularImmutableBiMap;ImmutableBiMap<K,V>;[];2;[[K, V], [K, V]];[GwtCompatible, SuppressWarnings];
;;guava;adce8999989d80c80fda3607dac324cbd47681c1;/home/luna/TG/java-projects/guava/guava/src/com/google/common/collect/RegularImmutableBiMap.java;190;282;Inverse;ImmutableBiMap<V,K>;[];0;[];[];
;;guava;adce8999989d80c80fda3607dac324cbd47681c1;/home/luna/TG/java-projects/guava/guava/src/com/google/common/collect/RegularImmutableBiMap.java;229;271;InverseEntrySet;ImmutableMapEntrySet<V,K>;[];0;[];[WeakOuter];
;;guava;adce8999989d80c80fda3607dac324cbd47681c1;/home/luna/TG/java-projects/guava/guava/src/com/google/common/collect/RegularImmutableBiMap.java;284;296;InverseSerializedForm;null;[Serializable];2;[[K, V], [K, V]];[];
;;guava;adce8999989d80c80fda3607dac324cbd47681c1;/home/luna/TG/java-projects/guava/guava/src/com/google/common/collect/ContiguousSet.java;26;195;ContiguousSet;ImmutableSortedSet<C>;[];1;[[C extends Comparable]];[GwtCompatible, SuppressWarnings];
;;guava;adce8999989d80c80fda3607dac324cbd47681c1;/home/luna/TG/java-projects/guava/guava/src/com/google/common/collect/Platform.java;22;57;Platform;null;[];0;[];[GwtCompatible];
;;guava;adce8999989d80c80fda3607dac324cbd47681c1;/home/luna/TG/java-projects/guava/guava/src/com/google/common/collect/AbstractRangeSet.java;20;100;AbstractRangeSet;null;[RangeSet<C>];1;[[C extends Comparable]];[GwtIncompatible];
;;guava;adce8999989d80c80fda3607dac324cbd47681c1;/home/luna/TG/java-projects/guava/guava/src/com/google/common/collect/EmptyImmutableSet.java;26;100;EmptyImmutableSet;ImmutableSet<Object>;[];0;[];[GwtCompatible];
;;guava;adce8999989d80c80fda3607dac324cbd47681c1;/home/luna/TG/java-projects/guava/guava/src/com/google/common/collect/RegularImmutableMultiset.java;28;177;RegularImmutableMultiset;ImmutableMultiset<E>;[];1;[[E]];[GwtCompatible, SuppressWarnings];
;;guava;adce8999989d80c80fda3607dac324cbd47681c1;/home/luna/TG/java-projects/guava/guava/src/com/google/common/collect/RegularImmutableMultiset.java;96;108;NonTerminalEntry;Multisets.ImmutableEntry<E>;[];1;[[E]];[];
;;guava;adce8999989d80c80fda3607dac324cbd47681c1;/home/luna/TG/java-projects/guava/guava/src/com/google/common/collect/RegularImmutableMultiset.java;144;166;ElementSet;ImmutableSet.Indexed<E>;[];0;[];[WeakOuter];
;;guava;adce8999989d80c80fda3607dac324cbd47681c1;/home/luna/TG/java-projects/guava/guava/src/com/google/common/collect/StandardRowSortedTable.java;30;144;StandardRowSortedTable;StandardTable<R,C,V>;[RowSortedTable<R,C,V>];3;[[R, C, V], [R, C, V], [R, C, V]];[GwtCompatible];
;;guava;adce8999989d80c80fda3607dac324cbd47681c1;/home/luna/TG/java-projects/guava/guava/src/com/google/common/collect/StandardRowSortedTable.java;93;141;RowSortedMap;RowMap;[SortedMap<R,Map<C,V>>];0;[];[WeakOuter];
;;guava;adce8999989d80c80fda3607dac324cbd47681c1;/home/luna/TG/java-projects/guava/guava/src/com/google/common/collect/PeekingIterator.java;24;70;PeekingIterator;null;[Iterator<E>];1;[[E]];[GwtCompatible];
;;guava;adce8999989d80c80fda3607dac324cbd47681c1;/home/luna/TG/java-projects/guava/guava/src/com/google/common/collect/Maps.java;76;4293;Maps;null;[];0;[];[GwtCompatible];
;;guava;adce8999989d80c80fda3607dac324cbd47681c1;/home/luna/TG/java-projects/guava/guava/src/com/google/common/collect/Maps.java;510;591;MapDifferenceImpl;null;[MapDifference<K,V>];2;[[K, V], [K, V]];[];
;;guava;adce8999989d80c80fda3607dac324cbd47681c1;/home/luna/TG/java-projects/guava/guava/src/com/google/common/collect/Maps.java;593;635;ValueDifferenceImpl;null;[MapDifference.ValueDifference<V>];1;[[V]];[];
;;guava;adce8999989d80c80fda3607dac324cbd47681c1;/home/luna/TG/java-projects/guava/guava/src/com/google/common/collect/Maps.java;670;699;SortedMapDifferenceImpl;MapDifferenceImpl<K,V>;[SortedMapDifference<K,V>];2;[[K, V], [K, V]];[];
;;guava;adce8999989d80c80fda3607dac324cbd47681c1;/home/luna/TG/java-projects/guava/guava/src/com/google/common/collect/Maps.java;807;896;AsMapView;ViewCachingAbstractMap<K,V>;[];2;[[K, V], [K, V]];[];
;;guava;adce8999989d80c80fda3607dac324cbd47681c1;/home/luna/TG/java-projects/guava/guava/src/com/google/common/collect/Maps.java;875;886;EntrySetImpl;EntrySet<K,V>;[];0;[];[WeakOuter];
;;guava;adce8999989d80c80fda3607dac324cbd47681c1;/home/luna/TG/java-projects/guava/guava/src/com/google/common/collect/Maps.java;908;953;SortedAsMapView;AsMapView<K,V>;[SortedMap<K,V>];2;[[K, V], [K, V]];[];
;;guava;adce8999989d80c80fda3607dac324cbd47681c1;/home/luna/TG/java-projects/guava/guava/src/com/google/common/collect/Maps.java;955;1048;NavigableAsMapView;AbstractNavigableMap<K,V>;[];2;[[K, V], [K, V]];[GwtIncompatible];
;;guava;adce8999989d80c80fda3607dac324cbd47681c1;/home/luna/TG/java-projects/guava/guava/src/com/google/common/collect/Maps.java;1382;1411;UnmodifiableEntries;ForwardingCollection<Entry<K,V>>;[];2;[[K, V], [K, V]];[];
;;guava;adce8999989d80c80fda3607dac324cbd47681c1;/home/luna/TG/java-projects/guava/guava/src/com/google/common/collect/Maps.java;1413;1431;UnmodifiableEntrySet;UnmodifiableEntries<K,V>;[Set<Entry<K,V>>];2;[[K, V], [K, V]];[];
;;guava;adce8999989d80c80fda3607dac324cbd47681c1;/home/luna/TG/java-projects/guava/guava/src/com/google/common/collect/Maps.java;1449;1493;BiMapConverter;Converter<A,B>;[Serializable];2;[[A, B], [A, B]];[];
;;guava;adce8999989d80c80fda3607dac324cbd47681c1;/home/luna/TG/java-projects/guava/guava/src/com/google/common/collect/Maps.java;1544;1584;UnmodifiableBiMap;ForwardingMap<K,V>;[BiMap<K,V>, Serializable];2;[[K, V], [K, V]];[];
;;guava;adce8999989d80c80fda3607dac324cbd47681c1;/home/luna/TG/java-projects/guava/guava/src/com/google/common/collect/Maps.java;1890;1920;EntryTransformer;null;[];3;[[K, V1, V2], [K, V1, V2], [K, V1, V2]];[FunctionalInterface];
;;guava;adce8999989d80c80fda3607dac324cbd47681c1;/home/luna/TG/java-projects/guava/guava/src/com/google/common/collect/Maps.java;1995;2074;TransformedEntriesMap;IteratorBasedAbstractMap<K,V2>;[];3;[[K, V1, V2], [K, V1, V2], [K, V1, V2]];[];
;;guava;adce8999989d80c80fda3607dac324cbd47681c1;/home/luna/TG/java-projects/guava/guava/src/com/google/common/collect/Maps.java;2076;2117;TransformedEntriesSortedMap;TransformedEntriesMap<K,V1,V2>;[SortedMap<K,V2>];3;[[K, V1, V2], [K, V1, V2], [K, V1, V2]];[];
;;guava;adce8999989d80c80fda3607dac324cbd47681c1;/home/luna/TG/java-projects/guava/guava/src/com/google/common/collect/Maps.java;2119;2244;TransformedEntriesNavigableMap;TransformedEntriesSortedMap<K,V1,V2>;[NavigableMap<K,V2>];3;[[K, V1, V2], [K, V1, V2], [K, V1, V2]];[GwtIncompatible];
;;guava;adce8999989d80c80fda3607dac324cbd47681c1;/home/luna/TG/java-projects/guava/guava/src/com/google/common/collect/Maps.java;2699;2755;AbstractFilteredMap;ViewCachingAbstractMap<K,V>;[];2;[[K, V], [K, V]];[];
;;guava;adce8999989d80c80fda3607dac324cbd47681c1;/home/luna/TG/java-projects/guava/guava/src/com/google/common/collect/Maps.java;2757;2802;FilteredMapValues;Maps.Values<K,V>;[];2;[[K, V], [K, V]];[];
;;guava;adce8999989d80c80fda3607dac324cbd47681c1;/home/luna/TG/java-projects/guava/guava/src/com/google/common/collect/Maps.java;2804;2832;FilteredKeyMap;AbstractFilteredMap<K,V>;[];2;[[K, V], [K, V]];[];
;;guava;adce8999989d80c80fda3607dac324cbd47681c1;/home/luna/TG/java-projects/guava/guava/src/com/google/common/collect/Maps.java;2834;2927;FilteredEntryMap;AbstractFilteredMap<K,V>;[];2;[[K, V], [K, V]];[];
;;guava;adce8999989d80c80fda3607dac324cbd47681c1;/home/luna/TG/java-projects/guava/guava/src/com/google/common/collect/Maps.java;2851;2878;EntrySet;ForwardingSet<Entry<K,V>>;[];0;[];[WeakOuter];
;;guava;adce8999989d80c80fda3607dac324cbd47681c1;/home/luna/TG/java-projects/guava/guava/src/com/google/common/collect/Maps.java;2885;2926;KeySet;Maps.KeySet<K,V>;[];0;[];[WeakOuter];
;;guava;adce8999989d80c80fda3607dac324cbd47681c1;/home/luna/TG/java-projects/guava/guava/src/com/google/common/collect/Maps.java;2939;3032;FilteredEntrySortedMap;FilteredEntryMap<K,V>;[SortedMap<K,V>];2;[[K, V], [K, V]];[];
;;guava;adce8999989d80c80fda3607dac324cbd47681c1;/home/luna/TG/java-projects/guava/guava/src/com/google/common/collect/Maps.java;2961;2992;SortedKeySet;KeySet;[SortedSet<K>];0;[];[WeakOuter];
;;guava;adce8999989d80c80fda3607dac324cbd47681c1;/home/luna/TG/java-projects/guava/guava/src/com/google/common/collect/Maps.java;3046;3182;FilteredEntryNavigableMap;AbstractNavigableMap<K,V>;[];2;[[K, V], [K, V]];[GwtIncompatible];
;;guava;adce8999989d80c80fda3607dac324cbd47681c1;/home/luna/TG/java-projects/guava/guava/src/com/google/common/collect/Maps.java;3194;3250;FilteredEntryBiMap;FilteredEntryMap<K,V>;[BiMap<K,V>];2;[[K, V], [K, V]];[];
;;guava;adce8999989d80c80fda3607dac324cbd47681c1;/home/luna/TG/java-projects/guava/guava/src/com/google/common/collect/Maps.java;3288;3424;UnmodifiableNavigableMap;ForwardingSortedMap<K,V>;[NavigableMap<K,V>, Serializable];2;[[K, V], [K, V]];[GwtIncompatible];
;;guava;adce8999989d80c80fda3607dac324cbd47681c1;/home/luna/TG/java-projects/guava/guava/src/com/google/common/collect/Maps.java;3480;3524;ViewCachingAbstractMap;AbstractMap<K,V>;[];2;[[K, V], [K, V]];[GwtCompatible];
;;guava;adce8999989d80c80fda3607dac324cbd47681c1;/home/luna/TG/java-projects/guava/guava/src/com/google/common/collect/Maps.java;3526;3570;IteratorBasedAbstractMap;AbstractMap<K,V>;[];2;[[K, V], [K, V]];[];
;;guava;adce8999989d80c80fda3607dac324cbd47681c1;/home/luna/TG/java-projects/guava/guava/src/com/google/common/collect/Maps.java;3704;3755;KeySet;Sets.ImprovedAbstractSet<K>;[];2;[[K, V], [K, V]];[];
;;guava;adce8999989d80c80fda3607dac324cbd47681c1;/home/luna/TG/java-projects/guava/guava/src/com/google/common/collect/Maps.java;3767;3806;SortedKeySet;KeySet<K,V>;[SortedSet<K>];2;[[K, V], [K, V]];[];
;;guava;adce8999989d80c80fda3607dac324cbd47681c1;/home/luna/TG/java-projects/guava/guava/src/com/google/common/collect/Maps.java;3808;3889;NavigableKeySet;SortedKeySet<K,V>;[NavigableSet<K>];2;[[K, V], [K, V]];[GwtIncompatible];
;;guava;adce8999989d80c80fda3607dac324cbd47681c1;/home/luna/TG/java-projects/guava/guava/src/com/google/common/collect/Maps.java;3891;3978;Values;AbstractCollection<V>;[];2;[[K, V], [K, V]];[];
;;guava;adce8999989d80c80fda3607dac324cbd47681c1;/home/luna/TG/java-projects/guava/guava/src/com/google/common/collect/Maps.java;3980;4044;EntrySet;Sets.ImprovedAbstractSet<Entry<K,V>>;[];2;[[K, V], [K, V]];[];
;;guava;adce8999989d80c80fda3607dac324cbd47681c1;/home/luna/TG/java-projects/guava/guava/src/com/google/common/collect/Maps.java;4046;4237;DescendingMap;ForwardingMap<K,V>;[NavigableMap<K,V>];2;[[K, V], [K, V]];[GwtIncompatible];
;;guava;adce8999989d80c80fda3607dac324cbd47681c1;/home/luna/TG/java-projects/guava/guava/src/com/google/common/collect/Maps.java;4164;4175;EntrySetImpl;EntrySet<K,V>;[];0;[];[WeakOuter];
;;guava;adce8999989d80c80fda3607dac324cbd47681c1;/home/luna/TG/java-projects/guava/guava/src/com/google/common/collect/EmptyImmutableSortedMultiset.java;24;139;EmptyImmutableSortedMultiset;ImmutableSortedMultiset<E>;[];1;[[E]];[SuppressWarnings];
;;guava;adce8999989d80c80fda3607dac324cbd47681c1;/home/luna/TG/java-projects/guava/guava/src/com/google/common/collect/MapConstraint.java;24;71;MapConstraint;null;[];2;[[K, V], [K, V]];[GwtCompatible, Beta, Deprecated];
;;guava;adce8999989d80c80fda3607dac324cbd47681c1;/home/luna/TG/java-projects/guava/guava/src/com/google/common/collect/RegularImmutableSortedMap.java;22;128;RegularImmutableSortedMap;ImmutableSortedMap<K,V>;[];2;[[K, V], [K, V]];[SuppressWarnings];
;;guava;adce8999989d80c80fda3607dac324cbd47681c1;/home/luna/TG/java-projects/guava/guava/src/com/google/common/collect/RegularImmutableSortedMap.java;51;80;EntrySet;ImmutableMapEntrySet<K,V>;[];0;[];[];
;;guava;adce8999989d80c80fda3607dac324cbd47681c1;/home/luna/TG/java-projects/guava/guava/src/com/google/common/collect/Hashing.java;23;71;Hashing;null;[];0;[];[GwtCompatible];
;;guava;adce8999989d80c80fda3607dac324cbd47681c1;/home/luna/TG/java-projects/guava/guava/src/com/google/common/collect/ForwardingMultiset.java;28;323;ForwardingMultiset;ForwardingCollection<E>;[Multiset<E>];1;[[E]];[GwtCompatible];
;;guava;adce8999989d80c80fda3607dac324cbd47681c1;/home/luna/TG/java-projects/guava/guava/src/com/google/common/collect/ForwardingMultiset.java;243;265;StandardElementSet;Multisets.ElementSet<E>;[];0;[];[Beta];
;;guava;adce8999989d80c80fda3607dac324cbd47681c1;/home/luna/TG/java-projects/guava/guava/src/com/google/common/collect/ComputationException.java;22;38;ComputationException;RuntimeException;[];0;[];[GwtCompatible];
;;guava;adce8999989d80c80fda3607dac324cbd47681c1;/home/luna/TG/java-projects/guava/guava/src/com/google/common/collect/ListMultimap.java;26;99;ListMultimap;null;[Multimap<K,V>];2;[[K, V], [K, V]];[GwtCompatible];
;;guava;adce8999989d80c80fda3607dac324cbd47681c1;/home/luna/TG/java-projects/guava/guava/src/com/google/common/collect/SingletonImmutableSet.java;25;106;SingletonImmutableSet;ImmutableSet<E>;[];1;[[E]];[GwtCompatible, SuppressWarnings];
;;guava;adce8999989d80c80fda3607dac324cbd47681c1;/home/luna/TG/java-projects/guava/guava/src/com/google/common/collect/EmptyImmutableMultiset.java;25;114;EmptyImmutableMultiset;ImmutableMultiset<Object>;[];0;[];[GwtCompatible];
;;guava;adce8999989d80c80fda3607dac324cbd47681c1;/home/luna/TG/java-projects/guava/guava/src/com/google/common/collect/ComparatorOrdering.java;26;63;ComparatorOrdering;Ordering<T>;[Serializable];1;[[T]];[GwtCompatible];
;;guava;adce8999989d80c80fda3607dac324cbd47681c1;/home/luna/TG/java-projects/guava/guava/src/com/google/common/collect/SortedSetMultimap.java;28;117;SortedSetMultimap;null;[SetMultimap<K,V>];2;[[K, V], [K, V]];[GwtCompatible];
;;guava;adce8999989d80c80fda3607dac324cbd47681c1;/home/luna/TG/java-projects/guava/guava/src/com/google/common/collect/EmptyImmutableListMultimap.java;21;39;EmptyImmutableListMultimap;ImmutableListMultimap<Object,Object>;[];0;[];[GwtCompatible];
;;guava;adce8999989d80c80fda3607dac324cbd47681c1;/home/luna/TG/java-projects/guava/guava/src/com/google/common/collect/Constraint.java;22;64;Constraint;null;[];1;[[E]];[GwtCompatible];
;;guava;adce8999989d80c80fda3607dac324cbd47681c1;/home/luna/TG/java-projects/guava/guava/src/com/google/common/collect/FilteredKeySetMultimap.java;25;79;FilteredKeySetMultimap;FilteredKeyMultimap<K,V>;[FilteredSetMultimap<K,V>];2;[[K, V], [K, V]];[GwtCompatible];
;;guava;adce8999989d80c80fda3607dac324cbd47681c1;/home/luna/TG/java-projects/guava/guava/src/com/google/common/collect/FilteredKeySetMultimap.java;68;78;EntrySet;Entries;[Set<Entry<K,V>>];0;[];[];
;;guava;adce8999989d80c80fda3607dac324cbd47681c1;/home/luna/TG/java-projects/guava/guava/src/com/google/common/collect/AbstractBiMap.java;40;490;AbstractBiMap;ForwardingMap<K,V>;[BiMap<K,V>, Serializable];2;[[K, V], [K, V]];[GwtCompatible];
;;guava;adce8999989d80c80fda3607dac324cbd47681c1;/home/luna/TG/java-projects/guava/guava/src/com/google/common/collect/AbstractBiMap.java;227;262;KeySet;ForwardingSet<K>;[];0;[];[WeakOuter];
;;guava;adce8999989d80c80fda3607dac324cbd47681c1;/home/luna/TG/java-projects/guava/guava/src/com/google/common/collect/AbstractBiMap.java;276;304;ValueSet;ForwardingSet<V>;[];0;[];[WeakOuter];
;;guava;adce8999989d80c80fda3607dac324cbd47681c1;/home/luna/TG/java-projects/guava/guava/src/com/google/common/collect/AbstractBiMap.java;314;340;BiMapEntry;ForwardingMapEntry<K,V>;[];0;[];[];
;;guava;adce8999989d80c80fda3607dac324cbd47681c1;/home/luna/TG/java-projects/guava/guava/src/com/google/common/collect/AbstractBiMap.java;368;436;EntrySet;ForwardingSet<Entry<K,V>>;[];0;[];[WeakOuter];
;;guava;adce8999989d80c80fda3607dac324cbd47681c1;/home/luna/TG/java-projects/guava/guava/src/com/google/common/collect/AbstractBiMap.java;438;486;Inverse;AbstractBiMap<K,V>;[];2;[[K, V], [K, V]];[];
;;guava;adce8999989d80c80fda3607dac324cbd47681c1;/home/luna/TG/java-projects/guava/guava/src/com/google/common/collect/MultimapBuilder.java;44;481;MultimapBuilder;null;[];2;[[K0, V0], [K0, V0]];[Beta, GwtCompatible];
;;guava;adce8999989d80c80fda3607dac324cbd47681c1;/home/luna/TG/java-projects/guava/guava/src/com/google/common/collect/MultimapBuilder.java;190;201;ArrayListSupplier;null;[Supplier<List<V>>, Serializable];1;[[V]];[];
;;guava;adce8999989d80c80fda3607dac324cbd47681c1;/home/luna/TG/java-projects/guava/guava/src/com/google/common/collect/MultimapBuilder.java;219;230;HashSetSupplier;null;[Supplier<Set<V>>, Serializable];1;[[V]];[];
;;guava;adce8999989d80c80fda3607dac324cbd47681c1;/home/luna/TG/java-projects/guava/guava/src/com/google/common/collect/MultimapBuilder.java;232;243;LinkedHashSetSupplier;null;[Supplier<Set<V>>, Serializable];1;[[V]];[];
;;guava;adce8999989d80c80fda3607dac324cbd47681c1;/home/luna/TG/java-projects/guava/guava/src/com/google/common/collect/MultimapBuilder.java;245;256;TreeSetSupplier;null;[Supplier<SortedSet<V>>, Serializable];1;[[V]];[];
;;guava;adce8999989d80c80fda3607dac324cbd47681c1;/home/luna/TG/java-projects/guava/guava/src/com/google/common/collect/MultimapBuilder.java;258;270;EnumSetSupplier;null;[Supplier<Set<V>>, Serializable];1;[[V extends Enum<V>]];[];
;;guava;adce8999989d80c80fda3607dac324cbd47681c1;/home/luna/TG/java-projects/guava/guava/src/com/google/common/collect/MultimapBuilder.java;272;416;MultimapBuilderWithKeys;null;[];1;[[K0]];[];
;;guava;adce8999989d80c80fda3607dac324cbd47681c1;/home/luna/TG/java-projects/guava/guava/src/com/google/common/collect/MultimapBuilder.java;434;448;ListMultimapBuilder;MultimapBuilder<K0,V0>;[];2;[[K0, V0], [K0, V0]];[];
;;guava;adce8999989d80c80fda3607dac324cbd47681c1;/home/luna/TG/java-projects/guava/guava/src/com/google/common/collect/MultimapBuilder.java;450;464;SetMultimapBuilder;MultimapBuilder<K0,V0>;[];2;[[K0, V0], [K0, V0]];[];
;;guava;adce8999989d80c80fda3607dac324cbd47681c1;/home/luna/TG/java-projects/guava/guava/src/com/google/common/collect/MultimapBuilder.java;466;480;SortedSetMultimapBuilder;SetMultimapBuilder<K0,V0>;[];2;[[K0, V0], [K0, V0]];[];
;;guava;adce8999989d80c80fda3607dac324cbd47681c1;/home/luna/TG/java-projects/guava/guava/src/com/google/common/collect/RegularImmutableMap.java;32;273;RegularImmutableMap;ImmutableMap<K,V>;[];2;[[K, V], [K, V]];[GwtCompatible];
;;guava;adce8999989d80c80fda3607dac324cbd47681c1;/home/luna/TG/java-projects/guava/guava/src/com/google/common/collect/RegularImmutableMap.java;170;218;KeySet;ImmutableSet.Indexed<K>;[];2;[[K, V], [K, V]];[GwtCompatible];
;;guava;adce8999989d80c80fda3607dac324cbd47681c1;/home/luna/TG/java-projects/guava/guava/src/com/google/common/collect/RegularImmutableMap.java;204;217;SerializedForm;null;[Serializable];1;[[K]];[GwtIncompatible];
;;guava;adce8999989d80c80fda3607dac324cbd47681c1;/home/luna/TG/java-projects/guava/guava/src/com/google/common/collect/RegularImmutableMap.java;225;268;Values;ImmutableList<V>;[];2;[[K, V], [K, V]];[GwtCompatible];
;;guava;adce8999989d80c80fda3607dac324cbd47681c1;/home/luna/TG/java-projects/guava/guava/src/com/google/common/collect/RegularImmutableMap.java;254;267;SerializedForm;null;[Serializable];1;[[V]];[GwtIncompatible];
;;guava;adce8999989d80c80fda3607dac324cbd47681c1;/home/luna/TG/java-projects/guava/guava/src/com/google/common/collect/ComparisonChain.java;26;264;ComparisonChain;null;[];0;[];[GwtCompatible];
;;guava;adce8999989d80c80fda3607dac324cbd47681c1;/home/luna/TG/java-projects/guava/guava/src/com/google/common/collect/ComparisonChain.java;131;183;InactiveComparisonChain;ComparisonChain;[];0;[];[];
;;guava;adce8999989d80c80fda3607dac324cbd47681c1;/home/luna/TG/java-projects/guava/guava/src/com/google/common/collect/TreeMultimap.java;35;222;TreeMultimap;AbstractSortedKeySortedSetMultimap<K,V>;[];2;[[K, V], [K, V]];[GwtCompatible];
;;guava;adce8999989d80c80fda3607dac324cbd47681c1;/home/luna/TG/java-projects/guava/guava/src/com/google/common/collect/CollectCollectors.java;26;100;CollectCollectors;null;[];0;[];[GwtCompatible];
;;guava;adce8999989d80c80fda3607dac324cbd47681c1;/home/luna/TG/java-projects/guava/guava/src/com/google/common/collect/EnumBiMap.java;30;148;EnumBiMap;AbstractBiMap<K,V>;[];2;[[K extends Enum<K>, V extends Enum<V>], [K extends Enum<K>, V extends Enum<V>]];[GwtCompatible];
;;guava;adce8999989d80c80fda3607dac324cbd47681c1;/home/luna/TG/java-projects/guava/guava/src/com/google/common/collect/DescendingImmutableSortedSet.java;22;119;DescendingImmutableSortedSet;ImmutableSortedSet<E>;[];1;[[E]];[GwtIncompatible];
;;guava;adce8999989d80c80fda3607dac324cbd47681c1;/home/luna/TG/java-projects/guava/guava/src/com/google/common/collect/ImmutableRangeMap.java;35;389;ImmutableRangeMap;null;[RangeMap<K,V>, Serializable];2;[[K extends Comparable<?>, V], [K extends Comparable<?>, V]];[Beta, GwtIncompatible];
;;guava;adce8999989d80c80fda3607dac324cbd47681c1;/home/luna/TG/java-projects/guava/guava/src/com/google/common/collect/ImmutableRangeMap.java;88;148;Builder;null;[];2;[[K extends Comparable<?>, V], [K extends Comparable<?>, V]];[];
;;guava;adce8999989d80c80fda3607dac324cbd47681c1;/home/luna/TG/java-projects/guava/guava/src/com/google/common/collect/ImmutableRangeMap.java;353;382;SerializedForm;null;[Serializable];2;[[K extends Comparable<?>, V], [K extends Comparable<?>, V]];[];
;;guava;adce8999989d80c80fda3607dac324cbd47681c1;/home/luna/TG/java-projects/guava/guava/src/com/google/common/collect/ImmutableMap.java;46;864;ImmutableMap;null;[Map<K,V>, Serializable];2;[[K, V], [K, V]];[GwtCompatible, SuppressWarnings];
;;guava;adce8999989d80c80fda3607dac324cbd47681c1;/home/luna/TG/java-projects/guava/guava/src/com/google/common/collect/ImmutableMap.java;191;362;Builder;null;[];2;[[K, V], [K, V]];[];
;;guava;adce8999989d80c80fda3607dac324cbd47681c1;/home/luna/TG/java-projects/guava/guava/src/com/google/common/collect/ImmutableMap.java;433;459;IteratorBasedImmutableMap;ImmutableMap<K,V>;[];2;[[K, V], [K, V]];[];
;;guava;adce8999989d80c80fda3607dac324cbd47681c1;/home/luna/TG/java-projects/guava/guava/src/com/google/common/collect/ImmutableMap.java;445;456;EntrySetImpl;ImmutableMapEntrySet<K,V>;[];0;[];[WeakOuter];
;;guava;adce8999989d80c80fda3607dac324cbd47681c1;/home/luna/TG/java-projects/guava/guava/src/com/google/common/collect/ImmutableMap.java;736;803;MapViewOfValuesAsSingletonSets;IteratorBasedImmutableMap<K,ImmutableSet<V>>;[];0;[];[WeakOuter];
;;guava;adce8999989d80c80fda3607dac324cbd47681c1;/home/luna/TG/java-projects/guava/guava/src/com/google/common/collect/ImmutableMap.java;826;859;SerializedForm;null;[Serializable];0;[];[];
;;guava;adce8999989d80c80fda3607dac324cbd47681c1;/home/luna/TG/java-projects/guava/guava/src/com/google/common/eventbus/SubscriberFindingStrategy.java;21;42;SubscriberFindingStrategy;null;[];0;[];[];
;;guava;adce8999989d80c80fda3607dac324cbd47681c1;/home/luna/TG/java-projects/guava/guava/src/com/google/common/eventbus/AnnotatedSubscriberFinder.java;39;168;AnnotatedSubscriberFinder;null;[SubscriberFindingStrategy];0;[];[];
;;guava;adce8999989d80c80fda3607dac324cbd47681c1;/home/luna/TG/java-projects/guava/guava/src/com/google/common/eventbus/AnnotatedSubscriberFinder.java;89;111;MethodIdentifier;null;[];0;[];[];
;;guava;adce8999989d80c80fda3607dac324cbd47681c1;/home/luna/TG/java-projects/guava/guava/src/com/google/common/eventbus/SubscriberExceptionHandler.java;16;26;SubscriberExceptionHandler;null;[];0;[];[];
;;guava;adce8999989d80c80fda3607dac324cbd47681c1;/home/luna/TG/java-projects/guava/guava/src/com/google/common/eventbus/SynchronizedEventHandler.java;22;48;SynchronizedEventHandler;EventHandler;[];0;[];[];
;;guava;adce8999989d80c80fda3607dac324cbd47681c1;/home/luna/TG/java-projects/guava/guava/src/com/google/common/eventbus/AsyncEventBus.java;20;64;AsyncEventBus;EventBus;[];0;[];[Beta];
;;guava;adce8999989d80c80fda3607dac324cbd47681c1;/home/luna/TG/java-projects/guava/guava/src/com/google/common/eventbus/Dispatcher.java;24;204;Dispatcher;null;[];0;[];[];
;;guava;adce8999989d80c80fda3607dac324cbd47681c1;/home/luna/TG/java-projects/guava/guava/src/com/google/common/eventbus/Dispatcher.java;74;135;PerThreadQueuedDispatcher;Dispatcher;[];0;[];[];
;;guava;adce8999989d80c80fda3607dac324cbd47681c1;/home/luna/TG/java-projects/guava/guava/src/com/google/common/eventbus/Dispatcher.java;126;134;Event;null;[];0;[];[];
;;guava;adce8999989d80c80fda3607dac324cbd47681c1;/home/luna/TG/java-projects/guava/guava/src/com/google/common/eventbus/Dispatcher.java;137;188;LegacyAsyncDispatcher;Dispatcher;[];0;[];[];
;;guava;adce8999989d80c80fda3607dac324cbd47681c1;/home/luna/TG/java-projects/guava/guava/src/com/google/common/eventbus/Dispatcher.java;179;187;EventWithSubscriber;null;[];0;[];[];
;;guava;adce8999989d80c80fda3607dac324cbd47681c1;/home/luna/TG/java-projects/guava/guava/src/com/google/common/eventbus/Dispatcher.java;190;203;ImmediateDispatcher;Dispatcher;[];0;[];[];
;;guava;adce8999989d80c80fda3607dac324cbd47681c1;/home/luna/TG/java-projects/guava/guava/src/com/google/common/eventbus/DeadEvent.java;22;75;DeadEvent;null;[];0;[];[Beta];
;;guava;adce8999989d80c80fda3607dac324cbd47681c1;/home/luna/TG/java-projects/guava/guava/src/com/google/common/eventbus/AnnotatedHandlerFinder.java;32;144;AnnotatedHandlerFinder;null;[HandlerFindingStrategy];0;[];[];
;;guava;adce8999989d80c80fda3607dac324cbd47681c1;/home/luna/TG/java-projects/guava/guava/src/com/google/common/eventbus/EventSubscriber.java;28;115;EventSubscriber;null;[];0;[];[];
;;guava;adce8999989d80c80fda3607dac324cbd47681c1;/home/luna/TG/java-projects/guava/guava/src/com/google/common/eventbus/Subscriber.java;26;154;Subscriber;null;[];0;[];[];
;;guava;adce8999989d80c80fda3607dac324cbd47681c1;/home/luna/TG/java-projects/guava/guava/src/com/google/common/eventbus/Subscriber.java;136;153;SynchronizedSubscriber;Subscriber;[];0;[];[VisibleForTesting];
;;guava;adce8999989d80c80fda3607dac324cbd47681c1;/home/luna/TG/java-projects/guava/guava/src/com/google/common/eventbus/SynchronizedEventSubscriber.java;22;50;SynchronizedEventSubscriber;EventSubscriber;[];0;[];[];
;;guava;adce8999989d80c80fda3607dac324cbd47681c1;/home/luna/TG/java-projects/guava/guava/src/com/google/common/eventbus/SubscriberExceptionContext.java;20;74;SubscriberExceptionContext;null;[];0;[];[];
;;guava;adce8999989d80c80fda3607dac324cbd47681c1;/home/luna/TG/java-projects/guava/guava/src/com/google/common/eventbus/HandlerFindingStrategy.java;21;42;HandlerFindingStrategy;null;[];0;[];[];
;;guava;adce8999989d80c80fda3607dac324cbd47681c1;/home/luna/TG/java-projects/guava/guava/src/com/google/common/eventbus/EventHandler.java;28;107;EventHandler;null;[];0;[];[];
;;guava;adce8999989d80c80fda3607dac324cbd47681c1;/home/luna/TG/java-projects/guava/guava/src/com/google/common/eventbus/SubscriberRegistry.java;48;260;SubscriberRegistry;null;[];0;[];[];
;;guava;adce8999989d80c80fda3607dac324cbd47681c1;/home/luna/TG/java-projects/guava/guava/src/com/google/common/eventbus/SubscriberRegistry.java;236;259;MethodIdentifier;null;[];0;[];[];
;;guava;adce8999989d80c80fda3607dac324cbd47681c1;/home/luna/TG/java-projects/guava/guava/src/com/google/common/eventbus/EventBus.java;29;260;EventBus;null;[];0;[];[Beta];
;;guava;adce8999989d80c80fda3607dac324cbd47681c1;/home/luna/TG/java-projects/guava/guava/src/com/google/common/eventbus/EventBus.java;229;259;LoggingHandler;null;[SubscriberExceptionHandler];0;[];[];
;;guava;adce8999989d80c80fda3607dac324cbd47681c1;/home/luna/TG/java-projects/guava/guava/src/com/google/common/html/HtmlEscapers.java;22;72;HtmlEscapers;null;[];0;[];[Beta, GwtCompatible];
;;guava;adce8999989d80c80fda3607dac324cbd47681c1;/home/luna/TG/java-projects/guava/guava/src/com/google/common/hash/AbstractHasher.java;20;56;AbstractHasher;null;[Hasher];0;[];[CanIgnoreReturnValue];
;;guava;adce8999989d80c80fda3607dac324cbd47681c1;/home/luna/TG/java-projects/guava/guava/src/com/google/common/hash/MacHashFunction.java;25;128;MacHashFunction;AbstractStreamingHashFunction;[];0;[];[];
;;guava;adce8999989d80c80fda3607dac324cbd47681c1;/home/luna/TG/java-projects/guava/guava/src/com/google/common/hash/MacHashFunction.java;88;127;MacHasher;AbstractByteHasher;[];0;[];[];
;;guava;adce8999989d80c80fda3607dac324cbd47681c1;/home/luna/TG/java-projects/guava/guava/src/com/google/common/hash/AbstractNonStreamingHashFunction.java;22;166;AbstractNonStreamingHashFunction;null;[HashFunction];0;[];[];
;;guava;adce8999989d80c80fda3607dac324cbd47681c1;/home/luna/TG/java-projects/guava/guava/src/com/google/common/hash/AbstractNonStreamingHashFunction.java;76;150;BufferingHasher;AbstractHasher;[];0;[];[];
;;guava;adce8999989d80c80fda3607dac324cbd47681c1;/home/luna/TG/java-projects/guava/guava/src/com/google/common/hash/AbstractNonStreamingHashFunction.java;153;165;ExposedByteArrayOutputStream;ByteArrayOutputStream;[];0;[];[];
;;guava;adce8999989d80c80fda3607dac324cbd47681c1;/home/luna/TG/java-projects/guava/guava/src/com/google/common/hash/FarmHashFingerprint64.java;24;214;FarmHashFingerprint64;AbstractNonStreamingHashFunction;[];0;[];[];
;;guava;adce8999989d80c80fda3607dac324cbd47681c1;/home/luna/TG/java-projects/guava/guava/src/com/google/common/hash/HashCode.java;29;430;HashCode;null;[];0;[];[Beta];
;;guava;adce8999989d80c80fda3607dac324cbd47681c1;/home/luna/TG/java-projects/guava/guava/src/com/google/common/hash/HashCode.java;122;172;IntHashCode;HashCode;[Serializable];0;[];[];
;;guava;adce8999989d80c80fda3607dac324cbd47681c1;/home/luna/TG/java-projects/guava/guava/src/com/google/common/hash/HashCode.java;184;238;LongHashCode;HashCode;[Serializable];0;[];[];
;;guava;adce8999989d80c80fda3607dac324cbd47681c1;/home/luna/TG/java-projects/guava/guava/src/com/google/common/hash/HashCode.java;259;332;BytesHashCode;HashCode;[Serializable];0;[];[];
;;guava;adce8999989d80c80fda3607dac324cbd47681c1;/home/luna/TG/java-projects/guava/guava/src/com/google/common/hash/LittleEndianByteArray.java;21;261;LittleEndianByteArray;null;[];0;[];[];
;;guava;adce8999989d80c80fda3607dac324cbd47681c1;/home/luna/TG/java-projects/guava/guava/src/com/google/common/hash/LittleEndianByteArray.java;109;119;LittleEndianBytes;null;[];0;[];[];
;;guava;adce8999989d80c80fda3607dac324cbd47681c1;/home/luna/TG/java-projects/guava/guava/src/com/google/common/hash/BloomFilterStrategies.java;142;216;BitArray;null;[];0;[];[];
;;guava;adce8999989d80c80fda3607dac324cbd47681c1;/home/luna/TG/java-projects/guava/guava/src/com/google/common/hash/BloomFilter.java;36;528;BloomFilter;null;[Predicate<T>, Serializable];1;[[T]];[Beta];
;;guava;adce8999989d80c80fda3607dac324cbd47681c1;/home/luna/TG/java-projects/guava/guava/src/com/google/common/hash/BloomFilter.java;62;91;Strategy;null;[java.io.Serializable];0;[];[];
;;guava;adce8999989d80c80fda3607dac324cbd47681c1;/home/luna/TG/java-projects/guava/guava/src/com/google/common/hash/BloomFilter.java;442;460;SerialForm;null;[Serializable];1;[[T]];[];
;;guava;adce8999989d80c80fda3607dac324cbd47681c1;/home/luna/TG/java-projects/guava/guava/src/com/google/common/hash/Hasher.java;21;141;Hasher;null;[PrimitiveSink];0;[];[Beta, CanIgnoreReturnValue];
;;guava;adce8999989d80c80fda3607dac324cbd47681c1;/home/luna/TG/java-projects/guava/guava/src/com/google/common/hash/Funnel.java;20;51;Funnel;null;[Serializable];1;[[T]];[Beta];
;;guava;adce8999989d80c80fda3607dac324cbd47681c1;/home/luna/TG/java-projects/guava/guava/src/com/google/common/hash/HashFunction.java;21;215;HashFunction;null;[];0;[];[Beta];
;;guava;adce8999989d80c80fda3607dac324cbd47681c1;/home/luna/TG/java-projects/guava/guava/src/com/google/common/hash/Crc32cHashFunction.java;17;123;Crc32cHashFunction;AbstractStreamingHashFunction;[];0;[];[];
;;guava;adce8999989d80c80fda3607dac324cbd47681c1;/home/luna/TG/java-projects/guava/guava/src/com/google/common/hash/Crc32cHashFunction.java;39;122;Crc32cHasher;AbstractByteHasher;[];0;[];[];
;;guava;adce8999989d80c80fda3607dac324cbd47681c1;/home/luna/TG/java-projects/guava/guava/src/com/google/common/hash/HashingOutputStream.java;24;76;HashingOutputStream;FilterOutputStream;[];0;[];[Beta];
;;guava;adce8999989d80c80fda3607dac324cbd47681c1;/home/luna/TG/java-projects/guava/guava/src/com/google/common/hash/PrimitiveSink.java;21;114;PrimitiveSink;null;[];0;[];[Beta, CanIgnoreReturnValue];
;;guava;adce8999989d80c80fda3607dac324cbd47681c1;/home/luna/TG/java-projects/guava/guava/src/com/google/common/hash/AbstractCompositeHashFunction.java;21;165;AbstractCompositeHashFunction;AbstractStreamingHashFunction;[];0;[];[];
;;guava;adce8999989d80c80fda3607dac324cbd47681c1;/home/luna/TG/java-projects/guava/guava/src/com/google/common/hash/MessageDigestHashFunction.java;26;161;MessageDigestHashFunction;AbstractStreamingHashFunction;[Serializable];0;[];[];
;;guava;adce8999989d80c80fda3607dac324cbd47681c1;/home/luna/TG/java-projects/guava/guava/src/com/google/common/hash/MessageDigestHashFunction.java;95;111;SerializedForm;null;[Serializable];0;[];[];
;;guava;adce8999989d80c80fda3607dac324cbd47681c1;/home/luna/TG/java-projects/guava/guava/src/com/google/common/hash/MessageDigestHashFunction.java;117;160;MessageDigestHasher;AbstractByteHasher;[];0;[];[];
;;guava;adce8999989d80c80fda3607dac324cbd47681c1;/home/luna/TG/java-projects/guava/guava/src/com/google/common/hash/AbstractByteHasher.java;28;120;AbstractByteHasher;AbstractHasher;[];0;[];[CanIgnoreReturnValue];
;;guava;adce8999989d80c80fda3607dac324cbd47681c1;/home/luna/TG/java-projects/guava/guava/src/com/google/common/hash/ChecksumHashFunction.java;24;93;ChecksumHashFunction;AbstractStreamingHashFunction;[Serializable];0;[];[];
;;guava;adce8999989d80c80fda3607dac324cbd47681c1;/home/luna/TG/java-projects/guava/guava/src/com/google/common/hash/ChecksumHashFunction.java;56;90;ChecksumHasher;AbstractByteHasher;[];0;[];[];
;;guava;adce8999989d80c80fda3607dac324cbd47681c1;/home/luna/TG/java-projects/guava/guava/src/com/google/common/hash/AbstractStreamingHashFunction.java;25;272;AbstractStreamingHashFunction;null;[HashFunction];0;[];[];
;;guava;adce8999989d80c80fda3607dac324cbd47681c1;/home/luna/TG/java-projects/guava/guava/src/com/google/common/hash/AbstractStreamingHashFunction.java;76;271;AbstractStreamingHasher;AbstractHasher;[];0;[];[CanIgnoreReturnValue];
;;guava;adce8999989d80c80fda3607dac324cbd47681c1;/home/luna/TG/java-projects/guava/guava/src/com/google/common/hash/HashCodes.java;26;201;HashCodes;null;[];0;[];[Beta];
;;guava;adce8999989d80c80fda3607dac324cbd47681c1;/home/luna/TG/java-projects/guava/guava/src/com/google/common/hash/HashCodes.java;45;78;IntHashCode;HashCode;[Serializable];0;[];[];
;;guava;adce8999989d80c80fda3607dac324cbd47681c1;/home/luna/TG/java-projects/guava/guava/src/com/google/common/hash/HashCodes.java;88;125;LongHashCode;HashCode;[Serializable];0;[];[];
;;guava;adce8999989d80c80fda3607dac324cbd47681c1;/home/luna/TG/java-projects/guava/guava/src/com/google/common/hash/HashCodes.java;144;200;BytesHashCode;HashCode;[Serializable];0;[];[];
;;guava;adce8999989d80c80fda3607dac324cbd47681c1;/home/luna/TG/java-projects/guava/guava/src/com/google/common/hash/SipHashFunction.java;28;183;SipHashFunction;AbstractStreamingHashFunction;[Serializable];0;[];[];
;;guava;adce8999989d80c80fda3607dac324cbd47681c1;/home/luna/TG/java-projects/guava/guava/src/com/google/common/hash/SipHashFunction.java;96;180;SipHasher;AbstractStreamingHasher;[];0;[];[];
;;guava;adce8999989d80c80fda3607dac324cbd47681c1;/home/luna/TG/java-projects/guava/guava/src/com/google/common/hash/Funnels.java;24;265;Funnels;null;[];0;[];[Beta];
;;guava;adce8999989d80c80fda3607dac324cbd47681c1;/home/luna/TG/java-projects/guava/guava/src/com/google/common/hash/Funnels.java;88;135;StringCharsetFunnel;null;[Funnel<CharSequence>, Serializable];0;[];[];
;;guava;adce8999989d80c80fda3607dac324cbd47681c1;/home/luna/TG/java-projects/guava/guava/src/com/google/common/hash/Funnels.java;122;134;SerializedForm;null;[Serializable];0;[];[];
;;guava;adce8999989d80c80fda3607dac324cbd47681c1;/home/luna/TG/java-projects/guava/guava/src/com/google/common/hash/Funnels.java;169;200;SequentialFunnel;null;[Funnel<Iterable<? extends E>>, Serializable];1;[[E]];[];
;;guava;adce8999989d80c80fda3607dac324cbd47681c1;/home/luna/TG/java-projects/guava/guava/src/com/google/common/hash/Funnels.java;238;264;SinkAsStream;OutputStream;[];0;[];[];
;;guava;adce8999989d80c80fda3607dac324cbd47681c1;/home/luna/TG/java-projects/guava/guava/src/com/google/common/hash/HashingInputStream.java;25;107;HashingInputStream;FilterInputStream;[];0;[];[Beta];
;;guava;adce8999989d80c80fda3607dac324cbd47681c1;/home/luna/TG/java-projects/guava/guava/src/com/google/common/hash/Murmur3_32HashFunction.java;37;189;Murmur3_32HashFunction;AbstractStreamingHashFunction;[Serializable];0;[];[];
;;guava;adce8999989d80c80fda3607dac324cbd47681c1;/home/luna/TG/java-projects/guava/guava/src/com/google/common/hash/Murmur3_32HashFunction.java;154;186;Murmur3_32Hasher;AbstractStreamingHasher;[];0;[];[];
;;guava;adce8999989d80c80fda3607dac324cbd47681c1;/home/luna/TG/java-projects/guava/guava/src/com/google/common/hash/Hashing.java;34;705;Hashing;null;[];0;[];[Beta];
;;guava;adce8999989d80c80fda3607dac324cbd47681c1;/home/luna/TG/java-projects/guava/guava/src/com/google/common/hash/Hashing.java;113;118;Murmur3_32Holder;null;[];0;[];[];
;;guava;adce8999989d80c80fda3607dac324cbd47681c1;/home/luna/TG/java-projects/guava/guava/src/com/google/common/hash/Hashing.java;142;147;Murmur3_128Holder;null;[];0;[];[];
;;guava;adce8999989d80c80fda3607dac324cbd47681c1;/home/luna/TG/java-projects/guava/guava/src/com/google/common/hash/Hashing.java;159;162;SipHash24Holder;null;[];0;[];[];
;;guava;adce8999989d80c80fda3607dac324cbd47681c1;/home/luna/TG/java-projects/guava/guava/src/com/google/common/hash/Hashing.java;186;188;Md5Holder;null;[];0;[];[];
;;guava;adce8999989d80c80fda3607dac324cbd47681c1;/home/luna/TG/java-projects/guava/guava/src/com/google/common/hash/Hashing.java;202;204;Sha1Holder;null;[];0;[];[];
;;guava;adce8999989d80c80fda3607dac324cbd47681c1;/home/luna/TG/java-projects/guava/guava/src/com/google/common/hash/Hashing.java;214;217;Sha256Holder;null;[];0;[];[];
;;guava;adce8999989d80c80fda3607dac324cbd47681c1;/home/luna/TG/java-projects/guava/guava/src/com/google/common/hash/Hashing.java;229;232;Sha384Holder;null;[];0;[];[];
;;guava;adce8999989d80c80fda3607dac324cbd47681c1;/home/luna/TG/java-projects/guava/guava/src/com/google/common/hash/Hashing.java;242;245;Sha512Holder;null;[];0;[];[];
;;guava;adce8999989d80c80fda3607dac324cbd47681c1;/home/luna/TG/java-projects/guava/guava/src/com/google/common/hash/Hashing.java;369;371;Crc32cHolder;null;[];0;[];[];
;;guava;adce8999989d80c80fda3607dac324cbd47681c1;/home/luna/TG/java-projects/guava/guava/src/com/google/common/hash/Hashing.java;386;388;Crc32Holder;null;[];0;[];[];
;;guava;adce8999989d80c80fda3607dac324cbd47681c1;/home/luna/TG/java-projects/guava/guava/src/com/google/common/hash/Hashing.java;403;406;Adler32Holder;null;[];0;[];[];
;;guava;adce8999989d80c80fda3607dac324cbd47681c1;/home/luna/TG/java-projects/guava/guava/src/com/google/common/hash/Hashing.java;452;454;FarmHashFingerprint64Holder;null;[];0;[];[];
;;guava;adce8999989d80c80fda3607dac324cbd47681c1;/home/luna/TG/java-projects/guava/guava/src/com/google/common/hash/Hashing.java;639;685;ConcatenatedHashFunction;AbstractCompositeHashFunction;[];0;[];[];
;;guava;adce8999989d80c80fda3607dac324cbd47681c1;/home/luna/TG/java-projects/guava/guava/src/com/google/common/hash/Hashing.java;687;702;LinearCongruentialGenerator;null;[];0;[];[];
;;guava;adce8999989d80c80fda3607dac324cbd47681c1;/home/luna/TG/java-projects/guava/guava/src/com/google/common/hash/Murmur3_128HashFunction.java;35;208;Murmur3_128HashFunction;AbstractStreamingHashFunction;[Serializable];0;[];[];
;;guava;adce8999989d80c80fda3607dac324cbd47681c1;/home/luna/TG/java-projects/guava/guava/src/com/google/common/hash/Murmur3_128HashFunction.java;79;205;Murmur3_128Hasher;AbstractStreamingHasher;[];0;[];[];
;;guava;adce8999989d80c80fda3607dac324cbd47681c1;/home/luna/TG/java-projects/guava/guava/src/com/google/common/reflect/AbstractInvocationHandler.java;24;143;AbstractInvocationHandler;null;[InvocationHandler];0;[];[Beta];
;;guava;adce8999989d80c80fda3607dac324cbd47681c1;/home/luna/TG/java-projects/guava/guava/src/com/google/common/reflect/MutableTypeToInstanceMap.java;32;170;MutableTypeToInstanceMap;ForwardingMap<TypeToken<? extends B>,B>;[TypeToInstanceMap<B>];1;[[B]];[Beta];
;;guava;adce8999989d80c80fda3607dac324cbd47681c1;/home/luna/TG/java-projects/guava/guava/src/com/google/common/reflect/MutableTypeToInstanceMap.java;117;169;UnmodifiableEntry;ForwardingMapEntry<K,V>;[];2;[[K, V], [K, V]];[];
;;guava;adce8999989d80c80fda3607dac324cbd47681c1;/home/luna/TG/java-projects/guava/guava/src/com/google/common/reflect/TypeToInstanceMap.java;22;88;TypeToInstanceMap;null;[Map<TypeToken<? extends B>,B>];1;[[B]];[Beta];
;;guava;adce8999989d80c80fda3607dac324cbd47681c1;/home/luna/TG/java-projects/guava/guava/src/com/google/common/reflect/ImmutableTypeToInstanceMap.java;23;172;ImmutableTypeToInstanceMap;ForwardingMap<TypeToken<? extends B>,B>;[TypeToInstanceMap<B>];1;[[B]];[Beta];
;;guava;adce8999989d80c80fda3607dac324cbd47681c1;/home/luna/TG/java-projects/guava/guava/src/com/google/common/reflect/ImmutableTypeToInstanceMap.java;44;94;Builder;null;[];1;[[B]];[Beta];
;;guava;adce8999989d80c80fda3607dac324cbd47681c1;/home/luna/TG/java-projects/guava/guava/src/com/google/common/reflect/Invokable.java;35;351;Invokable;Element;[GenericDeclaration];2;[[T, R], [T, R]];[Beta];
;;guava;adce8999989d80c80fda3607dac324cbd47681c1;/home/luna/TG/java-projects/guava/guava/src/com/google/common/reflect/Invokable.java;185;237;MethodInvokable;Invokable<T,Object>;[];1;[[T]];[];
;;guava;adce8999989d80c80fda3607dac324cbd47681c1;/home/luna/TG/java-projects/guava/guava/src/com/google/common/reflect/Invokable.java;239;350;ConstructorInvokable;Invokable<T,T>;[];1;[[T]];[];
;;guava;adce8999989d80c80fda3607dac324cbd47681c1;/home/luna/TG/java-projects/guava/guava/src/com/google/common/reflect/TypeResolver.java;36;539;TypeResolver;null;[];0;[];[Beta];
;;guava;adce8999989d80c80fda3607dac324cbd47681c1;/home/luna/TG/java-projects/guava/guava/src/com/google/common/reflect/TypeResolver.java;242;336;TypeTable;null;[];0;[];[];
;;guava;adce8999989d80c80fda3607dac324cbd47681c1;/home/luna/TG/java-projects/guava/guava/src/com/google/common/reflect/TypeResolver.java;338;405;TypeMappingIntrospector;TypeVisitor;[];0;[];[];
;;guava;adce8999989d80c80fda3607dac324cbd47681c1;/home/luna/TG/java-projects/guava/guava/src/com/google/common/reflect/TypeResolver.java;414;471;WildcardCapturer;null;[];0;[];[];
;;guava;adce8999989d80c80fda3607dac324cbd47681c1;/home/luna/TG/java-projects/guava/guava/src/com/google/common/reflect/TypeResolver.java;473;538;TypeVariableKey;null;[];0;[];[];
;;guava;adce8999989d80c80fda3607dac324cbd47681c1;/home/luna/TG/java-projects/guava/guava/src/com/google/common/reflect/Element.java;28;178;Element;AccessibleObject;[Member];0;[];[];
;;guava;adce8999989d80c80fda3607dac324cbd47681c1;/home/luna/TG/java-projects/guava/guava/src/com/google/common/reflect/Types.java;48;652;Types;null;[];0;[];[];
;;guava;adce8999989d80c80fda3607dac324cbd47681c1;/home/luna/TG/java-projects/guava/guava/src/com/google/common/reflect/Types.java;133;133;LocalClass;null;[];1;[[T]];[];
;;guava;adce8999989d80c80fda3607dac324cbd47681c1;/home/luna/TG/java-projects/guava/guava/src/com/google/common/reflect/Types.java;230;263;GenericArrayTypeImpl;null;[GenericArrayType, Serializable];0;[];[];
;;guava;adce8999989d80c80fda3607dac324cbd47681c1;/home/luna/TG/java-projects/guava/guava/src/com/google/common/reflect/Types.java;265;328;ParameterizedTypeImpl;null;[ParameterizedType, Serializable];0;[];[];
;;guava;adce8999989d80c80fda3607dac324cbd47681c1;/home/luna/TG/java-projects/guava/guava/src/com/google/common/reflect/Types.java;341;400;TypeVariableInvocationHandler;null;[InvocationHandler];0;[];[];
;;guava;adce8999989d80c80fda3607dac324cbd47681c1;/home/luna/TG/java-projects/guava/guava/src/com/google/common/reflect/Types.java;402;466;TypeVariableImpl;null;[];1;[[D extends GenericDeclaration]];[];
;;guava;adce8999989d80c80fda3607dac324cbd47681c1;/home/luna/TG/java-projects/guava/guava/src/com/google/common/reflect/Types.java;468;518;WildcardTypeImpl;null;[WildcardType, Serializable];0;[];[];
;;guava;adce8999989d80c80fda3607dac324cbd47681c1;/home/luna/TG/java-projects/guava/guava/src/com/google/common/reflect/Types.java;635;649;NativeTypeVariableEquals;null;[];1;[[X]];[];
;;guava;adce8999989d80c80fda3607dac324cbd47681c1;/home/luna/TG/java-projects/guava/guava/src/com/google/common/reflect/TypeParameter.java;24;65;TypeParameter;TypeCapture<T>;[];1;[[T]];[Beta];
;;guava;adce8999989d80c80fda3607dac324cbd47681c1;/home/luna/TG/java-projects/guava/guava/src/com/google/common/reflect/Parameter.java;26;133;Parameter;null;[AnnotatedElement];0;[];[Beta];
;;guava;adce8999989d80c80fda3607dac324cbd47681c1;/home/luna/TG/java-projects/guava/guava/src/com/google/common/reflect/TypeVisitor.java;26;104;TypeVisitor;null;[];0;[];[NotThreadSafe];
;;guava;adce8999989d80c80fda3607dac324cbd47681c1;/home/luna/TG/java-projects/guava/guava/src/com/google/common/reflect/TypeCapture.java;22;35;TypeCapture;null;[];1;[[T]];[];
;;guava;adce8999989d80c80fda3607dac324cbd47681c1;/home/luna/TG/java-projects/guava/guava/src/com/google/common/reflect/TypeToken.java;49;1333;TypeToken;TypeCapture<T>;[Serializable];1;[[T]];[Beta, SuppressWarnings];
;;guava;adce8999989d80c80fda3607dac324cbd47681c1;/home/luna/TG/java-projects/guava/guava/src/com/google/common/reflect/TypeToken.java;637;684;TypeSet;ForwardingSet<TypeToken<? super T>>;[Serializable];0;[];[];
;;guava;adce8999989d80c80fda3607dac324cbd47681c1;/home/luna/TG/java-projects/guava/guava/src/com/google/common/reflect/TypeToken.java;686;738;InterfaceSet;TypeSet;[];0;[];[];
;;guava;adce8999989d80c80fda3607dac324cbd47681c1;/home/luna/TG/java-projects/guava/guava/src/com/google/common/reflect/TypeToken.java;740;785;ClassSet;TypeSet;[];0;[];[];
;;guava;adce8999989d80c80fda3607dac324cbd47681c1;/home/luna/TG/java-projects/guava/guava/src/com/google/common/reflect/TypeToken.java;967;994;Bounds;null;[];0;[];[];
;;guava;adce8999989d80c80fda3607dac324cbd47681c1;/home/luna/TG/java-projects/guava/guava/src/com/google/common/reflect/TypeToken.java;1176;1183;SimpleTypeToken;TypeToken<T>;[];1;[[T]];[];
;;guava;adce8999989d80c80fda3607dac324cbd47681c1;/home/luna/TG/java-projects/guava/guava/src/com/google/common/reflect/TypeToken.java;1185;1332;TypeCollector;null;[];1;[[K]];[];
;;guava;adce8999989d80c80fda3607dac324cbd47681c1;/home/luna/TG/java-projects/guava/guava/src/com/google/common/reflect/TypeToken.java;1309;1331;ForwardingTypeCollector;TypeCollector<K>;[];1;[[K]];[];
;;guava;adce8999989d80c80fda3607dac324cbd47681c1;/home/luna/TG/java-projects/guava/guava/src/com/google/common/reflect/Reflection.java;24;91;Reflection;null;[];0;[];[Beta];
;;guava;adce8999989d80c80fda3607dac324cbd47681c1;/home/luna/TG/java-projects/guava/guava/src/com/google/common/reflect/ClassPath.java;52;511;ClassPath;null;[];0;[];[Beta];
;;guava;adce8999989d80c80fda3607dac324cbd47681c1;/home/luna/TG/java-projects/guava/guava/src/com/google/common/reflect/ClassPath.java;151;239;ResourceInfo;null;[];0;[];[Beta];
;;guava;adce8999989d80c80fda3607dac324cbd47681c1;/home/luna/TG/java-projects/guava/guava/src/com/google/common/reflect/ClassPath.java;241;317;ClassInfo;ResourceInfo;[];0;[];[Beta];
;;guava;adce8999989d80c80fda3607dac324cbd47681c1;/home/luna/TG/java-projects/guava/guava/src/com/google/common/reflect/ClassPath.java;319;452;Scanner;null;[];0;[];[];
;;guava;adce8999989d80c80fda3607dac324cbd47681c1;/home/luna/TG/java-projects/guava/guava/src/com/google/common/reflect/ClassPath.java;454;504;DefaultScanner;Scanner;[];0;[];[VisibleForTesting];
;;guava;adce8999989d80c80fda3607dac324cbd47681c1;/home/luna/TG/java-projects/guava/guava/src/com/google/common/net/InternetDomainName.java;32;511;InternetDomainName;null;[];0;[];[Beta, GwtCompatible];
;;guava;adce8999989d80c80fda3607dac324cbd47681c1;/home/luna/TG/java-projects/guava/guava/src/com/google/common/net/HostSpecifier.java;24;167;HostSpecifier;null;[];0;[];[Beta, GwtIncompatible];
;;guava;adce8999989d80c80fda3607dac324cbd47681c1;/home/luna/TG/java-projects/guava/guava/src/com/google/common/net/HttpHeaders.java;20;328;HttpHeaders;null;[];0;[];[GwtCompatible];
;;guava;adce8999989d80c80fda3607dac324cbd47681c1;/home/luna/TG/java-projects/guava/guava/src/com/google/common/net/PercentEscaper.java;23;236;PercentEscaper;UnicodeEscaper;[];0;[];[Beta, GwtCompatible];
;;guava;adce8999989d80c80fda3607dac324cbd47681c1;/home/luna/TG/java-projects/guava/guava/src/com/google/common/net/TldPatterns.java;25;6304;TldPatterns;null;[];0;[];[GwtCompatible];
;;guava;adce8999989d80c80fda3607dac324cbd47681c1;/home/luna/TG/java-projects/guava/guava/src/com/google/common/net/InetAddresses.java;36;996;InetAddresses;null;[];0;[];[Beta, GwtIncompatible];
;;guava;adce8999989d80c80fda3607dac324cbd47681c1;/home/luna/TG/java-projects/guava/guava/src/com/google/common/net/InetAddresses.java;583;643;TeredoInfo;null;[];0;[];[Beta];
;;guava;adce8999989d80c80fda3607dac324cbd47681c1;/home/luna/TG/java-projects/guava/guava/src/com/google/common/net/MediaType.java;51;924;MediaType;null;[];0;[];[Beta, GwtCompatible, Immutable];
;;guava;adce8999989d80c80fda3607dac324cbd47681c1;/home/luna/TG/java-projects/guava/guava/src/com/google/common/net/MediaType.java;805;850;Tokenizer;null;[];0;[];[];
;;guava;adce8999989d80c80fda3607dac324cbd47681c1;/home/luna/TG/java-projects/guava/guava/src/com/google/common/net/TrieParser.java;26;133;TrieParser;null;[];0;[];[GwtCompatible];
;;guava;adce8999989d80c80fda3607dac324cbd47681c1;/home/luna/TG/java-projects/guava/guava/src/com/google/common/net/UrlEscapers.java;20;145;UrlEscapers;null;[];0;[];[GwtCompatible];
;;guava;adce8999989d80c80fda3607dac324cbd47681c1;/home/luna/TG/java-projects/guava/guava/src/com/google/common/net/HostAndPort.java;29;331;HostAndPort;null;[Serializable];0;[];[Beta, Immutable, GwtCompatible];
;;guava;adce8999989d80c80fda3607dac324cbd47681c1;/home/luna/TG/java-projects/guava/guava/src/com/google/common/cache/AbstractLoadingCache.java;25;76;AbstractLoadingCache;AbstractCache<K,V>;[LoadingCache<K,V>];2;[[K, V], [K, V]];[GwtIncompatible];
;;guava;adce8999989d80c80fda3607dac324cbd47681c1;/home/luna/TG/java-projects/guava/guava/src/com/google/common/cache/LoadingCache.java;25;159;LoadingCache;null;[Cache<K,V>, Function<K,V>];2;[[K, V], [K, V]];[GwtCompatible];
;;guava;adce8999989d80c80fda3607dac324cbd47681c1;/home/luna/TG/java-projects/guava/guava/src/com/google/common/cache/LongAddable.java;19;31;LongAddable;null;[];0;[];[GwtCompatible];
;;guava;adce8999989d80c80fda3607dac324cbd47681c1;/home/luna/TG/java-projects/guava/guava/src/com/google/common/cache/CacheBuilderSpec.java;32;481;CacheBuilderSpec;null;[];0;[];[GwtIncompatible];
;;guava;adce8999989d80c80fda3607dac324cbd47681c1;/home/luna/TG/java-projects/guava/guava/src/com/google/common/cache/CacheBuilderSpec.java;79;82;ValueParser;null;[];0;[];[];
;;guava;adce8999989d80c80fda3607dac324cbd47681c1;/home/luna/TG/java-projects/guava/guava/src/com/google/common/cache/CacheBuilderSpec.java;287;301;IntegerParser;null;[ValueParser];0;[];[];
;;guava;adce8999989d80c80fda3607dac324cbd47681c1;/home/luna/TG/java-projects/guava/guava/src/com/google/common/cache/CacheBuilderSpec.java;303;317;LongParser;null;[ValueParser];0;[];[];
;;guava;adce8999989d80c80fda3607dac324cbd47681c1;/home/luna/TG/java-projects/guava/guava/src/com/google/common/cache/CacheBuilderSpec.java;319;329;InitialCapacityParser;IntegerParser;[];0;[];[];
;;guava;adce8999989d80c80fda3607dac324cbd47681c1;/home/luna/TG/java-projects/guava/guava/src/com/google/common/cache/CacheBuilderSpec.java;331;340;MaximumSizeParser;LongParser;[];0;[];[];
;;guava;adce8999989d80c80fda3607dac324cbd47681c1;/home/luna/TG/java-projects/guava/guava/src/com/google/common/cache/CacheBuilderSpec.java;342;351;MaximumWeightParser;LongParser;[];0;[];[];
;;guava;adce8999989d80c80fda3607dac324cbd47681c1;/home/luna/TG/java-projects/guava/guava/src/com/google/common/cache/CacheBuilderSpec.java;353;363;ConcurrencyLevelParser;IntegerParser;[];0;[];[];
;;guava;adce8999989d80c80fda3607dac324cbd47681c1;/home/luna/TG/java-projects/guava/guava/src/com/google/common/cache/CacheBuilderSpec.java;365;379;KeyStrengthParser;null;[ValueParser];0;[];[];
;;guava;adce8999989d80c80fda3607dac324cbd47681c1;/home/luna/TG/java-projects/guava/guava/src/com/google/common/cache/CacheBuilderSpec.java;381;397;ValueStrengthParser;null;[ValueParser];0;[];[];
;;guava;adce8999989d80c80fda3607dac324cbd47681c1;/home/luna/TG/java-projects/guava/guava/src/com/google/common/cache/CacheBuilderSpec.java;399;408;RecordStatsParser;null;[ValueParser];0;[];[];
;;guava;adce8999989d80c80fda3607dac324cbd47681c1;/home/luna/TG/java-projects/guava/guava/src/com/google/common/cache/CacheBuilderSpec.java;410;446;DurationParser;null;[ValueParser];0;[];[];
;;guava;adce8999989d80c80fda3607dac324cbd47681c1;/home/luna/TG/java-projects/guava/guava/src/com/google/common/cache/CacheBuilderSpec.java;448;456;AccessDurationParser;DurationParser;[];0;[];[];
;;guava;adce8999989d80c80fda3607dac324cbd47681c1;/home/luna/TG/java-projects/guava/guava/src/com/google/common/cache/CacheBuilderSpec.java;458;466;WriteDurationParser;DurationParser;[];0;[];[];
;;guava;adce8999989d80c80fda3607dac324cbd47681c1;/home/luna/TG/java-projects/guava/guava/src/com/google/common/cache/CacheBuilderSpec.java;468;476;RefreshDurationParser;DurationParser;[];0;[];[];
;;guava;adce8999989d80c80fda3607dac324cbd47681c1;/home/luna/TG/java-projects/guava/guava/src/com/google/common/cache/Striped64.java;17;340;Striped64;Number;[];0;[];[GwtIncompatible];
;;guava;adce8999989d80c80fda3607dac324cbd47681c1;/home/luna/TG/java-projects/guava/guava/src/com/google/common/cache/Striped64.java;87;119;Cell;null;[];0;[];[];
;;guava;adce8999989d80c80fda3607dac324cbd47681c1;/home/luna/TG/java-projects/guava/guava/src/com/google/common/cache/CacheBuilder.java;41;893;CacheBuilder;null;[];2;[[K, V], [K, V]];[GwtCompatible];
;;guava;adce8999989d80c80fda3607dac324cbd47681c1;/home/luna/TG/java-projects/guava/guava/src/com/google/common/cache/CacheStats.java;25;276;CacheStats;null;[];0;[];[GwtCompatible];
;;guava;adce8999989d80c80fda3607dac324cbd47681c1;/home/luna/TG/java-projects/guava/guava/src/com/google/common/cache/RemovalListener.java;19;46;RemovalListener;null;[];2;[[K, V], [K, V]];[GwtCompatible];
;;guava;adce8999989d80c80fda3607dac324cbd47681c1;/home/luna/TG/java-projects/guava/guava/src/com/google/common/cache/ForwardingLoadingCache.java;22;87;ForwardingLoadingCache;ForwardingCache<K,V>;[LoadingCache<K,V>];2;[[K, V], [K, V]];[GwtIncompatible];
;;guava;adce8999989d80c80fda3607dac324cbd47681c1;/home/luna/TG/java-projects/guava/guava/src/com/google/common/cache/ForwardingLoadingCache.java;68;86;SimpleForwardingLoadingCache;ForwardingLoadingCache<K,V>;[];2;[[K, V], [K, V]];[];
;;guava;adce8999989d80c80fda3607dac324cbd47681c1;/home/luna/TG/java-projects/guava/guava/src/com/google/common/cache/Cache.java;27;183;Cache;null;[];2;[[K, V], [K, V]];[GwtCompatible];
;;guava;adce8999989d80c80fda3607dac324cbd47681c1;/home/luna/TG/java-projects/guava/guava/src/com/google/common/cache/CacheLoader.java;31;245;CacheLoader;null;[];2;[[K, V], [K, V]];[GwtCompatible];
;;guava;adce8999989d80c80fda3607dac324cbd47681c1;/home/luna/TG/java-projects/guava/guava/src/com/google/common/cache/CacheLoader.java;136;150;FunctionToCacheLoader;CacheLoader<K,V>;[Serializable];2;[[K, V], [K, V]];[];
;;guava;adce8999989d80c80fda3607dac324cbd47681c1;/home/luna/TG/java-projects/guava/guava/src/com/google/common/cache/CacheLoader.java;206;221;SupplierToCacheLoader;CacheLoader<Object,V>;[Serializable];1;[[V]];[];
;;guava;adce8999989d80c80fda3607dac324cbd47681c1;/home/luna/TG/java-projects/guava/guava/src/com/google/common/cache/CacheLoader.java;223;233;UnsupportedLoadingOperationException;UnsupportedOperationException;[];0;[];[];
;;guava;adce8999989d80c80fda3607dac324cbd47681c1;/home/luna/TG/java-projects/guava/guava/src/com/google/common/cache/CacheLoader.java;235;244;InvalidCacheLoadException;RuntimeException;[];0;[];[];
;;guava;adce8999989d80c80fda3607dac324cbd47681c1;/home/luna/TG/java-projects/guava/guava/src/com/google/common/cache/Weigher.java;19;35;Weigher;null;[];2;[[K, V], [K, V]];[GwtCompatible];
;;guava;adce8999989d80c80fda3607dac324cbd47681c1;/home/luna/TG/java-projects/guava/guava/src/com/google/common/cache/LocalCache.java;89;5183;LocalCache;AbstractMap<K,V>;[ConcurrentMap<K,V>];2;[[K, V], [K, V]];[GwtCompatible];
;;guava;adce8999989d80c80fda3607dac324cbd47681c1;/home/luna/TG/java-projects/guava/guava/src/com/google/common/cache/LocalCache.java;629;689;ValueReference;null;[];2;[[K, V], [K, V]];[];
;;guava;adce8999989d80c80fda3607dac324cbd47681c1;/home/luna/TG/java-projects/guava/guava/src/com/google/common/cache/LocalCache.java;746;864;ReferenceEntry;null;[];2;[[K, V], [K, V]];[];
;;guava;adce8999989d80c80fda3607dac324cbd47681c1;/home/luna/TG/java-projects/guava/guava/src/com/google/common/cache/LocalCache.java;941;1026;AbstractReferenceEntry;null;[ReferenceEntry<K,V>];2;[[K, V], [K, V]];[];
;;guava;adce8999989d80c80fda3607dac324cbd47681c1;/home/luna/TG/java-projects/guava/guava/src/com/google/common/cache/LocalCache.java;1077;1119;StrongEntry;AbstractReferenceEntry<K,V>;[];2;[[K, V], [K, V]];[];
;;guava;adce8999989d80c80fda3607dac324cbd47681c1;/home/luna/TG/java-projects/guava/guava/src/com/google/common/cache/LocalCache.java;1121;1165;StrongAccessEntry;StrongEntry<K,V>;[];2;[[K, V], [K, V]];[];
;;guava;adce8999989d80c80fda3607dac324cbd47681c1;/home/luna/TG/java-projects/guava/guava/src/com/google/common/cache/LocalCache.java;1167;1211;StrongWriteEntry;StrongEntry<K,V>;[];2;[[K, V], [K, V]];[];
;;guava;adce8999989d80c80fda3607dac324cbd47681c1;/home/luna/TG/java-projects/guava/guava/src/com/google/common/cache/LocalCache.java;1213;1297;StrongAccessWriteEntry;StrongEntry<K,V>;[];2;[[K, V], [K, V]];[];
;;guava;adce8999989d80c80fda3607dac324cbd47681c1;/home/luna/TG/java-projects/guava/guava/src/com/google/common/cache/LocalCache.java;1299;1408;WeakEntry;WeakReference<K>;[ReferenceEntry<K,V>];2;[[K, V], [K, V]];[];
;;guava;adce8999989d80c80fda3607dac324cbd47681c1;/home/luna/TG/java-projects/guava/guava/src/com/google/common/cache/LocalCache.java;1410;1454;WeakAccessEntry;WeakEntry<K,V>;[];2;[[K, V], [K, V]];[];
;;guava;adce8999989d80c80fda3607dac324cbd47681c1;/home/luna/TG/java-projects/guava/guava/src/com/google/common/cache/LocalCache.java;1456;1500;WeakWriteEntry;WeakEntry<K,V>;[];2;[[K, V], [K, V]];[];
;;guava;adce8999989d80c80fda3607dac324cbd47681c1;/home/luna/TG/java-projects/guava/guava/src/com/google/common/cache/LocalCache.java;1502;1587;WeakAccessWriteEntry;WeakEntry<K,V>;[];2;[[K, V], [K, V]];[];
;;guava;adce8999989d80c80fda3607dac324cbd47681c1;/home/luna/TG/java-projects/guava/guava/src/com/google/common/cache/LocalCache.java;1589;1633;WeakValueReference;WeakReference<V>;[ValueReference<K,V>];2;[[K, V], [K, V]];[];
;;guava;adce8999989d80c80fda3607dac324cbd47681c1;/home/luna/TG/java-projects/guava/guava/src/com/google/common/cache/LocalCache.java;1635;1679;SoftValueReference;SoftReference<V>;[ValueReference<K,V>];2;[[K, V], [K, V]];[];
;;guava;adce8999989d80c80fda3607dac324cbd47681c1;/home/luna/TG/java-projects/guava/guava/src/com/google/common/cache/LocalCache.java;1681;1729;StrongValueReference;null;[ValueReference<K,V>];2;[[K, V], [K, V]];[];
;;guava;adce8999989d80c80fda3607dac324cbd47681c1;/home/luna/TG/java-projects/guava/guava/src/com/google/common/cache/LocalCache.java;1731;1753;WeightedWeakValueReference;WeakValueReference<K,V>;[];2;[[K, V], [K, V]];[];
;;guava;adce8999989d80c80fda3607dac324cbd47681c1;/home/luna/TG/java-projects/guava/guava/src/com/google/common/cache/LocalCache.java;1755;1777;WeightedSoftValueReference;SoftValueReference<K,V>;[];2;[[K, V], [K, V]];[];
;;guava;adce8999989d80c80fda3607dac324cbd47681c1;/home/luna/TG/java-projects/guava/guava/src/com/google/common/cache/LocalCache.java;1779;1794;WeightedStrongValueReference;StrongValueReference<K,V>;[];2;[[K, V], [K, V]];[];
;;guava;adce8999989d80c80fda3607dac324cbd47681c1;/home/luna/TG/java-projects/guava/guava/src/com/google/common/cache/LocalCache.java;1980;3653;Segment;ReentrantLock;[];2;[[K, V], [K, V]];[SuppressWarnings];
;;guava;adce8999989d80c80fda3607dac324cbd47681c1;/home/luna/TG/java-projects/guava/guava/src/com/google/common/cache/LocalCache.java;3655;3784;LoadingValueReference;null;[ValueReference<K,V>];2;[[K, V], [K, V]];[];
;;guava;adce8999989d80c80fda3607dac324cbd47681c1;/home/luna/TG/java-projects/guava/guava/src/com/google/common/cache/LocalCache.java;3788;3925;WriteQueue;AbstractQueue<ReferenceEntry<K,V>>;[];2;[[K, V], [K, V]];[];
;;guava;adce8999989d80c80fda3607dac324cbd47681c1;/home/luna/TG/java-projects/guava/guava/src/com/google/common/cache/LocalCache.java;3927;4064;AccessQueue;AbstractQueue<ReferenceEntry<K,V>>;[];2;[[K, V], [K, V]];[];
;;guava;adce8999989d80c80fda3607dac324cbd47681c1;/home/luna/TG/java-projects/guava/guava/src/com/google/common/cache/LocalCache.java;4495;4606;HashIterator;null;[Iterator<T>];1;[[T]];[];
;;guava;adce8999989d80c80fda3607dac324cbd47681c1;/home/luna/TG/java-projects/guava/guava/src/com/google/common/cache/LocalCache.java;4608;4614;KeyIterator;HashIterator<K>;[];0;[];[];
;;guava;adce8999989d80c80fda3607dac324cbd47681c1;/home/luna/TG/java-projects/guava/guava/src/com/google/common/cache/LocalCache.java;4616;4622;ValueIterator;HashIterator<V>;[];0;[];[];
;;guava;adce8999989d80c80fda3607dac324cbd47681c1;/home/luna/TG/java-projects/guava/guava/src/com/google/common/cache/LocalCache.java;4624;4674;WriteThroughEntry;null;[Entry<K,V>];0;[];[];
;;guava;adce8999989d80c80fda3607dac324cbd47681c1;/home/luna/TG/java-projects/guava/guava/src/com/google/common/cache/LocalCache.java;4676;4682;EntryIterator;HashIterator<Entry<K,V>>;[];0;[];[];
;;guava;adce8999989d80c80fda3607dac324cbd47681c1;/home/luna/TG/java-projects/guava/guava/src/com/google/common/cache/LocalCache.java;4684;4718;AbstractCacheSet;AbstractSet<T>;[];1;[[T]];[];
;;guava;adce8999989d80c80fda3607dac324cbd47681c1;/home/luna/TG/java-projects/guava/guava/src/com/google/common/cache/LocalCache.java;4744;4765;KeySet;AbstractCacheSet<K>;[];0;[];[WeakOuter];
;;guava;adce8999989d80c80fda3607dac324cbd47681c1;/home/luna/TG/java-projects/guava/guava/src/com/google/common/cache/LocalCache.java;4767;4818;Values;AbstractCollection<V>;[];0;[];[WeakOuter];
;;guava;adce8999989d80c80fda3607dac324cbd47681c1;/home/luna/TG/java-projects/guava/guava/src/com/google/common/cache/LocalCache.java;4820;4862;EntrySet;AbstractCacheSet<Entry<K,V>>;[];0;[];[WeakOuter];
;;guava;adce8999989d80c80fda3607dac324cbd47681c1;/home/luna/TG/java-projects/guava/guava/src/com/google/common/cache/LocalCache.java;4866;4982;ManualSerializationProxy;ForwardingCache<K,V>;[Serializable];2;[[K, V], [K, V]];[];
;;guava;adce8999989d80c80fda3607dac324cbd47681c1;/home/luna/TG/java-projects/guava/guava/src/com/google/common/cache/LocalCache.java;4984;5036;LoadingSerializationProxy;ManualSerializationProxy<K,V>;[LoadingCache<K,V>, Serializable];2;[[K, V], [K, V]];[];
;;guava;adce8999989d80c80fda3607dac324cbd47681c1;/home/luna/TG/java-projects/guava/guava/src/com/google/common/cache/LocalCache.java;5038;5133;LocalManualCache;null;[Cache<K,V>, Serializable];2;[[K, V], [K, V]];[];
;;guava;adce8999989d80c80fda3607dac324cbd47681c1;/home/luna/TG/java-projects/guava/guava/src/com/google/common/cache/LocalCache.java;5135;5182;LocalLoadingCache;LocalManualCache<K,V>;[LoadingCache<K,V>];2;[[K, V], [K, V]];[];
;;guava;adce8999989d80c80fda3607dac324cbd47681c1;/home/luna/TG/java-projects/guava/guava/src/com/google/common/cache/AbstractCache.java;25;271;AbstractCache;null;[Cache<K,V>];2;[[K, V], [K, V]];[GwtCompatible];
;;guava;adce8999989d80c80fda3607dac324cbd47681c1;/home/luna/TG/java-projects/guava/guava/src/com/google/common/cache/AbstractCache.java;134;194;StatsCounter;null;[];0;[];[];
;;guava;adce8999989d80c80fda3607dac324cbd47681c1;/home/luna/TG/java-projects/guava/guava/src/com/google/common/cache/AbstractCache.java;196;270;SimpleStatsCounter;null;[StatsCounter];0;[];[];
;;guava;adce8999989d80c80fda3607dac324cbd47681c1;/home/luna/TG/java-projects/guava/guava/src/com/google/common/cache/RemovalListeners.java;22;57;RemovalListeners;null;[];0;[];[GwtIncompatible];
;;guava;adce8999989d80c80fda3607dac324cbd47681c1;/home/luna/TG/java-projects/guava/guava/src/com/google/common/cache/ForwardingCache.java;27;141;ForwardingCache;ForwardingObject;[Cache<K,V>];2;[[K, V], [K, V]];[GwtIncompatible];
;;guava;adce8999989d80c80fda3607dac324cbd47681c1;/home/luna/TG/java-projects/guava/guava/src/com/google/common/cache/ForwardingCache.java;123;140;SimpleForwardingCache;ForwardingCache<K,V>;[];2;[[K, V], [K, V]];[];
;;guava;adce8999989d80c80fda3607dac324cbd47681c1;/home/luna/TG/java-projects/guava/guava/src/com/google/common/cache/LongAdder.java;21;209;LongAdder;Striped64;[Serializable, LongAddable];0;[];[GwtCompatible];
;;guava;adce8999989d80c80fda3607dac324cbd47681c1;/home/luna/TG/java-projects/guava/guava/src/com/google/common/cache/LongAddables.java;21;73;LongAddables;null;[];0;[];[GwtCompatible];
;;guava;adce8999989d80c80fda3607dac324cbd47681c1;/home/luna/TG/java-projects/guava/guava/src/com/google/common/cache/LongAddables.java;57;72;PureJavaLongAddable;AtomicLong;[LongAddable];0;[];[];
;;guava;adce8999989d80c80fda3607dac324cbd47681c1;/home/luna/TG/java-projects/guava/guava/src/com/google/common/cache/RemovalNotification.java;23;71;RemovalNotification;SimpleImmutableEntry<K,V>;[];2;[[K, V], [K, V]];[GwtCompatible];
;;guava;adce8999989d80c80fda3607dac324cbd47681c1;/home/luna/TG/java-projects/guava/guava/src/com/google/common/graph/GraphErrorMessageUtils.java;19;35;GraphErrorMessageUtils;null;[];0;[];[];
;;guava;adce8999989d80c80fda3607dac324cbd47681c1;/home/luna/TG/java-projects/guava/guava/src/com/google/common/graph/MutableNetwork.java;22;82;MutableNetwork;null;[Network<N,E>];2;[[N, E], [N, E]];[Beta];
;;guava;adce8999989d80c80fda3607dac324cbd47681c1;/home/luna/TG/java-projects/guava/guava/src/com/google/common/graph/ElementOrder.java;32;161;ElementOrder;null;[];1;[[T]];[Beta];
;;guava;adce8999989d80c80fda3607dac324cbd47681c1;/home/luna/TG/java-projects/guava/guava/src/com/google/common/graph/DirectedGraphConnections.java;38;251;DirectedGraphConnections;null;[GraphConnections<N,V>];2;[[N, V], [N, V]];[];
;;guava;adce8999989d80c80fda3607dac324cbd47681c1;/home/luna/TG/java-projects/guava/guava/src/com/google/common/graph/DirectedGraphConnections.java;46;56;PredAndSucc;null;[];0;[];[];
;;guava;adce8999989d80c80fda3607dac324cbd47681c1;/home/luna/TG/java-projects/guava/guava/src/com/google/common/graph/IncidenceSetUndirectedGraph.java;40;384;IncidenceSetUndirectedGraph;null;[UndirectedGraph<N,E>];2;[[N, E], [N, E]];[];
;;guava;adce8999989d80c80fda3607dac324cbd47681c1;/home/luna/TG/java-projects/guava/guava/src/com/google/common/graph/ConfigurableGraph.java;30;149;ConfigurableGraph;AbstractGraph<N,V>;[];2;[[N, V], [N, V]];[];
;;guava;adce8999989d80c80fda3607dac324cbd47681c1;/home/luna/TG/java-projects/guava/guava/src/com/google/common/graph/AbstractGraphBuilder.java;21;41;AbstractGraphBuilder;null;[];1;[[N]];[];
;;guava;adce8999989d80c80fda3607dac324cbd47681c1;/home/luna/TG/java-projects/guava/guava/src/com/google/common/graph/Endpoints.java;29;260;Endpoints;AbstractCollection<N>;[];1;[[N]];[Beta];
;;guava;adce8999989d80c80fda3607dac324cbd47681c1;/home/luna/TG/java-projects/guava/guava/src/com/google/common/graph/Endpoints.java;168;209;Directed;Endpoints<N>;[];1;[[N]];[];
;;guava;adce8999989d80c80fda3607dac324cbd47681c1;/home/luna/TG/java-projects/guava/guava/src/com/google/common/graph/Endpoints.java;211;259;Undirected;Endpoints<N>;[];1;[[N]];[];
;;guava;adce8999989d80c80fda3607dac324cbd47681c1;/home/luna/TG/java-projects/guava/guava/src/com/google/common/graph/AbstractBasicGraph.java;24;49;AbstractBasicGraph;AbstractGraph<N,Presence>;[BasicGraph<N>];1;[[N]];[Beta];
;;guava;adce8999989d80c80fda3607dac324cbd47681c1;/home/luna/TG/java-projects/guava/guava/src/com/google/common/graph/GraphBuilder.java;25;115;GraphBuilder;AbstractGraphBuilder<N>;[];1;[[N]];[Beta];
;;guava;adce8999989d80c80fda3607dac324cbd47681c1;/home/luna/TG/java-projects/guava/guava/src/com/google/common/graph/UndirectedMultiNodeConnections.java;37;123;UndirectedMultiNodeConnections;AbstractUndirectedNodeConnections<N,E>;[];2;[[N, E], [N, E]];[];
;;guava;adce8999989d80c80fda3607dac324cbd47681c1;/home/luna/TG/java-projects/guava/guava/src/com/google/common/graph/ImmutableGraph.java;29;105;ImmutableGraph;ForwardingGraph<N>;[];1;[[N]];[Beta];
;;guava;adce8999989d80c80fda3607dac324cbd47681c1;/home/luna/TG/java-projects/guava/guava/src/com/google/common/graph/ImmutableGraph.java;89;104;ValueBackedImpl;ImmutableGraph<N>;[];2;[[N, V], [N, V]];[];
;;guava;adce8999989d80c80fda3607dac324cbd47681c1;/home/luna/TG/java-projects/guava/guava/src/com/google/common/graph/GraphProperties.java;26;91;GraphProperties;null;[];0;[];[Beta];
;;guava;adce8999989d80c80fda3607dac324cbd47681c1;/home/luna/TG/java-projects/guava/guava/src/com/google/common/graph/ImmutableDirectedGraph.java;35;383;ImmutableDirectedGraph;AbstractImmutableGraph<N,E>;[DirectedGraph<N,E>];2;[[N, E], [N, E]];[Beta];
;;guava;adce8999989d80c80fda3607dac324cbd47681c1;/home/luna/TG/java-projects/guava/guava/src/com/google/common/graph/ImmutableDirectedGraph.java;300;382;Builder;null;[AbstractImmutableGraph.Builder<N,E>];2;[[N, E], [N, E]];[];
;;guava;adce8999989d80c80fda3607dac324cbd47681c1;/home/luna/TG/java-projects/guava/guava/src/com/google/common/graph/EdgesConnecting.java;28;70;EdgesConnecting;AbstractSet<E>;[];1;[[E]];[];
;;guava;adce8999989d80c80fda3607dac324cbd47681c1;/home/luna/TG/java-projects/guava/guava/src/com/google/common/graph/UndirectedGraph.java;21;30;UndirectedGraph;null;[Graph<N,E>];2;[[N, E], [N, E]];[Beta];
;;guava;adce8999989d80c80fda3607dac324cbd47681c1;/home/luna/TG/java-projects/guava/guava/src/com/google/common/graph/MapRetrievalCache.java;22;105;MapRetrievalCache;MapIteratorCache<K,V>;[];2;[[K, V], [K, V]];[];
;;guava;adce8999989d80c80fda3607dac324cbd47681c1;/home/luna/TG/java-projects/guava/guava/src/com/google/common/graph/MapRetrievalCache.java;96;104;CacheEntry;null;[];2;[[K, V], [K, V]];[];
;;guava;adce8999989d80c80fda3607dac324cbd47681c1;/home/luna/TG/java-projects/guava/guava/src/com/google/common/graph/DirectedMultiNodeConnections.java;37;152;DirectedMultiNodeConnections;AbstractDirectedNodeConnections<N,E>;[];2;[[N, E], [N, E]];[];
;;guava;adce8999989d80c80fda3607dac324cbd47681c1;/home/luna/TG/java-projects/guava/guava/src/com/google/common/graph/BaseGraph.java;22;136;BaseGraph;null;[];1;[[N]];[];
;;guava;adce8999989d80c80fda3607dac324cbd47681c1;/home/luna/TG/java-projects/guava/guava/src/com/google/common/graph/SetView.java;27;57;SetView;AbstractSet<E>;[];1;[[E]];[CheckReturnValue];
;;guava;adce8999989d80c80fda3607dac324cbd47681c1;/home/luna/TG/java-projects/guava/guava/src/com/google/common/graph/AbstractGraph.java;30;114;AbstractGraph;null;[Graph<N>];1;[[N]];[Beta];
;;guava;adce8999989d80c80fda3607dac324cbd47681c1;/home/luna/TG/java-projects/guava/guava/src/com/google/common/graph/MapIteratorCache.java;30;134;MapIteratorCache;null;[];2;[[K, V], [K, V]];[];
;;guava;adce8999989d80c80fda3607dac324cbd47681c1;/home/luna/TG/java-projects/guava/guava/src/com/google/common/graph/ImmutableUndirectedGraph.java;36;356;ImmutableUndirectedGraph;AbstractImmutableGraph<N,E>;[UndirectedGraph<N,E>];2;[[N, E], [N, E]];[Beta];
;;guava;adce8999989d80c80fda3607dac324cbd47681c1;/home/luna/TG/java-projects/guava/guava/src/com/google/common/graph/ImmutableUndirectedGraph.java;273;355;Builder;null;[AbstractImmutableGraph.Builder<N,E>];2;[[N, E], [N, E]];[];
;;guava;adce8999989d80c80fda3607dac324cbd47681c1;/home/luna/TG/java-projects/guava/guava/src/com/google/common/graph/AbstractConfigurableGraph.java;29;137;AbstractConfigurableGraph;AbstractGraph<N>;[];1;[[N]];[];
;;guava;adce8999989d80c80fda3607dac324cbd47681c1;/home/luna/TG/java-projects/guava/guava/src/com/google/common/graph/UndirectedNodeConnections.java;31;145;UndirectedNodeConnections;null;[NodeConnections<N,E>];2;[[N, E], [N, E]];[];
;;guava;adce8999989d80c80fda3607dac324cbd47681c1;/home/luna/TG/java-projects/guava/guava/src/com/google/common/graph/MultiEdgesConnecting.java;29;69;MultiEdgesConnecting;AbstractSet<E>;[];1;[[E]];[];
;;guava;adce8999989d80c80fda3607dac324cbd47681c1;/home/luna/TG/java-projects/guava/guava/src/com/google/common/graph/BasicGraph.java;24;110;BasicGraph;null;[Graph<N,BasicGraph.Presence>];1;[[N]];[Beta];
;;guava;adce8999989d80c80fda3607dac324cbd47681c1;/home/luna/TG/java-projects/guava/guava/src/com/google/common/graph/AbstractConfigurableNetwork.java;33;230;AbstractConfigurableNetwork;AbstractNetwork<N,E>;[];2;[[N, E], [N, E]];[];
;;guava;adce8999989d80c80fda3607dac324cbd47681c1;/home/luna/TG/java-projects/guava/guava/src/com/google/common/graph/UndirectedNetworkConnections.java;28;58;UndirectedNetworkConnections;AbstractUndirectedNetworkConnections<N,E>;[];2;[[N, E], [N, E]];[];
;;guava;adce8999989d80c80fda3607dac324cbd47681c1;/home/luna/TG/java-projects/guava/guava/src/com/google/common/graph/AbstractDirectedNetworkConnections.java;35;134;AbstractDirectedNetworkConnections;null;[NetworkConnections<N,E>];2;[[N, E], [N, E]];[];
;;guava;adce8999989d80c80fda3607dac324cbd47681c1;/home/luna/TG/java-projects/guava/guava/src/com/google/common/graph/IncidentNodes.java;27;79;IncidentNodes;null;[];1;[[N]];[CheckReturnValue];
;;guava;adce8999989d80c80fda3607dac324cbd47681c1;/home/luna/TG/java-projects/guava/guava/src/com/google/common/graph/ValueGraph.java;22;151;ValueGraph;null;[Graph<N>];2;[[N, V], [N, V]];[Beta];
;;guava;adce8999989d80c80fda3607dac324cbd47681c1;/home/luna/TG/java-projects/guava/guava/src/com/google/common/graph/AbstractNetwork.java;34;173;AbstractNetwork;null;[Network<N,E>];2;[[N, E], [N, E]];[Beta];
;;guava;adce8999989d80c80fda3607dac324cbd47681c1;/home/luna/TG/java-projects/guava/guava/src/com/google/common/graph/ConfigurableMutableGraph.java;21;63;ConfigurableMutableGraph;ForwardingGraph<N>;[MutableGraph<N>];1;[[N]];[];
;;guava;adce8999989d80c80fda3607dac324cbd47681c1;/home/luna/TG/java-projects/guava/guava/src/com/google/common/graph/NodeAdjacencies.java;20;55;NodeAdjacencies;null;[];1;[[N]];[];
;;guava;adce8999989d80c80fda3607dac324cbd47681c1;/home/luna/TG/java-projects/guava/guava/src/com/google/common/graph/AbstractValueGraph.java;29;71;AbstractValueGraph;AbstractGraph<N>;[ValueGraph<N,V>];2;[[N, V], [N, V]];[Beta];
;;guava;adce8999989d80c80fda3607dac324cbd47681c1;/home/luna/TG/java-projects/guava/guava/src/com/google/common/graph/DirectedGraph.java;23;47;DirectedGraph;null;[Graph<N,E>];2;[[N, E], [N, E]];[Beta, CheckReturnValue];
;;guava;adce8999989d80c80fda3607dac324cbd47681c1;/home/luna/TG/java-projects/guava/guava/src/com/google/common/graph/ConfigurableMutableBasicGraph.java;21;111;ConfigurableMutableBasicGraph;AbstractBasicGraph<N>;[MutableBasicGraph<N>];1;[[N]];[];
;;guava;adce8999989d80c80fda3607dac324cbd47681c1;/home/luna/TG/java-projects/guava/guava/src/com/google/common/graph/EndpointsIterator.java;27;135;EndpointsIterator;AbstractIterator<Endpoints<N>>;[];1;[[N]];[];
;;guava;adce8999989d80c80fda3607dac324cbd47681c1;/home/luna/TG/java-projects/guava/guava/src/com/google/common/graph/EndpointsIterator.java;63;83;Directed;EndpointsIterator<N>;[];1;[[N]];[];
;;guava;adce8999989d80c80fda3607dac324cbd47681c1;/home/luna/TG/java-projects/guava/guava/src/com/google/common/graph/EndpointsIterator.java;85;134;Undirected;EndpointsIterator<N>;[];1;[[N]];[];
;;guava;adce8999989d80c80fda3607dac324cbd47681c1;/home/luna/TG/java-projects/guava/guava/src/com/google/common/graph/DirectedNodeConnections.java;31;163;DirectedNodeConnections;null;[NodeConnections<N,E>];2;[[N, E], [N, E]];[];
;;guava;adce8999989d80c80fda3607dac324cbd47681c1;/home/luna/TG/java-projects/guava/guava/src/com/google/common/graph/EndpointPairIterator.java;27;136;EndpointPairIterator;AbstractIterator<EndpointPair<N>>;[];1;[[N]];[];
;;guava;adce8999989d80c80fda3607dac324cbd47681c1;/home/luna/TG/java-projects/guava/guava/src/com/google/common/graph/EndpointPairIterator.java;62;82;Directed;EndpointPairIterator<N>;[];1;[[N]];[];
;;guava;adce8999989d80c80fda3607dac324cbd47681c1;/home/luna/TG/java-projects/guava/guava/src/com/google/common/graph/EndpointPairIterator.java;84;135;Undirected;EndpointPairIterator<N>;[];1;[[N]];[];
;;guava;adce8999989d80c80fda3607dac324cbd47681c1;/home/luna/TG/java-projects/guava/guava/src/com/google/common/graph/Network.java;23;307;Network;null;[];2;[[N, E], [N, E]];[Beta];
;;guava;adce8999989d80c80fda3607dac324cbd47681c1;/home/luna/TG/java-projects/guava/guava/src/com/google/common/graph/EndpointPair.java;28;251;EndpointPair;null;[Iterable<N>];1;[[N]];[Beta];
;;guava;adce8999989d80c80fda3607dac324cbd47681c1;/home/luna/TG/java-projects/guava/guava/src/com/google/common/graph/EndpointPair.java;144;190;Ordered;EndpointPair<N>;[];1;[[N]];[];
;;guava;adce8999989d80c80fda3607dac324cbd47681c1;/home/luna/TG/java-projects/guava/guava/src/com/google/common/graph/EndpointPair.java;192;250;Unordered;EndpointPair<N>;[];1;[[N]];[];
;;guava;adce8999989d80c80fda3607dac324cbd47681c1;/home/luna/TG/java-projects/guava/guava/src/com/google/common/graph/BasicGraphBuilder.java;25;125;BasicGraphBuilder;AbstractGraphBuilder<N>;[];1;[[N]];[Beta];
;;guava;adce8999989d80c80fda3607dac324cbd47681c1;/home/luna/TG/java-projects/guava/guava/src/com/google/common/graph/ConfigurableValueGraph.java;29;148;ConfigurableValueGraph;AbstractValueGraph<N,V>;[];2;[[N, V], [N, V]];[];
;;guava;adce8999989d80c80fda3607dac324cbd47681c1;/home/luna/TG/java-projects/guava/guava/src/com/google/common/graph/MutableValueGraph.java;22;80;MutableValueGraph;null;[ValueGraph<N,V>];2;[[N, V], [N, V]];[Beta];
;;guava;adce8999989d80c80fda3607dac324cbd47681c1;/home/luna/TG/java-projects/guava/guava/src/com/google/common/graph/UndirectedGraphConnections.java;29;93;UndirectedGraphConnections;null;[GraphConnections<N,V>];2;[[N, V], [N, V]];[];
;;guava;adce8999989d80c80fda3607dac324cbd47681c1;/home/luna/TG/java-projects/guava/guava/src/com/google/common/graph/Hypergraph.java;21;55;Hypergraph;null;[Graph<N,E>];2;[[N, E], [N, E]];[Beta];
;;guava;adce8999989d80c80fda3607dac324cbd47681c1;/home/luna/TG/java-projects/guava/guava/src/com/google/common/graph/DirectedNodeAdjacencies.java;34;194;DirectedNodeAdjacencies;null;[NodeAdjacencies<N>];1;[[N]];[];
;;guava;adce8999989d80c80fda3607dac324cbd47681c1;/home/luna/TG/java-projects/guava/guava/src/com/google/common/graph/NodeConnections.java;21;34;NodeConnections;null;[];1;[[N]];[];
;;guava;adce8999989d80c80fda3607dac324cbd47681c1;/home/luna/TG/java-projects/guava/guava/src/com/google/common/graph/IncidenceSetDirectedGraph.java;39;415;IncidenceSetDirectedGraph;null;[DirectedGraph<N,E>];2;[[N, E], [N, E]];[];
;;guava;adce8999989d80c80fda3607dac324cbd47681c1;/home/luna/TG/java-projects/guava/guava/src/com/google/common/graph/ConfigurableMutableNetwork.java;29;166;ConfigurableMutableNetwork;ConfigurableNetwork<N,E>;[MutableNetwork<N,E>];2;[[N, E], [N, E]];[];
;;guava;adce8999989d80c80fda3607dac324cbd47681c1;/home/luna/TG/java-projects/guava/guava/src/com/google/common/graph/ConfigurableNetwork.java;32;202;ConfigurableNetwork;AbstractNetwork<N,E>;[];2;[[N, E], [N, E]];[];
;;guava;adce8999989d80c80fda3607dac324cbd47681c1;/home/luna/TG/java-projects/guava/guava/src/com/google/common/graph/UndirectedIncidentNodes.java;28;101;UndirectedIncidentNodes;AbstractSet<N>;[];1;[[N]];[];
;;guava;adce8999989d80c80fda3607dac324cbd47681c1;/home/luna/TG/java-projects/guava/guava/src/com/google/common/graph/UndirectedIncidentNodes.java;61;78;OneNode;UndirectedIncidentNodes<N>;[];1;[[N]];[];
;;guava;adce8999989d80c80fda3607dac324cbd47681c1;/home/luna/TG/java-projects/guava/guava/src/com/google/common/graph/UndirectedIncidentNodes.java;80;100;TwoNodes;UndirectedIncidentNodes<N>;[];1;[[N]];[];
;;guava;adce8999989d80c80fda3607dac324cbd47681c1;/home/luna/TG/java-projects/guava/guava/src/com/google/common/graph/NetworkBuilder.java;25;150;NetworkBuilder;AbstractGraphBuilder<N>;[];2;[[N, E], [N, E]];[Beta];
;;guava;adce8999989d80c80fda3607dac324cbd47681c1;/home/luna/TG/java-projects/guava/guava/src/com/google/common/graph/MutableBasicGraph.java;22;75;MutableBasicGraph;null;[BasicGraph<N>];1;[[N]];[Beta];
;;guava;adce8999989d80c80fda3607dac324cbd47681c1;/home/luna/TG/java-projects/guava/guava/src/com/google/common/graph/DirectedNetworkConnections.java;28;67;DirectedNetworkConnections;AbstractDirectedNetworkConnections<N,E>;[];2;[[N, E], [N, E]];[];
;;guava;adce8999989d80c80fda3607dac324cbd47681c1;/home/luna/TG/java-projects/guava/guava/src/com/google/common/graph/Graph.java;23;226;Graph;null;[];1;[[N]];[Beta];
;;guava;adce8999989d80c80fda3607dac324cbd47681c1;/home/luna/TG/java-projects/guava/guava/src/com/google/common/graph/UndirectedNodeAdjacencies.java;28;85;UndirectedNodeAdjacencies;null;[NodeAdjacencies<N>];1;[[N]];[];
;;guava;adce8999989d80c80fda3607dac324cbd47681c1;/home/luna/TG/java-projects/guava/guava/src/com/google/common/graph/ImmutableValueGraph.java;28;109;ImmutableValueGraph;ImmutableGraph.ValueBackedImpl<N,V>;[ValueGraph<N,V>];2;[[N, V], [N, V]];[Beta];
;;guava;adce8999989d80c80fda3607dac324cbd47681c1;/home/luna/TG/java-projects/guava/guava/src/com/google/common/graph/GraphConstants.java;19;58;GraphConstants;null;[];0;[];[];
;;guava;adce8999989d80c80fda3607dac324cbd47681c1;/home/luna/TG/java-projects/guava/guava/src/com/google/common/graph/AbstractImmutableGraph.java;19;86;AbstractImmutableGraph;null;[Graph<N,E>];2;[[N, E], [N, E]];[];
;;guava;adce8999989d80c80fda3607dac324cbd47681c1;/home/luna/TG/java-projects/guava/guava/src/com/google/common/graph/AbstractImmutableGraph.java;50;85;Builder;null;[];2;[[N, E], [N, E]];[];
;;guava;adce8999989d80c80fda3607dac324cbd47681c1;/home/luna/TG/java-projects/guava/guava/src/com/google/common/graph/DirectedMultiNetworkConnections.java;35;148;DirectedMultiNetworkConnections;AbstractDirectedNetworkConnections<N,E>;[];2;[[N, E], [N, E]];[];
;;guava;adce8999989d80c80fda3607dac324cbd47681c1;/home/luna/TG/java-projects/guava/guava/src/com/google/common/graph/AbstractUndirectedNetworkConnections.java;26;97;AbstractUndirectedNetworkConnections;null;[NetworkConnections<N,E>];2;[[N, E], [N, E]];[];
;;guava;adce8999989d80c80fda3607dac324cbd47681c1;/home/luna/TG/java-projects/guava/guava/src/com/google/common/graph/NetworkConnections.java;22;76;NetworkConnections;null;[];2;[[N, E], [N, E]];[];
;;guava;adce8999989d80c80fda3607dac324cbd47681c1;/home/luna/TG/java-projects/guava/guava/src/com/google/common/graph/ValueGraphBuilder.java;25;120;ValueGraphBuilder;AbstractGraphBuilder<N>;[];2;[[N, V], [N, V]];[Beta];
;;guava;adce8999989d80c80fda3607dac324cbd47681c1;/home/luna/TG/java-projects/guava/guava/src/com/google/common/graph/MutableGraph.java;22;75;MutableGraph;null;[Graph<N>];1;[[N]];[Beta];
;;guava;adce8999989d80c80fda3607dac324cbd47681c1;/home/luna/TG/java-projects/guava/guava/src/com/google/common/graph/UndirectedMultiNetworkConnections.java;35;123;UndirectedMultiNetworkConnections;AbstractUndirectedNetworkConnections<N,E>;[];2;[[N, E], [N, E]];[];
;;guava;adce8999989d80c80fda3607dac324cbd47681c1;/home/luna/TG/java-projects/guava/guava/src/com/google/common/graph/ForwardingGraph.java;21;85;ForwardingGraph;AbstractGraph<N>;[];1;[[N]];[];
;;guava;adce8999989d80c80fda3607dac324cbd47681c1;/home/luna/TG/java-projects/guava/guava/src/com/google/common/graph/SimpleEdgesConnecting.java;28;69;SimpleEdgesConnecting;AbstractSet<E>;[];1;[[E]];[];
;;guava;adce8999989d80c80fda3607dac324cbd47681c1;/home/luna/TG/java-projects/guava/guava/src/com/google/common/graph/PredecessorGraph.java;23;72;PredecessorGraph;null;[];1;[[N]];[Beta];
;;guava;adce8999989d80c80fda3607dac324cbd47681c1;/home/luna/TG/java-projects/guava/guava/src/com/google/common/graph/SuccessorGraph.java;23;75;SuccessorGraph;null;[];1;[[N]];[Beta];
;;guava;adce8999989d80c80fda3607dac324cbd47681c1;/home/luna/TG/java-projects/guava/guava/src/com/google/common/graph/ImmutableNetwork.java;28;145;ImmutableNetwork;ConfigurableNetwork<N,E>;[];2;[[N, E], [N, E]];[Beta];
;;guava;adce8999989d80c80fda3607dac324cbd47681c1;/home/luna/TG/java-projects/guava/guava/src/com/google/common/graph/ImmutableBasicGraph.java;25;62;ImmutableBasicGraph;ImmutableGraph<N,Presence>;[BasicGraph<N>];1;[[N]];[Beta];
;;guava;adce8999989d80c80fda3607dac324cbd47681c1;/home/luna/TG/java-projects/guava/guava/src/com/google/common/graph/DirectedIncidentNodes.java;26;81;DirectedIncidentNodes;null;[];1;[[N]];[];
;;guava;adce8999989d80c80fda3607dac324cbd47681c1;/home/luna/TG/java-projects/guava/guava/src/com/google/common/graph/Graphs.java;36;737;Graphs;null;[];0;[];[Beta];
;;guava;adce8999989d80c80fda3607dac324cbd47681c1;/home/luna/TG/java-projects/guava/guava/src/com/google/common/graph/Graphs.java;354;404;TransposedGraph;AbstractGraph<N>;[];1;[[N]];[];
;;guava;adce8999989d80c80fda3607dac324cbd47681c1;/home/luna/TG/java-projects/guava/guava/src/com/google/common/graph/Graphs.java;422;482;TransposedValueGraph;AbstractValueGraph<N,V>;[];2;[[N, V], [N, V]];[];
;;guava;adce8999989d80c80fda3607dac324cbd47681c1;/home/luna/TG/java-projects/guava/guava/src/com/google/common/graph/Graphs.java;500;587;TransposedNetwork;AbstractNetwork<N,E>;[];2;[[N, E], [N, E]];[];
;;guava;adce8999989d80c80fda3607dac324cbd47681c1;/home/luna/TG/java-projects/guava/guava/src/com/google/common/graph/DirectedIncidentEdges.java;30;85;DirectedIncidentEdges;null;[];1;[[E]];[];
;;guava;adce8999989d80c80fda3607dac324cbd47681c1;/home/luna/TG/java-projects/guava/guava/src/com/google/common/graph/IncidentEdges.java;31;86;IncidentEdges;null;[];1;[[E]];[CheckReturnValue];
;;guava;adce8999989d80c80fda3607dac324cbd47681c1;/home/luna/TG/java-projects/guava/guava/src/com/google/common/graph/AbstractDirectedNodeConnections.java;28;113;AbstractDirectedNodeConnections;null;[NodeConnections<N,E>];2;[[N, E], [N, E]];[];
;;guava;adce8999989d80c80fda3607dac324cbd47681c1;/home/luna/TG/java-projects/guava/guava/src/com/google/common/graph/GraphConnections.java;23;69;GraphConnections;null;[];2;[[N, V], [N, V]];[];
;;guava;adce8999989d80c80fda3607dac324cbd47681c1;/home/luna/TG/java-projects/guava/guava/src/com/google/common/graph/AbstractBaseGraph.java;29;109;AbstractBaseGraph;null;[BaseGraph<N>];1;[[N]];[];
;;guava;adce8999989d80c80fda3607dac324cbd47681c1;/home/luna/TG/java-projects/guava/guava/src/com/google/common/graph/ConfigurableMutableValueGraph.java;28;159;ConfigurableMutableValueGraph;ConfigurableValueGraph<N,V>;[MutableValueGraph<N,V>];2;[[N, V], [N, V]];[];
;;guava;adce8999989d80c80fda3607dac324cbd47681c1;/home/luna/TG/java-projects/guava/guava/src/com/google/common/graph/GraphConfig.java;33;208;GraphConfig;null;[];0;[];[Beta, CheckReturnValue];
;;guava;adce8999989d80c80fda3607dac324cbd47681c1;/home/luna/TG/java-projects/guava/guava/src/com/google/common/graph/AbstractUndirectedNodeConnections.java;26;100;AbstractUndirectedNodeConnections;null;[NodeConnections<N,E>];2;[[N, E], [N, E]];[];
;;guava;adce8999989d80c80fda3607dac324cbd47681c1;/home/luna/TG/java-projects/guava/guava/src/com/google/thirdparty/publicsuffix/PublicSuffixPatterns.java;25;63;PublicSuffixPatterns;null;[];0;[];[GwtCompatible, Beta];
;;guava;adce8999989d80c80fda3607dac324cbd47681c1;/home/luna/TG/java-projects/guava/guava/src/com/google/thirdparty/publicsuffix/TrieParser.java;24;106;TrieParser;null;[];0;[];[GwtCompatible];
;;guava;adce8999989d80c80fda3607dac324cbd47681c1;/home/luna/TG/java-projects/guava/guava-tests/benchmark/com/google/common/io/BaseEncodingBenchmark.java;27;107;BaseEncodingBenchmark;null;[];0;[];[];
;;guava;adce8999989d80c80fda3607dac324cbd47681c1;/home/luna/TG/java-projects/guava/guava-tests/benchmark/com/google/common/primitives/UnsignedBytesBenchmark.java;26;102;UnsignedBytesBenchmark;null;[];0;[];[];
;;guava;adce8999989d80c80fda3607dac324cbd47681c1;/home/luna/TG/java-projects/guava/guava-tests/benchmark/com/google/common/primitives/UnsignedLongsBenchmark.java;23;133;UnsignedLongsBenchmark;null;[];0;[];[];
;;guava;adce8999989d80c80fda3607dac324cbd47681c1;/home/luna/TG/java-projects/guava/guava-tests/benchmark/com/google/common/math/BigIntegerMathBenchmark.java;29;111;BigIntegerMathBenchmark;null;[];0;[];[];
;;guava;adce8999989d80c80fda3607dac324cbd47681c1;/home/luna/TG/java-projects/guava/guava-tests/benchmark/com/google/common/math/ApacheBenchmark.java;29;242;ApacheBenchmark;null;[];0;[];[];
;;guava;adce8999989d80c80fda3607dac324cbd47681c1;/home/luna/TG/java-projects/guava/guava-tests/benchmark/com/google/common/math/BigIntegerMathRoundingBenchmark.java;30;87;BigIntegerMathRoundingBenchmark;null;[];0;[];[];
;;guava;adce8999989d80c80fda3607dac324cbd47681c1;/home/luna/TG/java-projects/guava/guava-tests/benchmark/com/google/common/math/DoubleMathRoundingBenchmark.java;29;86;DoubleMathRoundingBenchmark;null;[];0;[];[];
;;guava;adce8999989d80c80fda3607dac324cbd47681c1;/home/luna/TG/java-projects/guava/guava-tests/benchmark/com/google/common/math/LongMathBenchmark.java;29;112;LongMathBenchmark;null;[];0;[];[];
;;guava;adce8999989d80c80fda3607dac324cbd47681c1;/home/luna/TG/java-projects/guava/guava-tests/benchmark/com/google/common/math/StatsBenchmark.java;26;171;StatsBenchmark;null;[];0;[];[];
;;guava;adce8999989d80c80fda3607dac324cbd47681c1;/home/luna/TG/java-projects/guava/guava-tests/benchmark/com/google/common/math/StatsBenchmark.java;72;85;MeanAndVariance;null;[];0;[];[];
;;guava;adce8999989d80c80fda3607dac324cbd47681c1;/home/luna/TG/java-projects/guava/guava-tests/benchmark/com/google/common/math/QuantilesBenchmark.java;28;108;QuantilesBenchmark;null;[];0;[];[];
;;guava;adce8999989d80c80fda3607dac324cbd47681c1;/home/luna/TG/java-projects/guava/guava-tests/benchmark/com/google/common/math/DoubleMathBenchmark.java;28;86;DoubleMathBenchmark;null;[];0;[];[];
;;guava;adce8999989d80c80fda3607dac324cbd47681c1;/home/luna/TG/java-projects/guava/guava-tests/benchmark/com/google/common/math/IntMathRoundingBenchmark.java;30;87;IntMathRoundingBenchmark;null;[];0;[];[];
;;guava;adce8999989d80c80fda3607dac324cbd47681c1;/home/luna/TG/java-projects/guava/guava-tests/benchmark/com/google/common/math/LongMathRoundingBenchmark.java;30;87;LongMathRoundingBenchmark;null;[];0;[];[];
;;guava;adce8999989d80c80fda3607dac324cbd47681c1;/home/luna/TG/java-projects/guava/guava-tests/benchmark/com/google/common/math/LessThanBenchmark.java;24;158;LessThanBenchmark;null;[];0;[];[];
;;guava;adce8999989d80c80fda3607dac324cbd47681c1;/home/luna/TG/java-projects/guava/guava-tests/benchmark/com/google/common/math/IntMathBenchmark.java;29;109;IntMathBenchmark;null;[];0;[];[];
;;guava;adce8999989d80c80fda3607dac324cbd47681c1;/home/luna/TG/java-projects/guava/guava-tests/benchmark/com/google/common/base/JoinerBenchmark.java;25;174;JoinerBenchmark;null;[];0;[];[];
;;guava;adce8999989d80c80fda3607dac324cbd47681c1;/home/luna/TG/java-projects/guava/guava-tests/benchmark/com/google/common/base/SplitterBenchmark.java;24;59;SplitterBenchmark;null;[];0;[];[];
;;guava;adce8999989d80c80fda3607dac324cbd47681c1;/home/luna/TG/java-projects/guava/guava-tests/benchmark/com/google/common/base/EnumsBenchmark.java;26;268;EnumsBenchmark;null;[];0;[];[SuppressWarnings];
;;guava;adce8999989d80c80fda3607dac324cbd47681c1;/home/luna/TG/java-projects/guava/guava-tests/benchmark/com/google/common/base/AsciiBenchmark.java;29;168;AsciiBenchmark;null;[];0;[];[];
;;guava;adce8999989d80c80fda3607dac324cbd47681c1;/home/luna/TG/java-projects/guava/guava-tests/benchmark/com/google/common/base/StopwatchBenchmark.java;22;49;StopwatchBenchmark;null;[];0;[];[];
;;guava;adce8999989d80c80fda3607dac324cbd47681c1;/home/luna/TG/java-projects/guava/guava-tests/benchmark/com/google/common/base/Utf8Benchmark.java;25;172;Utf8Benchmark;null;[];0;[];[];
;;guava;adce8999989d80c80fda3607dac324cbd47681c1;/home/luna/TG/java-projects/guava/guava-tests/benchmark/com/google/common/base/Utf8Benchmark.java;33;77;MaxCodePoint;null;[];0;[];[];
;;guava;adce8999989d80c80fda3607dac324cbd47681c1;/home/luna/TG/java-projects/guava/guava-tests/benchmark/com/google/common/base/ToStringHelperBenchmark.java;22;56;ToStringHelperBenchmark;null;[];0;[];[];
;;guava;adce8999989d80c80fda3607dac324cbd47681c1;/home/luna/TG/java-projects/guava/guava-tests/benchmark/com/google/common/base/CharMatcherBenchmark.java;29;2639;CharMatcherBenchmark;null;[];0;[];[];
;;guava;adce8999989d80c80fda3607dac324cbd47681c1;/home/luna/TG/java-projects/guava/guava-tests/benchmark/com/google/common/base/CharMatcherBenchmark.java;144;2638;CharSamples;null;[];0;[];[];
;;guava;adce8999989d80c80fda3607dac324cbd47681c1;/home/luna/TG/java-projects/guava/guava-tests/benchmark/com/google/common/base/StringsRepeatBenchmark.java;23;110;StringsRepeatBenchmark;null;[];0;[];[];
;;guava;adce8999989d80c80fda3607dac324cbd47681c1;/home/luna/TG/java-projects/guava/guava-tests/benchmark/com/google/common/base/WhitespaceMatcherBenchmark.java;26;121;WhitespaceMatcherBenchmark;null;[];0;[];[];
;;guava;adce8999989d80c80fda3607dac324cbd47681c1;/home/luna/TG/java-projects/guava/guava-tests/benchmark/com/google/common/base/LazyStackTraceBenchmark.java;28;92;LazyStackTraceBenchmark;null;[];0;[];[];
;;guava;adce8999989d80c80fda3607dac324cbd47681c1;/home/luna/TG/java-projects/guava/guava-tests/benchmark/com/google/common/base/ObjectsBenchmark.java;21;79;ObjectsBenchmark;null;[];0;[];[];
;;guava;adce8999989d80c80fda3607dac324cbd47681c1;/home/luna/TG/java-projects/guava/guava-tests/benchmark/com/google/common/util/concurrent/MoreExecutorsDirectExecutorBenchmark.java;33;116;MoreExecutorsDirectExecutorBenchmark;null;[];0;[];[VmOptions];
;;guava;adce8999989d80c80fda3607dac324cbd47681c1;/home/luna/TG/java-projects/guava/guava-tests/benchmark/com/google/common/util/concurrent/MoreExecutorsDirectExecutorBenchmark.java;56;61;CountingRunnable;null;[Runnable];0;[];[];
;;guava;adce8999989d80c80fda3607dac324cbd47681c1;/home/luna/TG/java-projects/guava/guava-tests/benchmark/com/google/common/util/concurrent/CycleDetectingLockFactoryBenchmark.java;25;85;CycleDetectingLockFactoryBenchmark;null;[];0;[];[];
;;guava;adce8999989d80c80fda3607dac324cbd47681c1;/home/luna/TG/java-projects/guava/guava-tests/benchmark/com/google/common/util/concurrent/StripedBenchmark.java;37;134;StripedBenchmark;null;[];0;[];[VmOptions];
;;guava;adce8999989d80c80fda3607dac324cbd47681c1;/home/luna/TG/java-projects/guava/guava-tests/benchmark/com/google/common/util/concurrent/MoreExecutorsSameThreadExecutorBenchmark.java;31;119;MoreExecutorsSameThreadExecutorBenchmark;null;[];0;[];[VmOptions];
;;guava;adce8999989d80c80fda3607dac324cbd47681c1;/home/luna/TG/java-projects/guava/guava-tests/benchmark/com/google/common/util/concurrent/MoreExecutorsSameThreadExecutorBenchmark.java;59;64;CountingRunnable;null;[Runnable];0;[];[];
;;guava;adce8999989d80c80fda3607dac324cbd47681c1;/home/luna/TG/java-projects/guava/guava-tests/benchmark/com/google/common/util/concurrent/AbstractFutureFootprintBenchmark.java;31;94;AbstractFutureFootprintBenchmark;null;[];0;[];[];
;;guava;adce8999989d80c80fda3607dac324cbd47681c1;/home/luna/TG/java-projects/guava/guava-tests/benchmark/com/google/common/util/concurrent/MonitorBenchmark.java;25;67;MonitorBenchmark;null;[];0;[];[];
;;guava;adce8999989d80c80fda3607dac324cbd47681c1;/home/luna/TG/java-projects/guava/guava-tests/benchmark/com/google/common/util/concurrent/MonitorBasedPriorityBlockingQueue.java;35;591;MonitorBasedPriorityBlockingQueue;AbstractQueue<E>;[BlockingQueue<E>];1;[[E]];[CanIgnoreReturnValue];
;;guava;adce8999989d80c80fda3607dac324cbd47681c1;/home/luna/TG/java-projects/guava/guava-tests/benchmark/com/google/common/util/concurrent/MonitorBasedPriorityBlockingQueue.java;522;572;Itr;null;[Iterator<E>];0;[];[];
;;guava;adce8999989d80c80fda3607dac324cbd47681c1;/home/luna/TG/java-projects/guava/guava-tests/benchmark/com/google/common/util/concurrent/FuturesCombineBenchmark.java;31;147;FuturesCombineBenchmark;null;[];0;[];[VmOptions];
;;guava;adce8999989d80c80fda3607dac324cbd47681c1;/home/luna/TG/java-projects/guava/guava-tests/benchmark/com/google/common/util/concurrent/MonitorBasedArrayBlockingQueue.java;30;775;MonitorBasedArrayBlockingQueue;AbstractQueue<E>;[BlockingQueue<E>];1;[[E]];[CanIgnoreReturnValue];
;;guava;adce8999989d80c80fda3607dac324cbd47681c1;/home/luna/TG/java-projects/guava/guava-tests/benchmark/com/google/common/util/concurrent/MonitorBasedArrayBlockingQueue.java;679;774;Itr;null;[Iterator<E>];0;[];[];
;;guava;adce8999989d80c80fda3607dac324cbd47681c1;/home/luna/TG/java-projects/guava/guava-tests/benchmark/com/google/common/util/concurrent/SingleThreadAbstractFutureBenchmark.java;32;126;SingleThreadAbstractFutureBenchmark;null;[];0;[];[VmOptions];
;;guava;adce8999989d80c80fda3607dac324cbd47681c1;/home/luna/TG/java-projects/guava/guava-tests/benchmark/com/google/common/util/concurrent/FuturesGetCheckedBenchmark.java;49;186;FuturesGetCheckedBenchmark;null;[];0;[];[];
;;guava;adce8999989d80c80fda3607dac324cbd47681c1;/home/luna/TG/java-projects/guava/guava-tests/benchmark/com/google/common/util/concurrent/ExecutionListBenchmark.java;42;613;ExecutionListBenchmark;null;[];0;[];[VmOptions];
;;guava;adce8999989d80c80fda3607dac324cbd47681c1;/home/luna/TG/java-projects/guava/guava-tests/benchmark/com/google/common/util/concurrent/ExecutionListBenchmark.java;50;55;ExecutionListWrapper;null;[];0;[];[];
;;guava;adce8999989d80c80fda3607dac324cbd47681c1;/home/luna/TG/java-projects/guava/guava-tests/benchmark/com/google/common/util/concurrent/ExecutionListBenchmark.java;312;367;OldExecutionList;null;[];0;[];[];
;;guava;adce8999989d80c80fda3607dac324cbd47681c1;/home/luna/TG/java-projects/guava/guava-tests/benchmark/com/google/common/util/concurrent/ExecutionListBenchmark.java;349;366;RunnableExecutorPair;null;[];0;[];[];
;;guava;adce8999989d80c80fda3607dac324cbd47681c1;/home/luna/TG/java-projects/guava/guava-tests/benchmark/com/google/common/util/concurrent/ExecutionListBenchmark.java;370;427;NewExecutionListWithoutReverse;null;[];0;[];[];
;;guava;adce8999989d80c80fda3607dac324cbd47681c1;/home/luna/TG/java-projects/guava/guava-tests/benchmark/com/google/common/util/concurrent/ExecutionListBenchmark.java;416;426;RunnableExecutorPair;null;[];0;[];[];
;;guava;adce8999989d80c80fda3607dac324cbd47681c1;/home/luna/TG/java-projects/guava/guava-tests/benchmark/com/google/common/util/concurrent/ExecutionListBenchmark.java;431;497;NewExecutionListQueue;null;[];0;[];[];
;;guava;adce8999989d80c80fda3607dac324cbd47681c1;/home/luna/TG/java-projects/guava/guava-tests/benchmark/com/google/common/util/concurrent/ExecutionListBenchmark.java;487;496;RunnableExecutorPair;null;[];0;[];[];
;;guava;adce8999989d80c80fda3607dac324cbd47681c1;/home/luna/TG/java-projects/guava/guava-tests/benchmark/com/google/common/util/concurrent/ExecutionListBenchmark.java;500;612;ExecutionListCAS;null;[];0;[];[];
;;guava;adce8999989d80c80fda3607dac324cbd47681c1;/home/luna/TG/java-projects/guava/guava-tests/benchmark/com/google/common/util/concurrent/ExecutionListBenchmark.java;592;611;RunnableExecutorPair;null;[];0;[];[];
;;guava;adce8999989d80c80fda3607dac324cbd47681c1;/home/luna/TG/java-projects/guava/guava-tests/benchmark/com/google/common/collect/InternersBenchmark.java;21;49;InternersBenchmark;null;[];0;[];[];
;;guava;adce8999989d80c80fda3607dac324cbd47681c1;/home/luna/TG/java-projects/guava/guava-tests/benchmark/com/google/common/collect/MultisetIteratorBenchmark.java;25;92;MultisetIteratorBenchmark;null;[];0;[];[];
;;guava;adce8999989d80c80fda3607dac324cbd47681c1;/home/luna/TG/java-projects/guava/guava-tests/benchmark/com/google/common/collect/ConcurrentHashMultisetBenchmark.java;42;521;ConcurrentHashMultisetBenchmark;null;[];0;[];[];
;;guava;adce8999989d80c80fda3607dac324cbd47681c1;/home/luna/TG/java-projects/guava/guava-tests/benchmark/com/google/common/collect/ConcurrentHashMultisetBenchmark.java;152;520;OldConcurrentHashMultiset;AbstractMultiset<E>;[];1;[[E]];[];
;;guava;adce8999989d80c80fda3607dac324cbd47681c1;/home/luna/TG/java-projects/guava/guava-tests/benchmark/com/google/common/collect/ConcurrentHashMultisetBenchmark.java;471;512;EntrySet;AbstractMultiset<E>.EntrySet;[];0;[];[];
;;guava;adce8999989d80c80fda3607dac324cbd47681c1;/home/luna/TG/java-projects/guava/guava-tests/benchmark/com/google/common/collect/HashMultisetAddPresentBenchmark.java;23;54;HashMultisetAddPresentBenchmark;null;[];0;[];[];
;;guava;adce8999989d80c80fda3607dac324cbd47681c1;/home/luna/TG/java-projects/guava/guava-tests/benchmark/com/google/common/collect/MapBenchmark.java;32;258;MapBenchmark;null;[];0;[];[];
;;guava;adce8999989d80c80fda3607dac324cbd47681c1;/home/luna/TG/java-projects/guava/guava-tests/benchmark/com/google/common/collect/StreamsBenchmark.java;30;111;StreamsBenchmark;null;[];0;[];[];
;;guava;adce8999989d80c80fda3607dac324cbd47681c1;/home/luna/TG/java-projects/guava/guava-tests/benchmark/com/google/common/collect/ImmutableListCreationBenchmark.java;23;86;ImmutableListCreationBenchmark;null;[];0;[];[];
;;guava;adce8999989d80c80fda3607dac324cbd47681c1;/home/luna/TG/java-projects/guava/guava-tests/benchmark/com/google/common/collect/MultipleSetContainsBenchmark.java;25;82;MultipleSetContainsBenchmark;null;[];0;[];[];
;;guava;adce8999989d80c80fda3607dac324cbd47681c1;/home/luna/TG/java-projects/guava/guava-tests/benchmark/com/google/common/collect/SetContainsBenchmark.java;26;79;SetContainsBenchmark;null;[];0;[];[];
;;guava;adce8999989d80c80fda3607dac324cbd47681c1;/home/luna/TG/java-projects/guava/guava-tests/benchmark/com/google/common/collect/SortedCopyBenchmark.java;30;132;SortedCopyBenchmark;null;[];0;[];[];
;;guava;adce8999989d80c80fda3607dac324cbd47681c1;/home/luna/TG/java-projects/guava/guava-tests/benchmark/com/google/common/collect/ImmutableMapCreationBenchmark.java;28;93;ImmutableMapCreationBenchmark;SimpleBenchmark;[];0;[];[];
;;guava;adce8999989d80c80fda3607dac324cbd47681c1;/home/luna/TG/java-projects/guava/guava-tests/benchmark/com/google/common/collect/IteratorBenchmark.java;25;169;IteratorBenchmark;null;[];0;[];[];
;;guava;adce8999989d80c80fda3607dac324cbd47681c1;/home/luna/TG/java-projects/guava/guava-tests/benchmark/com/google/common/collect/SetCreationBenchmark.java;24;57;SetCreationBenchmark;null;[];0;[];[];
;;guava;adce8999989d80c80fda3607dac324cbd47681c1;/home/luna/TG/java-projects/guava/guava-tests/benchmark/com/google/common/collect/PowerSetBenchmark.java;26;52;PowerSetBenchmark;null;[];0;[];[];
;;guava;adce8999989d80c80fda3607dac324cbd47681c1;/home/luna/TG/java-projects/guava/guava-tests/benchmark/com/google/common/collect/MapMakerSingleThreadBenchmark.java;30;114;MapMakerSingleThreadBenchmark;SimpleBenchmark;[];0;[];[];
;;guava;adce8999989d80c80fda3607dac324cbd47681c1;/home/luna/TG/java-projects/guava/guava-tests/benchmark/com/google/common/collect/MinMaxPriorityQueueBenchmark.java;29;146;MinMaxPriorityQueueBenchmark;null;[];0;[];[];
;;guava;adce8999989d80c80fda3607dac324cbd47681c1;/home/luna/TG/java-projects/guava/guava-tests/benchmark/com/google/common/collect/MinMaxPriorityQueueBenchmark.java;71;92;InvertedMinMaxPriorityQueue;ForwardingQueue<T>;[];1;[[T]];[];
;;guava;adce8999989d80c80fda3607dac324cbd47681c1;/home/luna/TG/java-projects/guava/guava-tests/benchmark/com/google/common/collect/MinMaxPriorityQueueBenchmark.java;114;131;ExpensiveComputation;null;[Function<Integer,BigInteger>];0;[];[];
;;guava;adce8999989d80c80fda3607dac324cbd47681c1;/home/luna/TG/java-projects/guava/guava-tests/benchmark/com/google/common/collect/SetIterationBenchmark.java;26;63;SetIterationBenchmark;null;[];0;[];[];
;;guava;adce8999989d80c80fda3607dac324cbd47681c1;/home/luna/TG/java-projects/guava/guava-tests/benchmark/com/google/common/collect/ComparatorDelegationOverheadBenchmark.java;24;85;ComparatorDelegationOverheadBenchmark;null;[];0;[];[];
;;guava;adce8999989d80c80fda3607dac324cbd47681c1;/home/luna/TG/java-projects/guava/guava-tests/benchmark/com/google/common/collect/BinaryTreeTraverserBenchmark.java;25;190;BinaryTreeTraverserBenchmark;null;[];0;[];[];
;;guava;adce8999989d80c80fda3607dac324cbd47681c1;/home/luna/TG/java-projects/guava/guava-tests/benchmark/com/google/common/collect/BinaryTreeTraverserBenchmark.java;32;42;BinaryNode;null;[];0;[];[];
;;guava;adce8999989d80c80fda3607dac324cbd47681c1;/home/luna/TG/java-projects/guava/guava-tests/benchmark/com/google/common/eventbus/EventBusBenchmark.java;22;47;EventBusBenchmark;null;[];0;[];[];
;;guava;adce8999989d80c80fda3607dac324cbd47681c1;/home/luna/TG/java-projects/guava/guava-tests/benchmark/com/google/common/hash/HashCodeBenchmark.java;26;141;HashCodeBenchmark;null;[];0;[];[];
;;guava;adce8999989d80c80fda3607dac324cbd47681c1;/home/luna/TG/java-projects/guava/guava-tests/benchmark/com/google/common/hash/HashBenchmark.java;25;92;HashBenchmark;SimpleBenchmark;[];0;[];[];
;;guava;adce8999989d80c80fda3607dac324cbd47681c1;/home/luna/TG/java-projects/guava/guava-tests/benchmark/com/google/common/hash/ChecksumBenchmark.java;27;94;ChecksumBenchmark;null;[];0;[];[];
;;guava;adce8999989d80c80fda3607dac324cbd47681c1;/home/luna/TG/java-projects/guava/guava-tests/benchmark/com/google/common/hash/MessageDigestCreationBenchmark.java;24;55;MessageDigestCreationBenchmark;null;[];0;[];[];
;;guava;adce8999989d80c80fda3607dac324cbd47681c1;/home/luna/TG/java-projects/guava/guava-tests/benchmark/com/google/common/hash/HashFunctionBenchmark.java;24;69;HashFunctionBenchmark;null;[];0;[];[];
;;guava;adce8999989d80c80fda3607dac324cbd47681c1;/home/luna/TG/java-projects/guava/guava-tests/benchmark/com/google/common/hash/MessageDigestAlgorithmBenchmark.java;26;105;MessageDigestAlgorithmBenchmark;null;[];0;[];[];
;;guava;adce8999989d80c80fda3607dac324cbd47681c1;/home/luna/TG/java-projects/guava/guava-tests/benchmark/com/google/common/net/UriParameterMapBenchmark.java;30;151;UriParameterMapBenchmark;null;[];0;[];[];
;;guava;adce8999989d80c80fda3607dac324cbd47681c1;/home/luna/TG/java-projects/guava/guava-tests/benchmark/com/google/common/cache/SegmentBenchmark.java;28;64;SegmentBenchmark;null;[];0;[];[];
;;guava;adce8999989d80c80fda3607dac324cbd47681c1;/home/luna/TG/java-projects/guava/guava-tests/benchmark/com/google/common/cache/MapMakerComparisonBenchmark.java;24;62;MapMakerComparisonBenchmark;null;[];0;[];[];
;;guava;adce8999989d80c80fda3607dac324cbd47681c1;/home/luna/TG/java-projects/guava/guava-tests/benchmark/com/google/common/cache/LoadingCacheSingleThreadBenchmark.java;27;107;LoadingCacheSingleThreadBenchmark;null;[];0;[];[];
;;guava;adce8999989d80c80fda3607dac324cbd47681c1;/home/luna/TG/java-projects/guava/guava-tests/benchmark/com/google/common/cache/ChainBenchmark.java;25;62;ChainBenchmark;null;[];0;[];[];
;;guava;adce8999989d80c80fda3607dac324cbd47681c1;/home/luna/TG/java-projects/guava/guava-tests/test/com/google/common/io/TestByteSource.java;27;73;TestByteSource;ByteSource;[TestStreamSupplier];0;[];[];
;;guava;adce8999989d80c80fda3607dac324cbd47681c1;/home/luna/TG/java-projects/guava/guava-tests/test/com/google/common/io/TestByteSource.java;61;72;In;TestInputStream;[];0;[];[];
;;guava;adce8999989d80c80fda3607dac324cbd47681c1;/home/luna/TG/java-projects/guava/guava-tests/test/com/google/common/io/CloseablesTest.java;30;124;CloseablesTest;TestCase;[];0;[];[];
;;guava;adce8999989d80c80fda3607dac324cbd47681c1;/home/luna/TG/java-projects/guava/guava-tests/test/com/google/common/io/SourceSinkTester.java;32;124;SourceSinkTester;TestCase;[];3;[[S, T, F extends SourceSinkFactory<S,T>], [S, T, F extends SourceSinkFactory<S,T>], [S, T, F extends SourceSinkFactory<S,T>]];[AndroidIncompatible];
;;guava;adce8999989d80c80fda3607dac324cbd47681c1;/home/luna/TG/java-projects/guava/guava-tests/test/com/google/common/io/SourceSinkFactory.java;22;101;SourceSinkFactory;null;[];2;[[S, T], [S, T]];[];
;;guava;adce8999989d80c80fda3607dac324cbd47681c1;/home/luna/TG/java-projects/guava/guava-tests/test/com/google/common/io/SourceSinkFactory.java;51;60;SourceFactory;null;[SourceSinkFactory<S,T>];2;[[S, T], [S, T]];[];
;;guava;adce8999989d80c80fda3607dac324cbd47681c1;/home/luna/TG/java-projects/guava/guava-tests/test/com/google/common/io/SourceSinkFactory.java;62;76;SinkFactory;null;[SourceSinkFactory<S,T>];2;[[S, T], [S, T]];[];
;;guava;adce8999989d80c80fda3607dac324cbd47681c1;/home/luna/TG/java-projects/guava/guava-tests/test/com/google/common/io/SourceSinkFactory.java;78;82;ByteSourceFactory;null;[SourceFactory<ByteSource,byte[]>];0;[];[];
;;guava;adce8999989d80c80fda3607dac324cbd47681c1;/home/luna/TG/java-projects/guava/guava-tests/test/com/google/common/io/SourceSinkFactory.java;84;88;ByteSinkFactory;null;[SinkFactory<ByteSink,byte[]>];0;[];[];
;;guava;adce8999989d80c80fda3607dac324cbd47681c1;/home/luna/TG/java-projects/guava/guava-tests/test/com/google/common/io/SourceSinkFactory.java;90;94;CharSourceFactory;null;[SourceFactory<CharSource,String>];0;[];[];
;;guava;adce8999989d80c80fda3607dac324cbd47681c1;/home/luna/TG/java-projects/guava/guava-tests/test/com/google/common/io/SourceSinkFactory.java;96;100;CharSinkFactory;null;[SinkFactory<CharSink,String>];0;[];[];
;;guava;adce8999989d80c80fda3607dac324cbd47681c1;/home/luna/TG/java-projects/guava/guava-tests/test/com/google/common/io/ByteSinkTester.java;32;123;ByteSinkTester;SourceSinkTester<ByteSink,byte[],ByteSinkFactory>;[];0;[];[AndroidIncompatible];
;;guava;adce8999989d80c80fda3607dac324cbd47681c1;/home/luna/TG/java-projects/guava/guava-tests/test/com/google/common/io/TestOutputStream.java;30;82;TestOutputStream;FilterOutputStream;[];0;[];[];
;;guava;adce8999989d80c80fda3607dac324cbd47681c1;/home/luna/TG/java-projects/guava/guava-tests/test/com/google/common/io/ByteStreamsTest.java;37;659;ByteStreamsTest;IoTestCase;[];0;[];[];
;;guava;adce8999989d80c80fda3607dac324cbd47681c1;/home/luna/TG/java-projects/guava/guava-tests/test/com/google/common/io/ByteStreamsTest.java;474;486;SlowSkipper;FilterInputStream;[];0;[];[];
;;guava;adce8999989d80c80fda3607dac324cbd47681c1;/home/luna/TG/java-projects/guava/guava-tests/test/com/google/common/io/ByteStreamsTest.java;494;508;TestByteProcessor;null;[ByteProcessor<byte[]>];0;[];[];
;;guava;adce8999989d80c80fda3607dac324cbd47681c1;/home/luna/TG/java-projects/guava/guava-tests/test/com/google/common/io/ByteStreamsTest.java;635;645;UnmarkableInputStream;InputStream;[];0;[];[];
;;guava;adce8999989d80c80fda3607dac324cbd47681c1;/home/luna/TG/java-projects/guava/guava-tests/test/com/google/common/io/ByteSourceTester.java;38;243;ByteSourceTester;SourceSinkTester<ByteSource,byte[],ByteSourceFactory>;[];0;[];[AndroidIncompatible];
;;guava;adce8999989d80c80fda3607dac324cbd47681c1;/home/luna/TG/java-projects/guava/guava-tests/test/com/google/common/io/ByteSinkTest.java;30;117;ByteSinkTest;IoTestCase;[];0;[];[];
;;guava;adce8999989d80c80fda3607dac324cbd47681c1;/home/luna/TG/java-projects/guava/guava-tests/test/com/google/common/io/TestInputStream.java;31;96;TestInputStream;FilterInputStream;[];0;[];[];
;;guava;adce8999989d80c80fda3607dac324cbd47681c1;/home/luna/TG/java-projects/guava/guava-tests/test/com/google/common/io/CharSinkTester.java;29;133;CharSinkTester;SourceSinkTester<CharSink,String,CharSinkFactory>;[];0;[];[AndroidIncompatible];
;;guava;adce8999989d80c80fda3607dac324cbd47681c1;/home/luna/TG/java-projects/guava/guava-tests/test/com/google/common/io/CountingOutputStreamTest.java;21;65;CountingOutputStreamTest;IoTestCase;[];0;[];[];
;;guava;adce8999989d80c80fda3607dac324cbd47681c1;/home/luna/TG/java-projects/guava/guava-tests/test/com/google/common/io/CharSourceTest.java;38;352;CharSourceTest;IoTestCase;[];0;[];[];
;;guava;adce8999989d80c80fda3607dac324cbd47681c1;/home/luna/TG/java-projects/guava/guava-tests/test/com/google/common/io/TestReader.java;27;46;TestReader;FilterReader;[];0;[];[];
;;guava;adce8999989d80c80fda3607dac324cbd47681c1;/home/luna/TG/java-projects/guava/guava-tests/test/com/google/common/io/MoreFilesTest.java;46;643;MoreFilesTest;TestCase;[];0;[];[AndroidIncompatible];
;;guava;adce8999989d80c80fda3607dac324cbd47681c1;/home/luna/TG/java-projects/guava/guava-tests/test/com/google/common/io/LineBufferTest.java;30;146;LineBufferTest;IoTestCase;[];0;[];[AndroidIncompatible];
;;guava;adce8999989d80c80fda3607dac324cbd47681c1;/home/luna/TG/java-projects/guava/guava-tests/test/com/google/common/io/LimitInputStreamTest.java;23;133;LimitInputStreamTest;IoTestCase;[];0;[];[];
;;guava;adce8999989d80c80fda3607dac324cbd47681c1;/home/luna/TG/java-projects/guava/guava-tests/test/com/google/common/io/LimitInputStreamTest.java;122;132;UnmarkableInputStream;InputStream;[];0;[];[];
;;guava;adce8999989d80c80fda3607dac324cbd47681c1;/home/luna/TG/java-projects/guava/guava-tests/test/com/google/common/io/RandomAmountInputStream.java;26;38;RandomAmountInputStream;FilterInputStream;[];0;[];[];
;;guava;adce8999989d80c80fda3607dac324cbd47681c1;/home/luna/TG/java-projects/guava/guava-tests/test/com/google/common/io/IoTestCase.java;32;199;IoTestCase;TestCase;[];0;[];[];
;;guava;adce8999989d80c80fda3607dac324cbd47681c1;/home/luna/TG/java-projects/guava/guava-tests/test/com/google/common/io/ResourcesTest.java;37;195;ResourcesTest;IoTestCase;[];0;[];[];
;;guava;adce8999989d80c80fda3607dac324cbd47681c1;/home/luna/TG/java-projects/guava/guava-tests/test/com/google/common/io/CloserTest.java;38;468;CloserTest;TestCase;[];0;[];[];
;;guava;adce8999989d80c80fda3607dac324cbd47681c1;/home/luna/TG/java-projects/guava/guava-tests/test/com/google/common/io/CloserTest.java;381;392;TestSuppressor;null;[Closer.Suppressor];0;[];[];
;;guava;adce8999989d80c80fda3607dac324cbd47681c1;/home/luna/TG/java-projects/guava/guava-tests/test/com/google/common/io/CloserTest.java;394;432;Suppression;null;[];0;[];[];
;;guava;adce8999989d80c80fda3607dac324cbd47681c1;/home/luna/TG/java-projects/guava/guava-tests/test/com/google/common/io/CloserTest.java;434;467;TestCloseable;null;[Closeable];0;[];[];
;;guava;adce8999989d80c80fda3607dac324cbd47681c1;/home/luna/TG/java-projects/guava/guava-tests/test/com/google/common/io/NullOutputStreamTest.java;21;38;NullOutputStreamTest;TestCase;[];0;[];[];
;;guava;adce8999989d80c80fda3607dac324cbd47681c1;/home/luna/TG/java-projects/guava/guava-tests/test/com/google/common/io/TestByteSink.java;24;74;TestByteSink;ByteSink;[TestStreamSupplier];0;[];[];
;;guava;adce8999989d80c80fda3607dac324cbd47681c1;/home/luna/TG/java-projects/guava/guava-tests/test/com/google/common/io/TestByteSink.java;62;73;Out;TestOutputStream;[];0;[];[];
;;guava;adce8999989d80c80fda3607dac324cbd47681c1;/home/luna/TG/java-projects/guava/guava-tests/test/com/google/common/io/CheckCloseSupplier.java;24;93;CheckCloseSupplier;null;[];1;[[T]];[];
;;guava;adce8999989d80c80fda3607dac324cbd47681c1;/home/luna/TG/java-projects/guava/guava-tests/test/com/google/common/io/CheckCloseSupplier.java;40;51;Input;CheckCloseSupplier<T>;[InputSupplier<T>];1;[[T]];[];
;;guava;adce8999989d80c80fda3607dac324cbd47681c1;/home/luna/TG/java-projects/guava/guava-tests/test/com/google/common/io/CheckCloseSupplier.java;53;64;Output;CheckCloseSupplier<T>;[OutputSupplier<T>];1;[[T]];[];
;;guava;adce8999989d80c80fda3607dac324cbd47681c1;/home/luna/TG/java-projects/guava/guava-tests/test/com/google/common/io/CheckCloseSupplier.java;66;70;Callback;null;[];0;[];[];
;;guava;adce8999989d80c80fda3607dac324cbd47681c1;/home/luna/TG/java-projects/guava/guava-tests/test/com/google/common/io/LittleEndianDataOutputStreamTest.java;28;146;LittleEndianDataOutputStreamTest;TestCase;[];0;[];[];
;;guava;adce8999989d80c80fda3607dac324cbd47681c1;/home/luna/TG/java-projects/guava/guava-tests/test/com/google/common/io/MultiInputStreamTest.java;27;122;MultiInputStreamTest;IoTestCase;[];0;[];[];
;;guava;adce8999989d80c80fda3607dac324cbd47681c1;/home/luna/TG/java-projects/guava/guava-tests/test/com/google/common/io/TestCharSource.java;25;52;TestCharSource;CharSource;[TestStreamSupplier];0;[];[];
;;guava;adce8999989d80c80fda3607dac324cbd47681c1;/home/luna/TG/java-projects/guava/guava-tests/test/com/google/common/io/CharStreamsTest.java;31;229;CharStreamsTest;IoTestCase;[];0;[];[];
;;guava;adce8999989d80c80fda3607dac324cbd47681c1;/home/luna/TG/java-projects/guava/guava-tests/test/com/google/common/io/BaseEncodingTest.java;39;467;BaseEncodingTest;TestCase;[];0;[];[GwtCompatible];
;;guava;adce8999989d80c80fda3607dac324cbd47681c1;/home/luna/TG/java-projects/guava/guava-tests/test/com/google/common/io/FilesTest.java;45;796;FilesTest;IoTestCase;[];0;[];[];
;;guava;adce8999989d80c80fda3607dac324cbd47681c1;/home/luna/TG/java-projects/guava/guava-tests/test/com/google/common/io/FilesTest.java;149;167;BadLengthFile;File;[];0;[];[];
;;guava;adce8999989d80c80fda3607dac324cbd47681c1;/home/luna/TG/java-projects/guava/guava-tests/test/com/google/common/io/FilesTest.java;481;503;UnmovableFile;File;[];0;[];[];
;;guava;adce8999989d80c80fda3607dac324cbd47681c1;/home/luna/TG/java-projects/guava/guava-tests/test/com/google/common/io/LittleEndianDataInputStreamTest.java;30;151;LittleEndianDataInputStreamTest;TestCase;[];0;[];[];
;;guava;adce8999989d80c80fda3607dac324cbd47681c1;/home/luna/TG/java-projects/guava/guava-tests/test/com/google/common/io/CountingInputStreamTest.java;25;122;CountingInputStreamTest;IoTestCase;[];0;[];[];
;;guava;adce8999989d80c80fda3607dac324cbd47681c1;/home/luna/TG/java-projects/guava/guava-tests/test/com/google/common/io/CountingInputStreamTest.java;111;121;UnmarkableInputStream;InputStream;[];0;[];[];
;;guava;adce8999989d80c80fda3607dac324cbd47681c1;/home/luna/TG/java-projects/guava/guava-tests/test/com/google/common/io/ByteSourceTest.java;43;496;ByteSourceTest;IoTestCase;[];0;[];[];
;;guava;adce8999989d80c80fda3607dac324cbd47681c1;/home/luna/TG/java-projects/guava/guava-tests/test/com/google/common/io/ByteSourceTest.java;246;287;AppendableByteSource;ByteSource;[];0;[];[];
;;guava;adce8999989d80c80fda3607dac324cbd47681c1;/home/luna/TG/java-projects/guava/guava-tests/test/com/google/common/io/ByteSourceTest.java;264;286;In;InputStream;[];0;[];[];
;;guava;adce8999989d80c80fda3607dac324cbd47681c1;/home/luna/TG/java-projects/guava/guava-tests/test/com/google/common/io/SourceSinkFactories.java;45;624;SourceSinkFactories;null;[];0;[];[];
;;guava;adce8999989d80c80fda3607dac324cbd47681c1;/home/luna/TG/java-projects/guava/guava-tests/test/com/google/common/io/SourceSinkFactories.java;232;247;StringSourceFactory;null;[CharSourceFactory];0;[];[];
;;guava;adce8999989d80c80fda3607dac324cbd47681c1;/home/luna/TG/java-projects/guava/guava-tests/test/com/google/common/io/SourceSinkFactories.java;249;264;ByteArraySourceFactory;null;[ByteSourceFactory];0;[];[];
;;guava;adce8999989d80c80fda3607dac324cbd47681c1;/home/luna/TG/java-projects/guava/guava-tests/test/com/google/common/io/SourceSinkFactories.java;266;281;EmptyCharSourceFactory;null;[CharSourceFactory];0;[];[];
;;guava;adce8999989d80c80fda3607dac324cbd47681c1;/home/luna/TG/java-projects/guava/guava-tests/test/com/google/common/io/SourceSinkFactories.java;283;298;EmptyByteSourceFactory;null;[ByteSourceFactory];0;[];[];
;;guava;adce8999989d80c80fda3607dac324cbd47681c1;/home/luna/TG/java-projects/guava/guava-tests/test/com/google/common/io/SourceSinkFactories.java;300;322;FileFactory;null;[];0;[];[];
;;guava;adce8999989d80c80fda3607dac324cbd47681c1;/home/luna/TG/java-projects/guava/guava-tests/test/com/google/common/io/SourceSinkFactories.java;324;343;FileByteSourceFactory;FileFactory;[ByteSourceFactory];0;[];[];
;;guava;adce8999989d80c80fda3607dac324cbd47681c1;/home/luna/TG/java-projects/guava/guava-tests/test/com/google/common/io/SourceSinkFactories.java;345;392;FileByteSinkFactory;FileFactory;[ByteSinkFactory];0;[];[];
;;guava;adce8999989d80c80fda3607dac324cbd47681c1;/home/luna/TG/java-projects/guava/guava-tests/test/com/google/common/io/SourceSinkFactories.java;394;413;FileCharSourceFactory;FileFactory;[CharSourceFactory];0;[];[];
;;guava;adce8999989d80c80fda3607dac324cbd47681c1;/home/luna/TG/java-projects/guava/guava-tests/test/com/google/common/io/SourceSinkFactories.java;415;459;FileCharSinkFactory;FileFactory;[CharSinkFactory];0;[];[];
;;guava;adce8999989d80c80fda3607dac324cbd47681c1;/home/luna/TG/java-projects/guava/guava-tests/test/com/google/common/io/SourceSinkFactories.java;461;469;UrlByteSourceFactory;FileByteSourceFactory;[];0;[];[];
;;guava;adce8999989d80c80fda3607dac324cbd47681c1;/home/luna/TG/java-projects/guava/guava-tests/test/com/google/common/io/SourceSinkFactories.java;471;479;UrlCharSourceFactory;FileCharSourceFactory;[];0;[];[];
;;guava;adce8999989d80c80fda3607dac324cbd47681c1;/home/luna/TG/java-projects/guava/guava-tests/test/com/google/common/io/SourceSinkFactories.java;481;506;Jdk7FileFactory;null;[];0;[];[AndroidIncompatible];
;;guava;adce8999989d80c80fda3607dac324cbd47681c1;/home/luna/TG/java-projects/guava/guava-tests/test/com/google/common/io/SourceSinkFactories.java;508;524;PathByteSourceFactory;Jdk7FileFactory;[ByteSourceFactory];0;[];[AndroidIncompatible];
;;guava;adce8999989d80c80fda3607dac324cbd47681c1;/home/luna/TG/java-projects/guava/guava-tests/test/com/google/common/io/SourceSinkFactories.java;526;562;PathByteSinkFactory;Jdk7FileFactory;[ByteSinkFactory];0;[];[AndroidIncompatible];
;;guava;adce8999989d80c80fda3607dac324cbd47681c1;/home/luna/TG/java-projects/guava/guava-tests/test/com/google/common/io/SourceSinkFactories.java;564;581;PathCharSourceFactory;Jdk7FileFactory;[CharSourceFactory];0;[];[AndroidIncompatible];
;;guava;adce8999989d80c80fda3607dac324cbd47681c1;/home/luna/TG/java-projects/guava/guava-tests/test/com/google/common/io/SourceSinkFactories.java;583;623;PathCharSinkFactory;Jdk7FileFactory;[CharSinkFactory];0;[];[AndroidIncompatible];
;;guava;adce8999989d80c80fda3607dac324cbd47681c1;/home/luna/TG/java-projects/guava/guava-tests/test/com/google/common/io/FlushablesTest.java;27;99;FlushablesTest;TestCase;[];0;[];[];
;;guava;adce8999989d80c80fda3607dac324cbd47681c1;/home/luna/TG/java-projects/guava/guava-tests/test/com/google/common/io/FileTreeTraverserTest.java;24;92;FileTreeTraverserTest;TestCase;[];0;[];[];
;;guava;adce8999989d80c80fda3607dac324cbd47681c1;/home/luna/TG/java-projects/guava/guava-tests/test/com/google/common/io/MultiReaderTest.java;26;110;MultiReaderTest;TestCase;[];0;[];[];
;;guava;adce8999989d80c80fda3607dac324cbd47681c1;/home/luna/TG/java-projects/guava/guava-tests/test/com/google/common/io/FilesSimplifyPathTest.java;29;305;FilesSimplifyPathTest;TestCase;[];0;[];[];
;;guava;adce8999989d80c80fda3607dac324cbd47681c1;/home/luna/TG/java-projects/guava/guava-tests/test/com/google/common/io/TestWriter.java;26;63;TestWriter;FilterWriter;[];0;[];[];
;;guava;adce8999989d80c80fda3607dac324cbd47681c1;/home/luna/TG/java-projects/guava/guava-tests/test/com/google/common/io/PatternFilenameFilterTest.java;24;50;PatternFilenameFilterTest;TestCase;[];0;[];[];
;;guava;adce8999989d80c80fda3607dac324cbd47681c1;/home/luna/TG/java-projects/guava/guava-tests/test/com/google/common/io/FileBackedOutputStreamTest.java;25;163;FileBackedOutputStreamTest;IoTestCase;[];0;[];[];
;;guava;adce8999989d80c80fda3607dac324cbd47681c1;/home/luna/TG/java-projects/guava/guava-tests/test/com/google/common/io/CharSourceTester.java;35;222;CharSourceTester;SourceSinkTester<CharSource,String,CharSourceFactory>;[];0;[];[AndroidIncompatible];
;;guava;adce8999989d80c80fda3607dac324cbd47681c1;/home/luna/TG/java-projects/guava/guava-tests/test/com/google/common/io/CharSinkTest.java;30;127;CharSinkTest;IoTestCase;[];0;[];[];
;;guava;adce8999989d80c80fda3607dac324cbd47681c1;/home/luna/TG/java-projects/guava/guava-tests/test/com/google/common/io/TestStreamSupplier.java;19;37;TestStreamSupplier;null;[];0;[];[];
;;guava;adce8999989d80c80fda3607dac324cbd47681c1;/home/luna/TG/java-projects/guava/guava-tests/test/com/google/common/io/CharSequenceReaderTest.java;23;261;CharSequenceReaderTest;TestCase;[];0;[];[];
;;guava;adce8999989d80c80fda3607dac324cbd47681c1;/home/luna/TG/java-projects/guava/guava-tests/test/com/google/common/io/AppendableWriterTest.java;24;128;AppendableWriterTest;IoTestCase;[];0;[];[];
;;guava;adce8999989d80c80fda3607dac324cbd47681c1;/home/luna/TG/java-projects/guava/guava-tests/test/com/google/common/io/AppendableWriterTest.java;31;59;SpyAppendable;null;[Appendable, Flushable, Closeable];0;[];[];
;;guava;adce8999989d80c80fda3607dac324cbd47681c1;/home/luna/TG/java-projects/guava/guava-tests/test/com/google/common/io/TestCharSink.java;26;76;TestCharSink;CharSink;[TestStreamSupplier];0;[];[];
;;guava;adce8999989d80c80fda3607dac324cbd47681c1;/home/luna/TG/java-projects/guava/guava-tests/test/com/google/common/io/PackageSanityTests.java;25;40;PackageSanityTests;AbstractPackageSanityTests;[];0;[];[];
;;guava;adce8999989d80c80fda3607dac324cbd47681c1;/home/luna/TG/java-projects/guava/guava-tests/test/com/google/common/xml/XmlEscapersTest.java;26;120;XmlEscapersTest;TestCase;[];0;[];[GwtCompatible];
;;guava;adce8999989d80c80fda3607dac324cbd47681c1;/home/luna/TG/java-projects/guava/guava-tests/test/com/google/common/escape/ArrayBasedEscaperMapTest.java;24;77;ArrayBasedEscaperMapTest;TestCase;[];0;[];[GwtCompatible];
;;guava;adce8999989d80c80fda3607dac324cbd47681c1;/home/luna/TG/java-projects/guava/guava-tests/test/com/google/common/escape/CharEscaperBuilderTest.java;21;30;CharEscaperBuilderTest;TestCase;[];0;[];[];
;;guava;adce8999989d80c80fda3607dac324cbd47681c1;/home/luna/TG/java-projects/guava/guava-tests/test/com/google/common/escape/UnicodeEscaperTest.java;22;190;UnicodeEscaperTest;TestCase;[];0;[];[GwtCompatible];
;;guava;adce8999989d80c80fda3607dac324cbd47681c1;/home/luna/TG/java-projects/guava/guava-tests/test/com/google/common/escape/ArrayBasedCharEscaperTest.java;26;94;ArrayBasedCharEscaperTest;TestCase;[];0;[];[GwtCompatible];
;;guava;adce8999989d80c80fda3607dac324cbd47681c1;/home/luna/TG/java-projects/guava/guava-tests/test/com/google/common/escape/EscapersTest.java;25;134;EscapersTest;TestCase;[];0;[];[GwtCompatible];
;;guava;adce8999989d80c80fda3607dac324cbd47681c1;/home/luna/TG/java-projects/guava/guava-tests/test/com/google/common/escape/ArrayBasedUnicodeEscaperTest.java;26;129;ArrayBasedUnicodeEscaperTest;TestCase;[];0;[];[GwtCompatible];
;;guava;adce8999989d80c80fda3607dac324cbd47681c1;/home/luna/TG/java-projects/guava/guava-tests/test/com/google/common/escape/PackageSanityTests.java;21;27;PackageSanityTests;AbstractPackageSanityTests;[];0;[];[];
;;guava;adce8999989d80c80fda3607dac324cbd47681c1;/home/luna/TG/java-projects/guava/guava-tests/test/com/google/common/primitives/LongArrayAsListTest.java;35;162;LongArrayAsListTest;TestCase;[];0;[];[GwtCompatible];
;;guava;adce8999989d80c80fda3607dac324cbd47681c1;/home/luna/TG/java-projects/guava/guava-tests/test/com/google/common/primitives/LongArrayAsListTest.java;84;88;LongsAsListGenerator;TestLongListGenerator;[];0;[];[];
;;guava;adce8999989d80c80fda3607dac324cbd47681c1;/home/luna/TG/java-projects/guava/guava-tests/test/com/google/common/primitives/LongArrayAsListTest.java;90;96;LongsAsListHeadSubListGenerator;TestLongListGenerator;[];0;[];[];
;;guava;adce8999989d80c80fda3607dac324cbd47681c1;/home/luna/TG/java-projects/guava/guava-tests/test/com/google/common/primitives/LongArrayAsListTest.java;98;104;LongsAsListTailSubListGenerator;TestLongListGenerator;[];0;[];[];
;;guava;adce8999989d80c80fda3607dac324cbd47681c1;/home/luna/TG/java-projects/guava/guava-tests/test/com/google/common/primitives/LongArrayAsListTest.java;106;113;LongsAsListMiddleSubListGenerator;TestLongListGenerator;[];0;[];[];
;;guava;adce8999989d80c80fda3607dac324cbd47681c1;/home/luna/TG/java-projects/guava/guava-tests/test/com/google/common/primitives/LongArrayAsListTest.java;122;155;TestLongListGenerator;null;[TestListGenerator<Long>];0;[];[];
;;guava;adce8999989d80c80fda3607dac324cbd47681c1;/home/luna/TG/java-projects/guava/guava-tests/test/com/google/common/primitives/LongArrayAsListTest.java;157;161;SampleLongs;SampleElements<Long>;[];0;[];[];
;;guava;adce8999989d80c80fda3607dac324cbd47681c1;/home/luna/TG/java-projects/guava/guava-tests/test/com/google/common/primitives/DoublesTest.java;36;566;DoublesTest;TestCase;[];0;[];[GwtCompatible, SuppressWarnings];
;;guava;adce8999989d80c80fda3607dac324cbd47681c1;/home/luna/TG/java-projects/guava/guava-tests/test/com/google/common/primitives/FloatArrayAsListTest.java;35;162;FloatArrayAsListTest;TestCase;[];0;[];[GwtCompatible];
;;guava;adce8999989d80c80fda3607dac324cbd47681c1;/home/luna/TG/java-projects/guava/guava-tests/test/com/google/common/primitives/FloatArrayAsListTest.java;84;88;FloatsAsListGenerator;TestFloatListGenerator;[];0;[];[];
;;guava;adce8999989d80c80fda3607dac324cbd47681c1;/home/luna/TG/java-projects/guava/guava-tests/test/com/google/common/primitives/FloatArrayAsListTest.java;90;96;FloatsAsListHeadSubListGenerator;TestFloatListGenerator;[];0;[];[];
;;guava;adce8999989d80c80fda3607dac324cbd47681c1;/home/luna/TG/java-projects/guava/guava-tests/test/com/google/common/primitives/FloatArrayAsListTest.java;98;104;FloatsAsListTailSubListGenerator;TestFloatListGenerator;[];0;[];[];
;;guava;adce8999989d80c80fda3607dac324cbd47681c1;/home/luna/TG/java-projects/guava/guava-tests/test/com/google/common/primitives/FloatArrayAsListTest.java;106;113;FloatsAsListMiddleSubListGenerator;TestFloatListGenerator;[];0;[];[];
;;guava;adce8999989d80c80fda3607dac324cbd47681c1;/home/luna/TG/java-projects/guava/guava-tests/test/com/google/common/primitives/FloatArrayAsListTest.java;122;155;TestFloatListGenerator;null;[TestListGenerator<Float>];0;[];[];
;;guava;adce8999989d80c80fda3607dac324cbd47681c1;/home/luna/TG/java-projects/guava/guava-tests/test/com/google/common/primitives/FloatArrayAsListTest.java;157;161;SampleFloats;SampleElements<Float>;[];0;[];[];
;;guava;adce8999989d80c80fda3607dac324cbd47681c1;/home/luna/TG/java-projects/guava/guava-tests/test/com/google/common/primitives/LongsTest.java;37;533;LongsTest;TestCase;[];0;[];[GwtCompatible, SuppressWarnings];
;;guava;adce8999989d80c80fda3607dac324cbd47681c1;/home/luna/TG/java-projects/guava/guava-tests/test/com/google/common/primitives/ShortArrayAsListTest.java;35;162;ShortArrayAsListTest;TestCase;[];0;[];[GwtCompatible];
;;guava;adce8999989d80c80fda3607dac324cbd47681c1;/home/luna/TG/java-projects/guava/guava-tests/test/com/google/common/primitives/ShortArrayAsListTest.java;84;88;ShortsAsListGenerator;TestShortListGenerator;[];0;[];[];
;;guava;adce8999989d80c80fda3607dac324cbd47681c1;/home/luna/TG/java-projects/guava/guava-tests/test/com/google/common/primitives/ShortArrayAsListTest.java;90;96;ShortsAsListHeadSubListGenerator;TestShortListGenerator;[];0;[];[];
;;guava;adce8999989d80c80fda3607dac324cbd47681c1;/home/luna/TG/java-projects/guava/guava-tests/test/com/google/common/primitives/ShortArrayAsListTest.java;98;104;ShortsAsListTailSubListGenerator;TestShortListGenerator;[];0;[];[];
;;guava;adce8999989d80c80fda3607dac324cbd47681c1;/home/luna/TG/java-projects/guava/guava-tests/test/com/google/common/primitives/ShortArrayAsListTest.java;106;113;ShortsAsListMiddleSubListGenerator;TestShortListGenerator;[];0;[];[];
;;guava;adce8999989d80c80fda3607dac324cbd47681c1;/home/luna/TG/java-projects/guava/guava-tests/test/com/google/common/primitives/ShortArrayAsListTest.java;122;155;TestShortListGenerator;null;[TestListGenerator<Short>];0;[];[];
;;guava;adce8999989d80c80fda3607dac324cbd47681c1;/home/luna/TG/java-projects/guava/guava-tests/test/com/google/common/primitives/ShortArrayAsListTest.java;157;161;SampleShorts;SampleElements<Short>;[];0;[];[];
;;guava;adce8999989d80c80fda3607dac324cbd47681c1;/home/luna/TG/java-projects/guava/guava-tests/test/com/google/common/primitives/UnsignedIntsTest.java;27;278;UnsignedIntsTest;TestCase;[];0;[];[GwtCompatible];
;;guava;adce8999989d80c80fda3607dac324cbd47681c1;/home/luna/TG/java-projects/guava/guava-tests/test/com/google/common/primitives/UnsignedLongTest.java;26;284;UnsignedLongTest;TestCase;[];0;[];[GwtCompatible];
;;guava;adce8999989d80c80fda3607dac324cbd47681c1;/home/luna/TG/java-projects/guava/guava-tests/test/com/google/common/primitives/ByteArrayAsListTest.java;35;162;ByteArrayAsListTest;TestCase;[];0;[];[GwtCompatible];
;;guava;adce8999989d80c80fda3607dac324cbd47681c1;/home/luna/TG/java-projects/guava/guava-tests/test/com/google/common/primitives/ByteArrayAsListTest.java;84;88;BytesAsListGenerator;TestByteListGenerator;[];0;[];[];
;;guava;adce8999989d80c80fda3607dac324cbd47681c1;/home/luna/TG/java-projects/guava/guava-tests/test/com/google/common/primitives/ByteArrayAsListTest.java;90;96;BytesAsListHeadSubListGenerator;TestByteListGenerator;[];0;[];[];
;;guava;adce8999989d80c80fda3607dac324cbd47681c1;/home/luna/TG/java-projects/guava/guava-tests/test/com/google/common/primitives/ByteArrayAsListTest.java;98;104;BytesAsListTailSubListGenerator;TestByteListGenerator;[];0;[];[];
;;guava;adce8999989d80c80fda3607dac324cbd47681c1;/home/luna/TG/java-projects/guava/guava-tests/test/com/google/common/primitives/ByteArrayAsListTest.java;106;113;BytesAsListMiddleSubListGenerator;TestByteListGenerator;[];0;[];[];
;;guava;adce8999989d80c80fda3607dac324cbd47681c1;/home/luna/TG/java-projects/guava/guava-tests/test/com/google/common/primitives/ByteArrayAsListTest.java;122;155;TestByteListGenerator;null;[TestListGenerator<Byte>];0;[];[];
;;guava;adce8999989d80c80fda3607dac324cbd47681c1;/home/luna/TG/java-projects/guava/guava-tests/test/com/google/common/primitives/ByteArrayAsListTest.java;157;161;SampleBytes;SampleElements<Byte>;[];0;[];[];
;;guava;adce8999989d80c80fda3607dac324cbd47681c1;/home/luna/TG/java-projects/guava/guava-tests/test/com/google/common/primitives/UnsignedLongsTest.java;30;284;UnsignedLongsTest;TestCase;[];0;[];[GwtCompatible];
;;guava;adce8999989d80c80fda3607dac324cbd47681c1;/home/luna/TG/java-projects/guava/guava-tests/test/com/google/common/primitives/FloatsTest.java;36;543;FloatsTest;TestCase;[];0;[];[GwtCompatible, SuppressWarnings];
;;guava;adce8999989d80c80fda3607dac324cbd47681c1;/home/luna/TG/java-projects/guava/guava-tests/test/com/google/common/primitives/ShortsTest.java;33;473;ShortsTest;TestCase;[];0;[];[GwtCompatible, SuppressWarnings];
;;guava;adce8999989d80c80fda3607dac324cbd47681c1;/home/luna/TG/java-projects/guava/guava-tests/test/com/google/common/primitives/UnsignedBytesTest.java;27;275;UnsignedBytesTest;TestCase;[];0;[];[];
;;guava;adce8999989d80c80fda3607dac324cbd47681c1;/home/luna/TG/java-projects/guava/guava-tests/test/com/google/common/primitives/DoubleArrayAsListTest.java;35;162;DoubleArrayAsListTest;TestCase;[];0;[];[GwtCompatible];
;;guava;adce8999989d80c80fda3607dac324cbd47681c1;/home/luna/TG/java-projects/guava/guava-tests/test/com/google/common/primitives/DoubleArrayAsListTest.java;84;88;DoublesAsListGenerator;TestDoubleListGenerator;[];0;[];[];
;;guava;adce8999989d80c80fda3607dac324cbd47681c1;/home/luna/TG/java-projects/guava/guava-tests/test/com/google/common/primitives/DoubleArrayAsListTest.java;90;96;DoublsAsListHeadSubListGenerator;TestDoubleListGenerator;[];0;[];[];
;;guava;adce8999989d80c80fda3607dac324cbd47681c1;/home/luna/TG/java-projects/guava/guava-tests/test/com/google/common/primitives/DoubleArrayAsListTest.java;98;104;DoublesAsListTailSubListGenerator;TestDoubleListGenerator;[];0;[];[];
;;guava;adce8999989d80c80fda3607dac324cbd47681c1;/home/luna/TG/java-projects/guava/guava-tests/test/com/google/common/primitives/DoubleArrayAsListTest.java;106;113;DoublesAsListMiddleSubListGenerator;TestDoubleListGenerator;[];0;[];[];
;;guava;adce8999989d80c80fda3607dac324cbd47681c1;/home/luna/TG/java-projects/guava/guava-tests/test/com/google/common/primitives/DoubleArrayAsListTest.java;122;155;TestDoubleListGenerator;null;[TestListGenerator<Double>];0;[];[];
;;guava;adce8999989d80c80fda3607dac324cbd47681c1;/home/luna/TG/java-projects/guava/guava-tests/test/com/google/common/primitives/DoubleArrayAsListTest.java;157;161;SampleDoubles;SampleElements<Double>;[];0;[];[];
;;guava;adce8999989d80c80fda3607dac324cbd47681c1;/home/luna/TG/java-projects/guava/guava-tests/test/com/google/common/primitives/UnsignedIntegerTest.java;26;274;UnsignedIntegerTest;TestCase;[];0;[];[GwtCompatible];
;;guava;adce8999989d80c80fda3607dac324cbd47681c1;/home/luna/TG/java-projects/guava/guava-tests/test/com/google/common/primitives/BooleansTest.java;31;315;BooleansTest;TestCase;[];0;[];[GwtCompatible];
;;guava;adce8999989d80c80fda3607dac324cbd47681c1;/home/luna/TG/java-projects/guava/guava-tests/test/com/google/common/primitives/SignedBytesTest.java;29;159;SignedBytesTest;TestCase;[];0;[];[GwtCompatible, SuppressWarnings];
;;guava;adce8999989d80c80fda3607dac324cbd47681c1;/home/luna/TG/java-projects/guava/guava-tests/test/com/google/common/primitives/CharArrayAsListTest.java;35;162;CharArrayAsListTest;TestCase;[];0;[];[GwtCompatible];
;;guava;adce8999989d80c80fda3607dac324cbd47681c1;/home/luna/TG/java-projects/guava/guava-tests/test/com/google/common/primitives/CharArrayAsListTest.java;84;88;CharsAsListGenerator;TestCharListGenerator;[];0;[];[];
;;guava;adce8999989d80c80fda3607dac324cbd47681c1;/home/luna/TG/java-projects/guava/guava-tests/test/com/google/common/primitives/CharArrayAsListTest.java;90;96;CharsAsListHeadSubListGenerator;TestCharListGenerator;[];0;[];[];
;;guava;adce8999989d80c80fda3607dac324cbd47681c1;/home/luna/TG/java-projects/guava/guava-tests/test/com/google/common/primitives/CharArrayAsListTest.java;98;104;CharsAsListTailSubListGenerator;TestCharListGenerator;[];0;[];[];
;;guava;adce8999989d80c80fda3607dac324cbd47681c1;/home/luna/TG/java-projects/guava/guava-tests/test/com/google/common/primitives/CharArrayAsListTest.java;106;113;CharsAsListMiddleSubListGenerator;TestCharListGenerator;[];0;[];[];
;;guava;adce8999989d80c80fda3607dac324cbd47681c1;/home/luna/TG/java-projects/guava/guava-tests/test/com/google/common/primitives/CharArrayAsListTest.java;122;155;TestCharListGenerator;null;[TestListGenerator<Character>];0;[];[];
;;guava;adce8999989d80c80fda3607dac324cbd47681c1;/home/luna/TG/java-projects/guava/guava-tests/test/com/google/common/primitives/CharArrayAsListTest.java;157;161;SampleChars;SampleElements<Character>;[];0;[];[];
;;guava;adce8999989d80c80fda3607dac324cbd47681c1;/home/luna/TG/java-projects/guava/guava-tests/test/com/google/common/primitives/IntsTest.java;33;549;IntsTest;TestCase;[];0;[];[GwtCompatible, SuppressWarnings];
;;guava;adce8999989d80c80fda3607dac324cbd47681c1;/home/luna/TG/java-projects/guava/guava-tests/test/com/google/common/primitives/IntArrayAsListTest.java;35;162;IntArrayAsListTest;TestCase;[];0;[];[GwtCompatible, SuppressWarnings];
;;guava;adce8999989d80c80fda3607dac324cbd47681c1;/home/luna/TG/java-projects/guava/guava-tests/test/com/google/common/primitives/IntArrayAsListTest.java;85;89;IntsAsListGenerator;TestIntegerListGenerator;[];0;[];[];
;;guava;adce8999989d80c80fda3607dac324cbd47681c1;/home/luna/TG/java-projects/guava/guava-tests/test/com/google/common/primitives/IntArrayAsListTest.java;91;97;IntsAsListHeadSubListGenerator;TestIntegerListGenerator;[];0;[];[];
;;guava;adce8999989d80c80fda3607dac324cbd47681c1;/home/luna/TG/java-projects/guava/guava-tests/test/com/google/common/primitives/IntArrayAsListTest.java;99;105;IntsAsListTailSubListGenerator;TestIntegerListGenerator;[];0;[];[];
;;guava;adce8999989d80c80fda3607dac324cbd47681c1;/home/luna/TG/java-projects/guava/guava-tests/test/com/google/common/primitives/IntArrayAsListTest.java;107;114;IntsAsListMiddleSubListGenerator;TestIntegerListGenerator;[];0;[];[];
;;guava;adce8999989d80c80fda3607dac324cbd47681c1;/home/luna/TG/java-projects/guava/guava-tests/test/com/google/common/primitives/IntArrayAsListTest.java;123;155;TestIntegerListGenerator;null;[TestListGenerator<Integer>];0;[];[];
;;guava;adce8999989d80c80fda3607dac324cbd47681c1;/home/luna/TG/java-projects/guava/guava-tests/test/com/google/common/primitives/IntArrayAsListTest.java;157;161;SampleIntegers;SampleElements<Integer>;[];0;[];[];
;;guava;adce8999989d80c80fda3607dac324cbd47681c1;/home/luna/TG/java-projects/guava/guava-tests/test/com/google/common/primitives/PrimitivesTest.java;24;81;PrimitivesTest;TestCase;[];0;[];[];
;;guava;adce8999989d80c80fda3607dac324cbd47681c1;/home/luna/TG/java-projects/guava/guava-tests/test/com/google/common/primitives/BytesTest.java;29;259;BytesTest;TestCase;[];0;[];[GwtCompatible];
;;guava;adce8999989d80c80fda3607dac324cbd47681c1;/home/luna/TG/java-projects/guava/guava-tests/test/com/google/common/primitives/CharsTest.java;32;402;CharsTest;TestCase;[];0;[];[GwtCompatible, SuppressWarnings];
;;guava;adce8999989d80c80fda3607dac324cbd47681c1;/home/luna/TG/java-projects/guava/guava-tests/test/com/google/common/primitives/PackageSanityTests.java;21;31;PackageSanityTests;AbstractPackageSanityTests;[];0;[];[];
;;guava;adce8999989d80c80fda3607dac324cbd47681c1;/home/luna/TG/java-projects/guava/guava-tests/test/com/google/common/math/StatsTesting.java;35;503;StatsTesting;null;[];0;[];[];
;;guava;adce8999989d80c80fda3607dac324cbd47681c1;/home/luna/TG/java-projects/guava/guava-tests/test/com/google/common/math/StatsTesting.java;65;128;ManyValues;null;[];0;[];[];
;;guava;adce8999989d80c80fda3607dac324cbd47681c1;/home/luna/TG/java-projects/guava/guava-tests/test/com/google/common/math/DoubleUtilsTest.java;27;71;DoubleUtilsTest;TestCase;[];0;[];[];
;;guava;adce8999989d80c80fda3607dac324cbd47681c1;/home/luna/TG/java-projects/guava/guava-tests/test/com/google/common/math/QuantilesAlgorithmTest.java;29;88;QuantilesAlgorithmTest;TestCase;[];0;[];[];
;;guava;adce8999989d80c80fda3607dac324cbd47681c1;/home/luna/TG/java-projects/guava/guava-tests/test/com/google/common/math/MathTesting.java;40;267;MathTesting;null;[];0;[];[GwtCompatible];
;;guava;adce8999989d80c80fda3607dac324cbd47681c1;/home/luna/TG/java-projects/guava/guava-tests/test/com/google/common/math/MathBenchmarking.java;22;125;MathBenchmarking;null;[];0;[];[];
;;guava;adce8999989d80c80fda3607dac324cbd47681c1;/home/luna/TG/java-projects/guava/guava-tests/test/com/google/common/math/PairedStatsAccumulatorTest.java;51;498;PairedStatsAccumulatorTest;TestCase;[];0;[];[];
;;guava;adce8999989d80c80fda3607dac324cbd47681c1;/home/luna/TG/java-projects/guava/guava-tests/test/com/google/common/math/StatsTest.java;84;648;StatsTest;TestCase;[];0;[];[];
;;guava;adce8999989d80c80fda3607dac324cbd47681c1;/home/luna/TG/java-projects/guava/guava-tests/test/com/google/common/math/QuantilesTest.java;45;746;QuantilesTest;TestCase;[];0;[];[];
;;guava;adce8999989d80c80fda3607dac324cbd47681c1;/home/luna/TG/java-projects/guava/guava-tests/test/com/google/common/math/LongMathTest.java;41;941;LongMathTest;TestCase;[];0;[];[GwtCompatible];
;;guava;adce8999989d80c80fda3607dac324cbd47681c1;/home/luna/TG/java-projects/guava/guava-tests/test/com/google/common/math/DoubleMathTest.java;54;795;DoubleMathTest;TestCase;[];0;[];[GwtCompatible];
;;guava;adce8999989d80c80fda3607dac324cbd47681c1;/home/luna/TG/java-projects/guava/guava-tests/test/com/google/common/math/IntMathTest.java;40;758;IntMathTest;TestCase;[];0;[];[GwtCompatible];
;;guava;adce8999989d80c80fda3607dac324cbd47681c1;/home/luna/TG/java-projects/guava/guava-tests/test/com/google/common/math/StatsAccumulatorTest.java;55;709;StatsAccumulatorTest;TestCase;[];0;[];[];
;;guava;adce8999989d80c80fda3607dac324cbd47681c1;/home/luna/TG/java-projects/guava/guava-tests/test/com/google/common/math/LinearTransformationTest.java;27;241;LinearTransformationTest;TestCase;[];0;[];[];
;;guava;adce8999989d80c80fda3607dac324cbd47681c1;/home/luna/TG/java-projects/guava/guava-tests/test/com/google/common/math/BigIntegerMathTest.java;46;548;BigIntegerMathTest;TestCase;[];0;[];[GwtCompatible];
;;guava;adce8999989d80c80fda3607dac324cbd47681c1;/home/luna/TG/java-projects/guava/guava-tests/test/com/google/common/math/TestPlatform.java;21;29;TestPlatform;null;[];0;[];[GwtCompatible];
;;guava;adce8999989d80c80fda3607dac324cbd47681c1;/home/luna/TG/java-projects/guava/guava-tests/test/com/google/common/math/MathPreconditionsTest.java;23;266;MathPreconditionsTest;TestCase;[];0;[];[GwtCompatible];
;;guava;adce8999989d80c80fda3607dac324cbd47681c1;/home/luna/TG/java-projects/guava/guava-tests/test/com/google/common/math/PairedStatsTest.java;59;348;PairedStatsTest;TestCase;[];0;[];[];
;;guava;adce8999989d80c80fda3607dac324cbd47681c1;/home/luna/TG/java-projects/guava/guava-tests/test/com/google/common/math/PackageSanityTests.java;21;31;PackageSanityTests;AbstractPackageSanityTests;[];0;[];[];
;;guava;adce8999989d80c80fda3607dac324cbd47681c1;/home/luna/TG/java-projects/guava/guava-tests/test/com/google/common/base/StopwatchTest.java;27;204;StopwatchTest;TestCase;[];0;[];[GwtCompatible];
;;guava;adce8999989d80c80fda3607dac324cbd47681c1;/home/luna/TG/java-projects/guava/guava-tests/test/com/google/common/base/EquivalenceTest.java;29;167;EquivalenceTest;TestCase;[];0;[];[GwtCompatible];
;;guava;adce8999989d80c80fda3607dac324cbd47681c1;/home/luna/TG/java-projects/guava/guava-tests/test/com/google/common/base/EquivalenceTest.java;94;104;IntValue;null;[];0;[];[];
;;guava;adce8999989d80c80fda3607dac324cbd47681c1;/home/luna/TG/java-projects/guava/guava-tests/test/com/google/common/base/BenchmarkHelpers.java;17;84;BenchmarkHelpers;null;[];0;[];[];
;;guava;adce8999989d80c80fda3607dac324cbd47681c1;/home/luna/TG/java-projects/guava/guava-tests/test/com/google/common/base/ThrowablesTest.java;38;684;ThrowablesTest;TestCase;[];0;[];[GwtCompatible];
;;guava;adce8999989d80c80fda3607dac324cbd47681c1;/home/luna/TG/java-projects/guava/guava-tests/test/com/google/common/base/ThrowablesTest.java;547;547;SomeError;Error;[];0;[];[];
;;guava;adce8999989d80c80fda3607dac324cbd47681c1;/home/luna/TG/java-projects/guava/guava-tests/test/com/google/common/base/ThrowablesTest.java;548;548;SomeCheckedException;Exception;[];0;[];[];
;;guava;adce8999989d80c80fda3607dac324cbd47681c1;/home/luna/TG/java-projects/guava/guava-tests/test/com/google/common/base/ThrowablesTest.java;549;549;SomeOtherCheckedException;Exception;[];0;[];[];
;;guava;adce8999989d80c80fda3607dac324cbd47681c1;/home/luna/TG/java-projects/guava/guava-tests/test/com/google/common/base/ThrowablesTest.java;550;550;SomeUncheckedException;RuntimeException;[];0;[];[];
;;guava;adce8999989d80c80fda3607dac324cbd47681c1;/home/luna/TG/java-projects/guava/guava-tests/test/com/google/common/base/ThrowablesTest.java;551;551;SomeUndeclaredCheckedException;Exception;[];0;[];[];
;;guava;adce8999989d80c80fda3607dac324cbd47681c1;/home/luna/TG/java-projects/guava/guava-tests/test/com/google/common/base/ThrowablesTest.java;552;556;SomeChainingException;RuntimeException;[];0;[];[];
;;guava;adce8999989d80c80fda3607dac324cbd47681c1;/home/luna/TG/java-projects/guava/guava-tests/test/com/google/common/base/ThrowablesTest.java;558;562;Sample;null;[];0;[];[];
;;guava;adce8999989d80c80fda3607dac324cbd47681c1;/home/luna/TG/java-projects/guava/guava-tests/test/com/google/common/base/ThrowablesTest.java;584;588;StackTraceException;Exception;[];0;[];[];
;;guava;adce8999989d80c80fda3607dac324cbd47681c1;/home/luna/TG/java-projects/guava/guava-tests/test/com/google/common/base/ThrowablesTest.java;672;678;AllowSettingSecurityManagerPolicy;Policy;[];0;[];[GwtIncompatible];
;;guava;adce8999989d80c80fda3607dac324cbd47681c1;/home/luna/TG/java-projects/guava/guava-tests/test/com/google/common/base/SuppliersTest.java;35;458;SuppliersTest;TestCase;[];0;[];[GwtCompatible];
;;guava;adce8999989d80c80fda3607dac324cbd47681c1;/home/luna/TG/java-projects/guava/guava-tests/test/com/google/common/base/SuppliersTest.java;44;52;CountingSupplier;null;[Supplier<Integer>];0;[];[];
;;guava;adce8999989d80c80fda3607dac324cbd47681c1;/home/luna/TG/java-projects/guava/guava-tests/test/com/google/common/base/SuppliersTest.java;54;59;ThrowingSupplier;null;[Supplier<Integer>];0;[];[];
;;guava;adce8999989d80c80fda3607dac324cbd47681c1;/home/luna/TG/java-projects/guava/guava-tests/test/com/google/common/base/SuppliersTest.java;61;63;SerializableCountingSupplier;CountingSupplier;[Serializable];0;[];[];
;;guava;adce8999989d80c80fda3607dac324cbd47681c1;/home/luna/TG/java-projects/guava/guava-tests/test/com/google/common/base/SuppliersTest.java;65;67;SerializableThrowingSupplier;ThrowingSupplier;[Serializable];0;[];[];
;;guava;adce8999989d80c80fda3607dac324cbd47681c1;/home/luna/TG/java-projects/guava/guava-tests/test/com/google/common/base/VerifyTest.java;25;108;VerifyTest;TestCase;[];0;[];[GwtCompatible];
;;guava;adce8999989d80c80fda3607dac324cbd47681c1;/home/luna/TG/java-projects/guava/guava-tests/test/com/google/common/base/FunctionsTest.java;31;470;FunctionsTest;TestCase;[];0;[];[GwtCompatible];
;;guava;adce8999989d80c80fda3607dac324cbd47681c1;/home/luna/TG/java-projects/guava/guava-tests/test/com/google/common/base/FunctionsTest.java;285;290;HashCodeFunction;null;[Function<Object,Integer>];0;[];[];
;;guava;adce8999989d80c80fda3607dac324cbd47681c1;/home/luna/TG/java-projects/guava/guava-tests/test/com/google/common/base/FunctionsTest.java;383;407;CountingSupplier;null;[Supplier<Integer>, Serializable];0;[];[];
;;guava;adce8999989d80c80fda3607dac324cbd47681c1;/home/luna/TG/java-projects/guava/guava-tests/test/com/google/common/base/StandardSystemPropertyTest.java;21;57;StandardSystemPropertyTest;TestCase;[];0;[];[];
;;guava;adce8999989d80c80fda3607dac324cbd47681c1;/home/luna/TG/java-projects/guava/guava-tests/test/com/google/common/base/EnumsTest.java;36;182;EnumsTest;TestCase;[];0;[];[GwtCompatible];
;;guava;adce8999989d80c80fda3607dac324cbd47681c1;/home/luna/TG/java-projects/guava/guava-tests/test/com/google/common/base/CharsetsTest.java;25;75;CharsetsTest;TestCase;[];0;[];[GwtCompatible];
;;guava;adce8999989d80c80fda3607dac324cbd47681c1;/home/luna/TG/java-projects/guava/guava-tests/test/com/google/common/base/ObjectsTest.java;24;67;ObjectsTest;TestCase;[];0;[];[GwtCompatible];
;;guava;adce8999989d80c80fda3607dac324cbd47681c1;/home/luna/TG/java-projects/guava/guava-tests/test/com/google/common/base/DefaultsTest.java;21;39;DefaultsTest;TestCase;[];0;[];[];
;;guava;adce8999989d80c80fda3607dac324cbd47681c1;/home/luna/TG/java-projects/guava/guava-tests/test/com/google/common/base/CharMatcherTest.java;40;767;CharMatcherTest;TestCase;[];0;[];[GwtCompatible];
;;guava;adce8999989d80c80fda3607dac324cbd47681c1;/home/luna/TG/java-projects/guava/guava-tests/test/com/google/common/base/Utf8Test.java;35;345;Utf8Test;TestCase;[];0;[];[GwtCompatible];
;;guava;adce8999989d80c80fda3607dac324cbd47681c1;/home/luna/TG/java-projects/guava/guava-tests/test/com/google/common/base/CaseFormatTest.java;31;226;CaseFormatTest;TestCase;[];0;[];[GwtCompatible];
;;guava;adce8999989d80c80fda3607dac324cbd47681c1;/home/luna/TG/java-projects/guava/guava-tests/test/com/google/common/base/AsciiTest.java;23;150;AsciiTest;TestCase;[];0;[];[GwtCompatible];
;;guava;adce8999989d80c80fda3607dac324cbd47681c1;/home/luna/TG/java-projects/guava/guava-tests/test/com/google/common/base/PredicatesTest.java;40;983;PredicatesTest;TestCase;[];0;[];[GwtCompatible];
;;guava;adce8999989d80c80fda3607dac324cbd47681c1;/home/luna/TG/java-projects/guava/guava-tests/test/com/google/common/base/PredicatesTest.java;58;74;IsOdd;null;[Predicate<Integer>, Serializable];0;[];[];
;;guava;adce8999989d80c80fda3607dac324cbd47681c1;/home/luna/TG/java-projects/guava/guava-tests/test/com/google/common/base/PredicatesTest.java;723;730;CollectionThatThrowsNPE;ArrayList<T>;[];1;[[T]];[];
;;guava;adce8999989d80c80fda3607dac324cbd47681c1;/home/luna/TG/java-projects/guava/guava-tests/test/com/google/common/base/PredicatesTest.java;737;743;CollectionThatThrowsCCE;ArrayList<T>;[];1;[[T]];[];
;;guava;adce8999989d80c80fda3607dac324cbd47681c1;/home/luna/TG/java-projects/guava/guava-tests/test/com/google/common/base/FinalizableReferenceQueueClassLoaderUnloadingTest.java;35;238;FinalizableReferenceQueueClassLoaderUnloadingTest;TestCase;[];0;[];[];
;;guava;adce8999989d80c80fda3607dac324cbd47681c1;/home/luna/TG/java-projects/guava/guava-tests/test/com/google/common/base/FinalizableReferenceQueueClassLoaderUnloadingTest.java;61;69;MyFinalizableWeakReference;FinalizableWeakReference<Object>;[];0;[];[];
;;guava;adce8999989d80c80fda3607dac324cbd47681c1;/home/luna/TG/java-projects/guava/guava-tests/test/com/google/common/base/FinalizableReferenceQueueClassLoaderUnloadingTest.java;71;76;PermissivePolicy;Policy;[];0;[];[];
;;guava;adce8999989d80c80fda3607dac324cbd47681c1;/home/luna/TG/java-projects/guava/guava-tests/test/com/google/common/base/FinalizableReferenceQueueClassLoaderUnloadingTest.java;161;175;FrqUser;null;[Callable<WeakReference<Object>>];0;[];[];
;;guava;adce8999989d80c80fda3607dac324cbd47681c1;/home/luna/TG/java-projects/guava/guava-tests/test/com/google/common/base/StringsTest.java;24;227;StringsTest;TestCase;[];0;[];[GwtCompatible];
;;guava;adce8999989d80c80fda3607dac324cbd47681c1;/home/luna/TG/java-projects/guava/guava-tests/test/com/google/common/base/JoinerTest.java;36;365;JoinerTest;TestCase;[];0;[];[GwtCompatible];
;;guava;adce8999989d80c80fda3607dac324cbd47681c1;/home/luna/TG/java-projects/guava/guava-tests/test/com/google/common/base/JoinerTest.java;307;323;DontStringMeBro;null;[CharSequence];0;[];[];
;;guava;adce8999989d80c80fda3607dac324cbd47681c1;/home/luna/TG/java-projects/guava/guava-tests/test/com/google/common/base/JoinerTest.java;326;344;IterableIterator;null;[Iterable<Integer>, Iterator<Integer>];0;[];[];
;;guava;adce8999989d80c80fda3607dac324cbd47681c1;/home/luna/TG/java-projects/guava/guava-tests/test/com/google/common/base/ToStringHelperTest.java;26;436;ToStringHelperTest;TestCase;[];0;[];[GwtCompatible];
;;guava;adce8999989d80c80fda3607dac324cbd47681c1;/home/luna/TG/java-projects/guava/guava-tests/test/com/google/common/base/ToStringHelperTest.java;86;86;LocalInnerClass;null;[];0;[];[];
;;guava;adce8999989d80c80fda3607dac324cbd47681c1;/home/luna/TG/java-projects/guava/guava-tests/test/com/google/common/base/ToStringHelperTest.java;92;92;LocalInnerClass;null;[];0;[];[];
;;guava;adce8999989d80c80fda3607dac324cbd47681c1;/home/luna/TG/java-projects/guava/guava-tests/test/com/google/common/base/ToStringHelperTest.java;99;101;LocalInnerClass;null;[];0;[];[];
;;guava;adce8999989d80c80fda3607dac324cbd47681c1;/home/luna/TG/java-projects/guava/guava-tests/test/com/google/common/base/ToStringHelperTest.java;100;100;LocalInnerNestedClass;null;[];0;[];[];
;;guava;adce8999989d80c80fda3607dac324cbd47681c1;/home/luna/TG/java-projects/guava/guava-tests/test/com/google/common/base/ToStringHelperTest.java;108;110;LocalInnerClass;null;[];0;[];[];
;;guava;adce8999989d80c80fda3607dac324cbd47681c1;/home/luna/TG/java-projects/guava/guava-tests/test/com/google/common/base/ToStringHelperTest.java;109;109;LocalInnerNestedClass;null;[];0;[];[];
;;guava;adce8999989d80c80fda3607dac324cbd47681c1;/home/luna/TG/java-projects/guava/guava-tests/test/com/google/common/base/ToStringHelperTest.java;431;434;TestClass;null;[];0;[];[];
;;guava;adce8999989d80c80fda3607dac324cbd47681c1;/home/luna/TG/java-projects/guava/guava-tests/test/com/google/common/base/FinalizableReferenceQueueTest.java;29;158;FinalizableReferenceQueueTest;TestCase;[];0;[];[];
;;guava;adce8999989d80c80fda3607dac324cbd47681c1;/home/luna/TG/java-projects/guava/guava-tests/test/com/google/common/base/FinalizableReferenceQueueTest.java;54;66;MockReference;FinalizableWeakReference<Object>;[];0;[];[];
;;guava;adce8999989d80c80fda3607dac324cbd47681c1;/home/luna/TG/java-projects/guava/guava-tests/test/com/google/common/base/FinalizableReferenceQueueTest.java;126;146;DecoupledClassLoader;URLClassLoader;[];0;[];[];
;;guava;adce8999989d80c80fda3607dac324cbd47681c1;/home/luna/TG/java-projects/guava/guava-tests/test/com/google/common/base/OptionalTest.java;32;326;OptionalTest;TestCase;[];0;[];[GwtCompatible];
;;guava;adce8999989d80c80fda3607dac324cbd47681c1;/home/luna/TG/java-projects/guava/guava-tests/test/com/google/common/base/SplitterTest.java;31;791;SplitterTest;TestCase;[];0;[];[GwtCompatible];
;;guava;adce8999989d80c80fda3607dac324cbd47681c1;/home/luna/TG/java-projects/guava/guava-tests/test/com/google/common/base/PreconditionsTest.java;37;533;PreconditionsTest;TestCase;[];0;[];[GwtCompatible];
;;guava;adce8999989d80c80fda3607dac324cbd47681c1;/home/luna/TG/java-projects/guava/guava-tests/test/com/google/common/base/PreconditionsTest.java;515;522;Message;null;[];0;[];[];
;;guava;adce8999989d80c80fda3607dac324cbd47681c1;/home/luna/TG/java-projects/guava/guava-tests/test/com/google/common/base/AbstractIteratorTest.java;27;216;AbstractIteratorTest;TestCase;[];0;[];[GwtCompatible];
;;guava;adce8999989d80c80fda3607dac324cbd47681c1;/home/luna/TG/java-projects/guava/guava-tests/test/com/google/common/base/AbstractIteratorTest.java;202;207;SneakyThrower;null;[];1;[[T extends Throwable]];[];
;;guava;adce8999989d80c80fda3607dac324cbd47681c1;/home/luna/TG/java-projects/guava/guava-tests/test/com/google/common/base/AbstractIteratorTest.java;211;212;SomeCheckedException;Exception;[];0;[];[];
;;guava;adce8999989d80c80fda3607dac324cbd47681c1;/home/luna/TG/java-projects/guava/guava-tests/test/com/google/common/base/AbstractIteratorTest.java;214;215;SomeUncheckedException;RuntimeException;[];0;[];[];
;;guava;adce8999989d80c80fda3607dac324cbd47681c1;/home/luna/TG/java-projects/guava/guava-tests/test/com/google/common/base/ConverterTest.java;31;217;ConverterTest;TestCase;[];0;[];[GwtCompatible];
;;guava;adce8999989d80c80fda3607dac324cbd47681c1;/home/luna/TG/java-projects/guava/guava-tests/test/com/google/common/base/ConverterTest.java;105;111;StringWrapper;null;[];0;[];[];
;;guava;adce8999989d80c80fda3607dac324cbd47681c1;/home/luna/TG/java-projects/guava/guava-tests/test/com/google/common/base/PackageSanityTests.java;21;30;PackageSanityTests;AbstractPackageSanityTests;[];0;[];[];
;;guava;adce8999989d80c80fda3607dac324cbd47681c1;/home/luna/TG/java-projects/guava/guava-tests/test/com/google/common/util/concurrent/ForwardingExecutorServiceTest.java;21;28;ForwardingExecutorServiceTest;TestCase;[];0;[];[];
;;guava;adce8999989d80c80fda3607dac324cbd47681c1;/home/luna/TG/java-projects/guava/guava-tests/test/com/google/common/util/concurrent/MoreExecutorsTest.java;78;738;MoreExecutorsTest;JSR166TestCase;[];0;[];[];
;;guava;adce8999989d80c80fda3607dac324cbd47681c1;/home/luna/TG/java-projects/guava/guava-tests/test/com/google/common/util/concurrent/MoreExecutorsTest.java;432;448;ThrowingRunnable;null;[Runnable];0;[];[];
;;guava;adce8999989d80c80fda3607dac324cbd47681c1;/home/luna/TG/java-projects/guava/guava-tests/test/com/google/common/util/concurrent/MoreExecutorsTest.java;548;555;CountingRunnable;null;[Runnable];0;[];[];
;;guava;adce8999989d80c80fda3607dac324cbd47681c1;/home/luna/TG/java-projects/guava/guava-tests/test/com/google/common/util/concurrent/MoreExecutorsTest.java;657;672;TestApplication;Application;[];0;[];[];
;;guava;adce8999989d80c80fda3607dac324cbd47681c1;/home/luna/TG/java-projects/guava/guava-tests/test/com/google/common/util/concurrent/UntrustedInputFutureTest.java;22;34;UntrustedInputFutureTest;AbstractAbstractFutureTest;[];0;[];[GwtCompatible];
;;guava;adce8999989d80c80fda3607dac324cbd47681c1;/home/luna/TG/java-projects/guava/guava-tests/test/com/google/common/util/concurrent/RunnablesTest.java;22;32;RunnablesTest;TestCase;[];0;[];[GwtCompatible];
;;guava;adce8999989d80c80fda3607dac324cbd47681c1;/home/luna/TG/java-projects/guava/guava-tests/test/com/google/common/util/concurrent/AtomicLongMapTest.java;34;659;AtomicLongMapTest;TestCase;[];0;[];[GwtCompatible];
;;guava;adce8999989d80c80fda3607dac324cbd47681c1;/home/luna/TG/java-projects/guava/guava-tests/test/com/google/common/util/concurrent/FuturesGetCheckedInputs.java;21;130;FuturesGetCheckedInputs;null;[];0;[];[];
;;guava;adce8999989d80c80fda3607dac324cbd47681c1;/home/luna/TG/java-projects/guava/guava-tests/test/com/google/common/util/concurrent/FuturesGetCheckedInputs.java;41;45;TwoArgConstructorException;Exception;[];0;[];[];
;;guava;adce8999989d80c80fda3607dac324cbd47681c1;/home/luna/TG/java-projects/guava/guava-tests/test/com/google/common/util/concurrent/FuturesGetCheckedInputs.java;47;51;TwoArgConstructorRuntimeException;RuntimeException;[];0;[];[];
;;guava;adce8999989d80c80fda3607dac324cbd47681c1;/home/luna/TG/java-projects/guava/guava-tests/test/com/google/common/util/concurrent/FuturesGetCheckedInputs.java;53;57;ExceptionWithPrivateConstructor;Exception;[];0;[];[];
;;guava;adce8999989d80c80fda3607dac324cbd47681c1;/home/luna/TG/java-projects/guava/guava-tests/test/com/google/common/util/concurrent/FuturesGetCheckedInputs.java;59;71;ExceptionWithSomePrivateConstructors;Exception;[];0;[];[SuppressWarnings];
;;guava;adce8999989d80c80fda3607dac324cbd47681c1;/home/luna/TG/java-projects/guava/guava-tests/test/com/google/common/util/concurrent/FuturesGetCheckedInputs.java;73;97;ExceptionWithManyConstructors;Exception;[];0;[];[];
;;guava;adce8999989d80c80fda3607dac324cbd47681c1;/home/luna/TG/java-projects/guava/guava-tests/test/com/google/common/util/concurrent/FuturesGetCheckedInputs.java;99;103;ExceptionWithoutThrowableConstructor;Exception;[];0;[];[];
;;guava;adce8999989d80c80fda3607dac324cbd47681c1;/home/luna/TG/java-projects/guava/guava-tests/test/com/google/common/util/concurrent/FuturesGetCheckedInputs.java;105;109;ExceptionWithWrongTypesConstructor;Exception;[];0;[];[];
;;guava;adce8999989d80c80fda3607dac324cbd47681c1;/home/luna/TG/java-projects/guava/guava-tests/test/com/google/common/util/concurrent/FuturesGetCheckedInputs.java;111;119;ExceptionWithGoodAndBadConstructor;Exception;[];0;[];[];
;;guava;adce8999989d80c80fda3607dac324cbd47681c1;/home/luna/TG/java-projects/guava/guava-tests/test/com/google/common/util/concurrent/FuturesGetCheckedInputs.java;121;125;ExceptionWithBadConstructor;Exception;[];0;[];[];
;;guava;adce8999989d80c80fda3607dac324cbd47681c1;/home/luna/TG/java-projects/guava/guava-tests/test/com/google/common/util/concurrent/FuturesGetCheckedInputs.java;127;127;OtherThrowable;Throwable;[];0;[];[];
;;guava;adce8999989d80c80fda3607dac324cbd47681c1;/home/luna/TG/java-projects/guava/guava-tests/test/com/google/common/util/concurrent/ForwardingBlockingQueueTest.java;21;28;ForwardingBlockingQueueTest;TestCase;[];0;[];[];
;;guava;adce8999989d80c80fda3607dac324cbd47681c1;/home/luna/TG/java-projects/guava/guava-tests/test/com/google/common/util/concurrent/EmptySetUpAndTearDown.java;23;36;EmptySetUpAndTearDown;TestCase;[];0;[];[GwtCompatible];
;;guava;adce8999989d80c80fda3607dac324cbd47681c1;/home/luna/TG/java-projects/guava/guava-tests/test/com/google/common/util/concurrent/AbstractFutureFallbackAtomicHelperTest.java;27;143;AbstractFutureFallbackAtomicHelperTest;TestCase;[];0;[];[];
;;guava;adce8999989d80c80fda3607dac324cbd47681c1;/home/luna/TG/java-projects/guava/guava-tests/test/com/google/common/util/concurrent/AbstractFutureTest.java;46;778;AbstractFutureTest;TestCase;[];0;[];[];
;;guava;adce8999989d80c80fda3607dac324cbd47681c1;/home/luna/TG/java-projects/guava/guava-tests/test/com/google/common/util/concurrent/AbstractFutureTest.java;685;708;WaiterThread;Thread;[];0;[];[];
;;guava;adce8999989d80c80fda3607dac324cbd47681c1;/home/luna/TG/java-projects/guava/guava-tests/test/com/google/common/util/concurrent/AbstractFutureTest.java;710;737;TimedWaiterThread;Thread;[];0;[];[];
;;guava;adce8999989d80c80fda3607dac324cbd47681c1;/home/luna/TG/java-projects/guava/guava-tests/test/com/google/common/util/concurrent/AbstractFutureTest.java;739;767;PollingThread;Thread;[];0;[];[];
;;guava;adce8999989d80c80fda3607dac324cbd47681c1;/home/luna/TG/java-projects/guava/guava-tests/test/com/google/common/util/concurrent/AbstractFutureTest.java;769;777;InterruptibleFuture;AbstractFuture<String>;[];0;[];[];
;;guava;adce8999989d80c80fda3607dac324cbd47681c1;/home/luna/TG/java-projects/guava/guava-tests/test/com/google/common/util/concurrent/AbstractListeningExecutorServiceTest.java;27;112;AbstractListeningExecutorServiceTest;TestCase;[];0;[];[];
;;guava;adce8999989d80c80fda3607dac324cbd47681c1;/home/luna/TG/java-projects/guava/guava-tests/test/com/google/common/util/concurrent/AbstractListeningExecutorServiceTest.java;61;68;TestRunnable;null;[Runnable];0;[];[];
;;guava;adce8999989d80c80fda3607dac324cbd47681c1;/home/luna/TG/java-projects/guava/guava-tests/test/com/google/common/util/concurrent/AbstractListeningExecutorServiceTest.java;70;75;TestCallable;null;[Callable<String>];0;[];[];
;;guava;adce8999989d80c80fda3607dac324cbd47681c1;/home/luna/TG/java-projects/guava/guava-tests/test/com/google/common/util/concurrent/AbstractListeningExecutorServiceTest.java;77;111;TestListeningExecutorService;AbstractListeningExecutorService;[];0;[];[];
;;guava;adce8999989d80c80fda3607dac324cbd47681c1;/home/luna/TG/java-projects/guava/guava-tests/test/com/google/common/util/concurrent/AtomicsTest.java;23;88;AtomicsTest;TestCase;[];0;[];[];
;;guava;adce8999989d80c80fda3607dac324cbd47681c1;/home/luna/TG/java-projects/guava/guava-tests/test/com/google/common/util/concurrent/AtomicDoubleTest.java;16;283;AtomicDoubleTest;JSR166TestCase;[];0;[];[];
;;guava;adce8999989d80c80fda3607dac324cbd47681c1;/home/luna/TG/java-projects/guava/guava-tests/test/com/google/common/util/concurrent/TrustedInputFutureTest.java;22;34;TrustedInputFutureTest;AbstractAbstractFutureTest;[];0;[];[GwtCompatible];
;;guava;adce8999989d80c80fda3607dac324cbd47681c1;/home/luna/TG/java-projects/guava/guava-tests/test/com/google/common/util/concurrent/TrustedListenableFutureTaskTest.java;36;171;TrustedListenableFutureTaskTest;TestCase;[];0;[];[GwtCompatible];
;;guava;adce8999989d80c80fda3607dac324cbd47681c1;/home/luna/TG/java-projects/guava/guava-tests/test/com/google/common/util/concurrent/ListenableFutureTaskTest.java;29;156;ListenableFutureTaskTest;TestCase;[];0;[];[];
;;guava;adce8999989d80c80fda3607dac324cbd47681c1;/home/luna/TG/java-projects/guava/guava-tests/test/com/google/common/util/concurrent/AtomicDoubleArrayTest.java;18;380;AtomicDoubleArrayTest;JSR166TestCase;[];0;[];[];
;;guava;adce8999989d80c80fda3607dac324cbd47681c1;/home/luna/TG/java-projects/guava/guava-tests/test/com/google/common/util/concurrent/AtomicDoubleArrayTest.java;286;308;Counter;CheckedRunnable;[];0;[];[];
;;guava;adce8999989d80c80fda3607dac324cbd47681c1;/home/luna/TG/java-projects/guava/guava-tests/test/com/google/common/util/concurrent/WrappingExecutorServiceTest.java;38;305;WrappingExecutorServiceTest;TestCase;[];0;[];[];
;;guava;adce8999989d80c80fda3607dac324cbd47681c1;/home/luna/TG/java-projects/guava/guava-tests/test/com/google/common/util/concurrent/WrappingExecutorServiceTest.java;149;160;WrappedCallable;null;[Callable<T>];1;[[T]];[];
;;guava;adce8999989d80c80fda3607dac324cbd47681c1;/home/luna/TG/java-projects/guava/guava-tests/test/com/google/common/util/concurrent/WrappingExecutorServiceTest.java;162;173;WrappedRunnable;null;[Runnable];0;[];[];
;;guava;adce8999989d80c80fda3607dac324cbd47681c1;/home/luna/TG/java-projects/guava/guava-tests/test/com/google/common/util/concurrent/WrappingExecutorServiceTest.java;175;188;TestExecutor;WrappingExecutorService;[];0;[];[];
;;guava;adce8999989d80c80fda3607dac324cbd47681c1;/home/luna/TG/java-projects/guava/guava-tests/test/com/google/common/util/concurrent/WrappingExecutorServiceTest.java;191;304;MockExecutor;null;[ExecutorService];0;[];[];
;;guava;adce8999989d80c80fda3607dac324cbd47681c1;/home/luna/TG/java-projects/guava/guava-tests/test/com/google/common/util/concurrent/FuturesTransformAsyncFunctionTest.java;28;187;FuturesTransformAsyncFunctionTest;AbstractChainedListenableFutureTest<String>;[];0;[];[];
;;guava;adce8999989d80c80fda3607dac324cbd47681c1;/home/luna/TG/java-projects/guava/guava-tests/test/com/google/common/util/concurrent/FuturesTransformAsyncFunctionTest.java;57;71;ChainingFunction;null;[AsyncFunction<Integer,String>];0;[];[];
;;guava;adce8999989d80c80fda3607dac324cbd47681c1;/home/luna/TG/java-projects/guava/guava-tests/test/com/google/common/util/concurrent/FuturesTransformAsyncFunctionTest.java;173;186;BadFuture;SimpleForwardingListenableFuture<Integer>;[];0;[];[];
;;guava;adce8999989d80c80fda3607dac324cbd47681c1;/home/luna/TG/java-projects/guava/guava-tests/test/com/google/common/util/concurrent/ListenerCallQueueTest.java;28;136;ListenerCallQueueTest;TestCase;[];0;[];[];
;;guava;adce8999989d80c80fda3607dac324cbd47681c1;/home/luna/TG/java-projects/guava/guava-tests/test/com/google/common/util/concurrent/UncheckedThrowingFuture.java;26;100;UncheckedThrowingFuture;null;[ListenableFuture<V>];1;[[V]];[GwtCompatible];
;;guava;adce8999989d80c80fda3607dac324cbd47681c1;/home/luna/TG/java-projects/guava/guava-tests/test/com/google/common/util/concurrent/SerializingExecutorTest.java;34;309;SerializingExecutorTest;TestCase;[];0;[];[];
;;guava;adce8999989d80c80fda3607dac324cbd47681c1;/home/luna/TG/java-projects/guava/guava-tests/test/com/google/common/util/concurrent/SerializingExecutorTest.java;40;60;FakeExecutor;null;[Executor];0;[];[];
;;guava;adce8999989d80c80fda3607dac324cbd47681c1;/home/luna/TG/java-projects/guava/guava-tests/test/com/google/common/util/concurrent/SerializingExecutorTest.java;161;172;FakeOp;null;[Runnable];0;[];[];
;;guava;adce8999989d80c80fda3607dac324cbd47681c1;/home/luna/TG/java-projects/guava/guava-tests/test/com/google/common/util/concurrent/SerializingExecutorTest.java;185;196;FakeOp;null;[Runnable];0;[];[];
;;guava;adce8999989d80c80fda3607dac324cbd47681c1;/home/luna/TG/java-projects/guava/guava-tests/test/com/google/common/util/concurrent/SerializingExecutorTest.java;275;275;MyError;Error;[];0;[];[];
;;guava;adce8999989d80c80fda3607dac324cbd47681c1;/home/luna/TG/java-projects/guava/guava-tests/test/com/google/common/util/concurrent/AbstractIdleServiceTest.java;29;218;AbstractIdleServiceTest;TestCase;[];0;[];[];
;;guava;adce8999989d80c80fda3607dac324cbd47681c1;/home/luna/TG/java-projects/guava/guava-tests/test/com/google/common/util/concurrent/AbstractIdleServiceTest.java;40;87;FunctionalTest;TestCase;[];0;[];[];
;;guava;adce8999989d80c80fda3607dac324cbd47681c1;/home/luna/TG/java-projects/guava/guava-tests/test/com/google/common/util/concurrent/AbstractIdleServiceTest.java;42;45;DefaultService;AbstractIdleService;[];0;[];[];
;;guava;adce8999989d80c80fda3607dac324cbd47681c1;/home/luna/TG/java-projects/guava/guava-tests/test/com/google/common/util/concurrent/AbstractIdleServiceTest.java;194;217;TestService;AbstractIdleService;[];0;[];[];
;;guava;adce8999989d80c80fda3607dac324cbd47681c1;/home/luna/TG/java-projects/guava/guava-tests/test/com/google/common/util/concurrent/ForwardingBlockingDequeTest.java;21;31;ForwardingBlockingDequeTest;TestCase;[];0;[];[];
;;guava;adce8999989d80c80fda3607dac324cbd47681c1;/home/luna/TG/java-projects/guava/guava-tests/test/com/google/common/util/concurrent/RateLimiterTest.java;41;607;RateLimiterTest;TestCase;[];0;[];[];
;;guava;adce8999989d80c80fda3607dac324cbd47681c1;/home/luna/TG/java-projects/guava/guava-tests/test/com/google/common/util/concurrent/RateLimiterTest.java;518;558;FakeStopwatch;SleepingStopwatch;[];0;[];[];
;;guava;adce8999989d80c80fda3607dac324cbd47681c1;/home/luna/TG/java-projects/guava/guava-tests/test/com/google/common/util/concurrent/CallablesTest.java;28;143;CallablesTest;TestCase;[];0;[];[GwtCompatible];
;;guava;adce8999989d80c80fda3607dac324cbd47681c1;/home/luna/TG/java-projects/guava/guava-tests/test/com/google/common/util/concurrent/CallablesTest.java;103;103;MyException;Exception;[];0;[];[];
;;guava;adce8999989d80c80fda3607dac324cbd47681c1;/home/luna/TG/java-projects/guava/guava-tests/test/com/google/common/util/concurrent/FuturesTest.java;89;3468;FuturesTest;TestCase;[];0;[];[GwtCompatible];
;;guava;adce8999989d80c80fda3607dac324cbd47681c1;/home/luna/TG/java-projects/guava/guava-tests/test/com/google/common/util/concurrent/FuturesTest.java;211;215;CallerClass1;null;[];0;[];[];
;;guava;adce8999989d80c80fda3607dac324cbd47681c1;/home/luna/TG/java-projects/guava/guava-tests/test/com/google/common/util/concurrent/FuturesTest.java;217;222;CallerClass2;null;[];0;[];[];
;;guava;adce8999989d80c80fda3607dac324cbd47681c1;/home/luna/TG/java-projects/guava/guava-tests/test/com/google/common/util/concurrent/FuturesTest.java;224;225;MyException;Exception;[];0;[];[];
;;guava;adce8999989d80c80fda3607dac324cbd47681c1;/home/luna/TG/java-projects/guava/guava-tests/test/com/google/common/util/concurrent/FuturesTest.java;273;275;Foo;null;[];0;[];[];
;;guava;adce8999989d80c80fda3607dac324cbd47681c1;/home/luna/TG/java-projects/guava/guava-tests/test/com/google/common/util/concurrent/FuturesTest.java;277;279;FooChild;Foo;[];0;[];[];
;;guava;adce8999989d80c80fda3607dac324cbd47681c1;/home/luna/TG/java-projects/guava/guava-tests/test/com/google/common/util/concurrent/FuturesTest.java;281;283;Bar;null;[];0;[];[];
;;guava;adce8999989d80c80fda3607dac324cbd47681c1;/home/luna/TG/java-projects/guava/guava-tests/test/com/google/common/util/concurrent/FuturesTest.java;285;287;BarChild;Bar;[];0;[];[];
;;guava;adce8999989d80c80fda3607dac324cbd47681c1;/home/luna/TG/java-projects/guava/guava-tests/test/com/google/common/util/concurrent/FuturesTest.java;339;347;Transformer;null;[Function<Object,Object>];0;[];[];
;;guava;adce8999989d80c80fda3607dac324cbd47681c1;/home/luna/TG/java-projects/guava/guava-tests/test/com/google/common/util/concurrent/FuturesTest.java;359;367;Transformer;null;[Function<Object,Object>];0;[];[];
;;guava;adce8999989d80c80fda3607dac324cbd47681c1;/home/luna/TG/java-projects/guava/guava-tests/test/com/google/common/util/concurrent/FuturesTest.java;565;573;Transformer;null;[AsyncFunction<Object,Object>];0;[];[];
;;guava;adce8999989d80c80fda3607dac324cbd47681c1;/home/luna/TG/java-projects/guava/guava-tests/test/com/google/common/util/concurrent/FuturesTest.java;585;593;Transformer;null;[AsyncFunction<Object,Object>];0;[];[];
;;guava;adce8999989d80c80fda3607dac324cbd47681c1;/home/luna/TG/java-projects/guava/guava-tests/test/com/google/common/util/concurrent/FuturesTest.java;680;683;Holder;null;[];0;[];[];
;;guava;adce8999989d80c80fda3607dac324cbd47681c1;/home/luna/TG/java-projects/guava/guava-tests/test/com/google/common/util/concurrent/FuturesTest.java;724;726;MyError;Error;[];0;[];[];
;;guava;adce8999989d80c80fda3607dac324cbd47681c1;/home/luna/TG/java-projects/guava/guava-tests/test/com/google/common/util/concurrent/FuturesTest.java;728;730;MyRuntimeException;RuntimeException;[];0;[];[];
;;guava;adce8999989d80c80fda3607dac324cbd47681c1;/home/luna/TG/java-projects/guava/guava-tests/test/com/google/common/util/concurrent/FuturesTest.java;814;828;ExecutorSpy;null;[Executor];0;[];[];
;;guava;adce8999989d80c80fda3607dac324cbd47681c1;/home/luna/TG/java-projects/guava/guava-tests/test/com/google/common/util/concurrent/FuturesTest.java;881;898;FunctionSpy;null;[Function<I,O>];2;[[I, O], [I, O]];[];
;;guava;adce8999989d80c80fda3607dac324cbd47681c1;/home/luna/TG/java-projects/guava/guava-tests/test/com/google/common/util/concurrent/FuturesTest.java;913;930;AsyncFunctionSpy;null;[AsyncFunction<X,V>];2;[[X extends Throwable, V], [X extends Throwable, V]];[];
;;guava;adce8999989d80c80fda3607dac324cbd47681c1;/home/luna/TG/java-projects/guava/guava-tests/test/com/google/common/util/concurrent/FuturesTest.java;1319;1327;Fallback;null;[Function<Throwable,Object>];0;[];[];
;;guava;adce8999989d80c80fda3607dac324cbd47681c1;/home/luna/TG/java-projects/guava/guava-tests/test/com/google/common/util/concurrent/FuturesTest.java;1339;1347;Fallback;null;[Function<Throwable,Object>];0;[];[];
;;guava;adce8999989d80c80fda3607dac324cbd47681c1;/home/luna/TG/java-projects/guava/guava-tests/test/com/google/common/util/concurrent/FuturesTest.java;1451;1459;Fallback;null;[AsyncFunction<Throwable,Object>];0;[];[];
;;guava;adce8999989d80c80fda3607dac324cbd47681c1;/home/luna/TG/java-projects/guava/guava-tests/test/com/google/common/util/concurrent/FuturesTest.java;1471;1479;Fallback;null;[AsyncFunction<Throwable,Object>];0;[];[];
;;guava;adce8999989d80c80fda3607dac324cbd47681c1;/home/luna/TG/java-projects/guava/guava-tests/test/com/google/common/util/concurrent/FuturesTest.java;1774;1804;SingleCallListener;null;[Runnable];0;[];[];
;;guava;adce8999989d80c80fda3607dac324cbd47681c1;/home/luna/TG/java-projects/guava/guava-tests/test/com/google/common/util/concurrent/FuturesTest.java;2359;2361;PartialResultException;Exception;[];0;[];[];
;;guava;adce8999989d80c80fda3607dac324cbd47681c1;/home/luna/TG/java-projects/guava/guava-tests/test/com/google/common/util/concurrent/FuturesTest.java;2392;2410;TestFuture;null;[];0;[];[GwtIncompatible];
;;guava;adce8999989d80c80fda3607dac324cbd47681c1;/home/luna/TG/java-projects/guava/guava-tests/test/com/google/common/util/concurrent/FuturesTest.java;2412;2599;TestFutureBatch;null;[];0;[];[GwtIncompatible];
;;guava;adce8999989d80c80fda3607dac324cbd47681c1;/home/luna/TG/java-projects/guava/guava-tests/test/com/google/common/util/concurrent/FuturesTest.java;2601;2625;Merger;null;[];0;[];[GwtIncompatible];
;;guava;adce8999989d80c80fda3607dac324cbd47681c1;/home/luna/TG/java-projects/guava/guava-tests/test/com/google/common/util/concurrent/FuturesTest.java;3073;3079;TestException;Exception;[];0;[];[GwtIncompatible];
;;guava;adce8999989d80c80fda3607dac324cbd47681c1;/home/luna/TG/java-projects/guava/guava-tests/test/com/google/common/util/concurrent/FuturesTest.java;3303;3304;MapperFunction;null;[Function<Throwable,Exception>];0;[];[GwtIncompatible];
;;guava;adce8999989d80c80fda3607dac324cbd47681c1;/home/luna/TG/java-projects/guava/guava-tests/test/com/google/common/util/concurrent/AbstractFutureBenchmarks.java;30;440;AbstractFutureBenchmarks;null;[];0;[];[];
;;guava;adce8999989d80c80fda3607dac324cbd47681c1;/home/luna/TG/java-projects/guava/guava-tests/test/com/google/common/util/concurrent/AbstractFutureBenchmarks.java;36;42;Facade;null;[ListenableFuture<T>];1;[[T]];[];
;;guava;adce8999989d80c80fda3607dac324cbd47681c1;/home/luna/TG/java-projects/guava/guava-tests/test/com/google/common/util/concurrent/AbstractFutureBenchmarks.java;44;56;NewAbstractFutureFacade;AbstractFuture<T>;[Facade<T>];1;[[T]];[];
;;guava;adce8999989d80c80fda3607dac324cbd47681c1;/home/luna/TG/java-projects/guava/guava-tests/test/com/google/common/util/concurrent/AbstractFutureBenchmarks.java;58;71;OldAbstractFutureFacade;OldAbstractFuture<T>;[Facade<T>];1;[[T]];[];
;;guava;adce8999989d80c80fda3607dac324cbd47681c1;/home/luna/TG/java-projects/guava/guava-tests/test/com/google/common/util/concurrent/AbstractFutureBenchmarks.java;104;439;OldAbstractFuture;null;[ListenableFuture<V>];1;[[V]];[];
;;guava;adce8999989d80c80fda3607dac324cbd47681c1;/home/luna/TG/java-projects/guava/guava-tests/test/com/google/common/util/concurrent/AbstractFutureBenchmarks.java;251;431;Sync;AbstractQueuedSynchronizer;[];1;[[V]];[];
;;guava;adce8999989d80c80fda3607dac324cbd47681c1;/home/luna/TG/java-projects/guava/guava-tests/test/com/google/common/util/concurrent/SettableFutureTest.java;25;225;SettableFutureTest;TestCase;[];0;[];[];
;;guava;adce8999989d80c80fda3607dac324cbd47681c1;/home/luna/TG/java-projects/guava/guava-tests/test/com/google/common/util/concurrent/SettableFutureTest.java;137;137;Foo;null;[];0;[];[];
;;guava;adce8999989d80c80fda3607dac324cbd47681c1;/home/luna/TG/java-projects/guava/guava-tests/test/com/google/common/util/concurrent/SettableFutureTest.java;138;138;FooChild;Foo;[];0;[];[];
;;guava;adce8999989d80c80fda3607dac324cbd47681c1;/home/luna/TG/java-projects/guava/guava-tests/test/com/google/common/util/concurrent/ServiceTest.java;29;56;ServiceTest;TestCase;[];0;[];[];
;;guava;adce8999989d80c80fda3607dac324cbd47681c1;/home/luna/TG/java-projects/guava/guava-tests/test/com/google/common/util/concurrent/SupplementalMonitorTest.java;28;143;SupplementalMonitorTest;TestCase;[];0;[];[];
;;guava;adce8999989d80c80fda3607dac324cbd47681c1;/home/luna/TG/java-projects/guava/guava-tests/test/com/google/common/util/concurrent/ListenableFutureTester.java;34;110;ListenableFutureTester;null;[];0;[];[];
;;guava;adce8999989d80c80fda3607dac324cbd47681c1;/home/luna/TG/java-projects/guava/guava-tests/test/com/google/common/util/concurrent/StripedTest.java;41;206;StripedTest;TestCase;[];0;[];[];
;;guava;adce8999989d80c80fda3607dac324cbd47681c1;/home/luna/TG/java-projects/guava/guava-tests/test/com/google/common/util/concurrent/FuturesTransformAsyncTest.java;27;186;FuturesTransformAsyncTest;AbstractChainedListenableFutureTest<String>;[];0;[];[];
;;guava;adce8999989d80c80fda3607dac324cbd47681c1;/home/luna/TG/java-projects/guava/guava-tests/test/com/google/common/util/concurrent/FuturesTransformAsyncTest.java;56;70;ChainingFunction;null;[AsyncFunction<Integer,String>];0;[];[];
;;guava;adce8999989d80c80fda3607dac324cbd47681c1;/home/luna/TG/java-projects/guava/guava-tests/test/com/google/common/util/concurrent/FuturesTransformAsyncTest.java;172;185;BadFuture;SimpleForwardingListenableFuture<Integer>;[];0;[];[];
;;guava;adce8999989d80c80fda3607dac324cbd47681c1;/home/luna/TG/java-projects/guava/guava-tests/test/com/google/common/util/concurrent/ForwardingListenableFutureTest.java;21;30;ForwardingListenableFutureTest;TestCase;[];0;[];[];
;;guava;adce8999989d80c80fda3607dac324cbd47681c1;/home/luna/TG/java-projects/guava/guava-tests/test/com/google/common/util/concurrent/AsyncSettableFutureTest.java;26;193;AsyncSettableFutureTest;TestCase;[];0;[];[];
;;guava;adce8999989d80c80fda3607dac324cbd47681c1;/home/luna/TG/java-projects/guava/guava-tests/test/com/google/common/util/concurrent/AsyncSettableFutureTest.java;33;33;Foo;null;[];0;[];[];
;;guava;adce8999989d80c80fda3607dac324cbd47681c1;/home/luna/TG/java-projects/guava/guava-tests/test/com/google/common/util/concurrent/AsyncSettableFutureTest.java;34;34;FooChild;Foo;[];0;[];[];
;;guava;adce8999989d80c80fda3607dac324cbd47681c1;/home/luna/TG/java-projects/guava/guava-tests/test/com/google/common/util/concurrent/AsyncSettableFutureTest.java;187;192;MyFuture;AbstractFuture<V>;[];1;[[V]];[];
;;guava;adce8999989d80c80fda3607dac324cbd47681c1;/home/luna/TG/java-projects/guava/guava-tests/test/com/google/common/util/concurrent/FuturesGetUncheckedTest.java;35;117;FuturesGetUncheckedTest;TestCase;[];0;[];[];
;;guava;adce8999989d80c80fda3607dac324cbd47681c1;/home/luna/TG/java-projects/guava/guava-tests/test/com/google/common/util/concurrent/AbstractChainedListenableFutureTest.java;24;96;AbstractChainedListenableFutureTest;TestCase;[];1;[[T]];[];
;;guava;adce8999989d80c80fda3607dac324cbd47681c1;/home/luna/TG/java-projects/guava/guava-tests/test/com/google/common/util/concurrent/AbstractExecutionThreadServiceTest.java;34;405;AbstractExecutionThreadServiceTest;TestCase;[];0;[];[];
;;guava;adce8999989d80c80fda3607dac324cbd47681c1;/home/luna/TG/java-projects/guava/guava-tests/test/com/google/common/util/concurrent/AbstractExecutionThreadServiceTest.java;118;162;WaitOnRunService;AbstractExecutionThreadService;[];0;[];[];
;;guava;adce8999989d80c80fda3607dac324cbd47681c1;/home/luna/TG/java-projects/guava/guava-tests/test/com/google/common/util/concurrent/AbstractExecutionThreadServiceTest.java;182;197;ThrowOnStartUpService;AbstractExecutionThreadService;[];0;[];[];
;;guava;adce8999989d80c80fda3607dac324cbd47681c1;/home/luna/TG/java-projects/guava/guava-tests/test/com/google/common/util/concurrent/AbstractExecutionThreadServiceTest.java;233;251;ThrowOnRunService;AbstractExecutionThreadService;[];0;[];[];
;;guava;adce8999989d80c80fda3607dac324cbd47681c1;/home/luna/TG/java-projects/guava/guava-tests/test/com/google/common/util/concurrent/AbstractExecutionThreadServiceTest.java;267;283;ThrowOnShutDown;AbstractExecutionThreadService;[];0;[];[];
;;guava;adce8999989d80c80fda3607dac324cbd47681c1;/home/luna/TG/java-projects/guava/guava-tests/test/com/google/common/util/concurrent/AbstractExecutionThreadServiceTest.java;296;307;TimeoutOnStartUp;AbstractExecutionThreadService;[];0;[];[];
;;guava;adce8999989d80c80fda3607dac324cbd47681c1;/home/luna/TG/java-projects/guava/guava-tests/test/com/google/common/util/concurrent/AbstractExecutionThreadServiceTest.java;364;404;FakeService;AbstractExecutionThreadService;[TearDown];0;[];[];
;;guava;adce8999989d80c80fda3607dac324cbd47681c1;/home/luna/TG/java-projects/guava/guava-tests/test/com/google/common/util/concurrent/AbstractFutureCancellationCauseTest.java;24;91;AbstractFutureCancellationCauseTest;TestCase;[];0;[];[];
;;guava;adce8999989d80c80fda3607dac324cbd47681c1;/home/luna/TG/java-projects/guava/guava-tests/test/com/google/common/util/concurrent/UninterruptibleMonitorTest.java;19;31;UninterruptibleMonitorTest;MonitorTestCase;[];0;[];[];
;;guava;adce8999989d80c80fda3607dac324cbd47681c1;/home/luna/TG/java-projects/guava/guava-tests/test/com/google/common/util/concurrent/ForwardingServiceTest.java;21;28;ForwardingServiceTest;TestCase;[];0;[];[];
;;guava;adce8999989d80c80fda3607dac324cbd47681c1;/home/luna/TG/java-projects/guava/guava-tests/test/com/google/common/util/concurrent/UninterruptibleFutureTest.java;37;292;UninterruptibleFutureTest;TestCase;[];0;[];[];
;;guava;adce8999989d80c80fda3607dac324cbd47681c1;/home/luna/TG/java-projects/guava/guava-tests/test/com/google/common/util/concurrent/UninterruptibleFutureTest.java;136;152;SleepingRunnable;null;[Runnable];0;[];[];
;;guava;adce8999989d80c80fda3607dac324cbd47681c1;/home/luna/TG/java-projects/guava/guava-tests/test/com/google/common/util/concurrent/ServiceManagerTest.java;44;579;ServiceManagerTest;TestCase;[];0;[];[];
;;guava;adce8999989d80c80fda3607dac324cbd47681c1;/home/luna/TG/java-projects/guava/guava-tests/test/com/google/common/util/concurrent/ServiceManagerTest.java;52;60;NoOpService;AbstractService;[];0;[];[];
;;guava;adce8999989d80c80fda3607dac324cbd47681c1;/home/luna/TG/java-projects/guava/guava-tests/test/com/google/common/util/concurrent/ServiceManagerTest.java;66;90;NoOpDelayedService;NoOpService;[];0;[];[];
;;guava;adce8999989d80c80fda3607dac324cbd47681c1;/home/luna/TG/java-projects/guava/guava-tests/test/com/google/common/util/concurrent/ServiceManagerTest.java;92;96;FailStartService;NoOpService;[];0;[];[];
;;guava;adce8999989d80c80fda3607dac324cbd47681c1;/home/luna/TG/java-projects/guava/guava-tests/test/com/google/common/util/concurrent/ServiceManagerTest.java;98;103;FailRunService;NoOpService;[];0;[];[];
;;guava;adce8999989d80c80fda3607dac324cbd47681c1;/home/luna/TG/java-projects/guava/guava-tests/test/com/google/common/util/concurrent/ServiceManagerTest.java;105;109;FailStopService;NoOpService;[];0;[];[];
;;guava;adce8999989d80c80fda3607dac324cbd47681c1;/home/luna/TG/java-projects/guava/guava-tests/test/com/google/common/util/concurrent/ServiceManagerTest.java;529;553;SnappyShutdownService;AbstractExecutionThreadService;[];0;[];[];
;;guava;adce8999989d80c80fda3607dac324cbd47681c1;/home/luna/TG/java-projects/guava/guava-tests/test/com/google/common/util/concurrent/ServiceManagerTest.java;562;578;RecordingListener;ServiceManager.Listener;[];0;[];[];
;;guava;adce8999989d80c80fda3607dac324cbd47681c1;/home/luna/TG/java-projects/guava/guava-tests/test/com/google/common/util/concurrent/ExecutionListTest.java;29;149;ExecutionListTest;TestCase;[];0;[];[];
;;guava;adce8999989d80c80fda3607dac324cbd47681c1;/home/luna/TG/java-projects/guava/guava-tests/test/com/google/common/util/concurrent/ExecutionListTest.java;122;132;MockRunnable;null;[Runnable];0;[];[];
;;guava;adce8999989d80c80fda3607dac324cbd47681c1;/home/luna/TG/java-projects/guava/guava-tests/test/com/google/common/util/concurrent/TestThread.java;34;293;TestThread;Thread;[TearDown];1;[[L]];[];
;;guava;adce8999989d80c80fda3607dac324cbd47681c1;/home/luna/TG/java-projects/guava/guava-tests/test/com/google/common/util/concurrent/TestThread.java;260;268;Request;null;[];0;[];[];
;;guava;adce8999989d80c80fda3607dac324cbd47681c1;/home/luna/TG/java-projects/guava/guava-tests/test/com/google/common/util/concurrent/TestThread.java;270;292;Response;null;[];0;[];[];
;;guava;adce8999989d80c80fda3607dac324cbd47681c1;/home/luna/TG/java-projects/guava/guava-tests/test/com/google/common/util/concurrent/ForwardingListeningExecutorServiceTest.java;21;28;ForwardingListeningExecutorServiceTest;TestCase;[];0;[];[];
;;guava;adce8999989d80c80fda3607dac324cbd47681c1;/home/luna/TG/java-projects/guava/guava-tests/test/com/google/common/util/concurrent/MonitorTestCase.java;25;243;MonitorTestCase;TestCase;[];0;[];[];
;;guava;adce8999989d80c80fda3607dac324cbd47681c1;/home/luna/TG/java-projects/guava/guava-tests/test/com/google/common/util/concurrent/MonitorTestCase.java;33;48;TestGuard;Monitor.Guard;[];0;[];[];
;;guava;adce8999989d80c80fda3607dac324cbd47681c1;/home/luna/TG/java-projects/guava/guava-tests/test/com/google/common/util/concurrent/SimpleTimeLimiterTest.java;25;214;SimpleTimeLimiterTest;TestCase;[];0;[];[];
;;guava;adce8999989d80c80fda3607dac324cbd47681c1;/home/luna/TG/java-projects/guava/guava-tests/test/com/google/common/util/concurrent/SimpleTimeLimiterTest.java;179;182;Sample;null;[];0;[];[];
;;guava;adce8999989d80c80fda3607dac324cbd47681c1;/home/luna/TG/java-projects/guava/guava-tests/test/com/google/common/util/concurrent/SimpleTimeLimiterTest.java;184;185;SampleException;Exception;[];0;[];[SuppressWarnings];
;;guava;adce8999989d80c80fda3607dac324cbd47681c1;/home/luna/TG/java-projects/guava/guava-tests/test/com/google/common/util/concurrent/SimpleTimeLimiterTest.java;187;213;SampleImpl;null;[Sample];0;[];[];
;;guava;adce8999989d80c80fda3607dac324cbd47681c1;/home/luna/TG/java-projects/guava/guava-tests/test/com/google/common/util/concurrent/AbstractScheduledServiceTest.java;43;601;AbstractScheduledServiceTest;TestCase;[];0;[];[];
;;guava;adce8999989d80c80fda3607dac324cbd47681c1;/home/luna/TG/java-projects/guava/guava-tests/test/com/google/common/util/concurrent/AbstractScheduledServiceTest.java;74;78;NullService;AbstractScheduledService;[];0;[];[];
;;guava;adce8999989d80c80fda3607dac324cbd47681c1;/home/luna/TG/java-projects/guava/guava-tests/test/com/google/common/util/concurrent/AbstractScheduledServiceTest.java;272;330;TestService;AbstractScheduledService;[];0;[];[];
;;guava;adce8999989d80c80fda3607dac324cbd47681c1;/home/luna/TG/java-projects/guava/guava-tests/test/com/google/common/util/concurrent/AbstractScheduledServiceTest.java;332;600;SchedulerTest;TestCase;[];0;[];[];
;;guava;adce8999989d80c80fda3607dac324cbd47681c1;/home/luna/TG/java-projects/guava/guava-tests/test/com/google/common/util/concurrent/AbstractScheduledServiceTest.java;428;435;TestCustomScheduler;AbstractScheduledService.CustomScheduler;[];0;[];[];
;;guava;adce8999989d80c80fda3607dac324cbd47681c1;/home/luna/TG/java-projects/guava/guava-tests/test/com/google/common/util/concurrent/AbstractScheduledServiceTest.java;528;554;TestAbstractScheduledCustomService;AbstractScheduledService;[];0;[];[];
;;guava;adce8999989d80c80fda3607dac324cbd47681c1;/home/luna/TG/java-projects/guava/guava-tests/test/com/google/common/util/concurrent/AbstractScheduledServiceTest.java;573;599;TestFailingCustomScheduledService;AbstractScheduledService;[];0;[];[];
;;guava;adce8999989d80c80fda3607dac324cbd47681c1;/home/luna/TG/java-projects/guava/guava-tests/test/com/google/common/util/concurrent/CycleDetectingLockFactoryTest.java;32;576;CycleDetectingLockFactoryTest;TestCase;[];0;[];[];
;;guava;adce8999989d80c80fda3607dac324cbd47681c1;/home/luna/TG/java-projects/guava/guava-tests/test/com/google/common/util/concurrent/CycleDetectingLockFactoryTest.java;504;535;LockingThread;Thread;[];0;[];[];
;;guava;adce8999989d80c80fda3607dac324cbd47681c1;/home/luna/TG/java-projects/guava/guava-tests/test/com/google/common/util/concurrent/TestPlatform.java;35;85;TestPlatform;null;[];0;[];[GwtCompatible];
;;guava;adce8999989d80c80fda3607dac324cbd47681c1;/home/luna/TG/java-projects/guava/guava-tests/test/com/google/common/util/concurrent/AbstractServiceTest.java;38;948;AbstractServiceTest;TestCase;[];0;[];[];
;;guava;adce8999989d80c80fda3607dac324cbd47681c1;/home/luna/TG/java-projects/guava/guava-tests/test/com/google/common/util/concurrent/AbstractServiceTest.java;152;166;NoOpService;AbstractService;[];0;[];[];
;;guava;adce8999989d80c80fda3607dac324cbd47681c1;/home/luna/TG/java-projects/guava/guava-tests/test/com/google/common/util/concurrent/AbstractServiceTest.java;326;343;ManualSwitchedService;AbstractService;[];0;[];[];
;;guava;adce8999989d80c80fda3607dac324cbd47681c1;/home/luna/TG/java-projects/guava/guava-tests/test/com/google/common/util/concurrent/AbstractServiceTest.java;474;513;ThreadedService;AbstractService;[];0;[];[];
;;guava;adce8999989d80c80fda3607dac324cbd47681c1;/home/luna/TG/java-projects/guava/guava-tests/test/com/google/common/util/concurrent/AbstractServiceTest.java;734;742;NoOpThreadedService;AbstractExecutionThreadService;[];0;[];[];
;;guava;adce8999989d80c80fda3607dac324cbd47681c1;/home/luna/TG/java-projects/guava/guava-tests/test/com/google/common/util/concurrent/AbstractServiceTest.java;744;752;StartFailingService;AbstractService;[];0;[];[];
;;guava;adce8999989d80c80fda3607dac324cbd47681c1;/home/luna/TG/java-projects/guava/guava-tests/test/com/google/common/util/concurrent/AbstractServiceTest.java;754;763;RunFailingService;AbstractService;[];0;[];[];
;;guava;adce8999989d80c80fda3607dac324cbd47681c1;/home/luna/TG/java-projects/guava/guava-tests/test/com/google/common/util/concurrent/AbstractServiceTest.java;765;773;StopFailingService;AbstractService;[];0;[];[];
;;guava;adce8999989d80c80fda3607dac324cbd47681c1;/home/luna/TG/java-projects/guava/guava-tests/test/com/google/common/util/concurrent/AbstractServiceTest.java;775;786;StartThrowingService;AbstractService;[];0;[];[];
;;guava;adce8999989d80c80fda3607dac324cbd47681c1;/home/luna/TG/java-projects/guava/guava-tests/test/com/google/common/util/concurrent/AbstractServiceTest.java;788;800;RunThrowingService;AbstractService;[];0;[];[];
;;guava;adce8999989d80c80fda3607dac324cbd47681c1;/home/luna/TG/java-projects/guava/guava-tests/test/com/google/common/util/concurrent/AbstractServiceTest.java;802;813;StopThrowingService;AbstractService;[];0;[];[];
;;guava;adce8999989d80c80fda3607dac324cbd47681c1;/home/luna/TG/java-projects/guava/guava-tests/test/com/google/common/util/concurrent/AbstractServiceTest.java;815;906;RecordingListener;Listener;[];0;[];[];
;;guava;adce8999989d80c80fda3607dac324cbd47681c1;/home/luna/TG/java-projects/guava/guava-tests/test/com/google/common/util/concurrent/AbstractServiceTest.java;942;945;DefaultService;AbstractService;[];0;[];[];
;;guava;adce8999989d80c80fda3607dac324cbd47681c1;/home/luna/TG/java-projects/guava/guava-tests/test/com/google/common/util/concurrent/UncaughtExceptionHandlersTest.java;25;41;UncaughtExceptionHandlersTest;TestCase;[];0;[];[];
;;guava;adce8999989d80c80fda3607dac324cbd47681c1;/home/luna/TG/java-projects/guava/guava-tests/test/com/google/common/util/concurrent/FutureCallbackTest.java;29;182;FutureCallbackTest;TestCase;[];0;[];[GwtCompatible];
;;guava;adce8999989d80c80fda3607dac324cbd47681c1;/home/luna/TG/java-projects/guava/guava-tests/test/com/google/common/util/concurrent/FutureCallbackTest.java;114;114;TestError;Error;[];0;[];[];
;;guava;adce8999989d80c80fda3607dac324cbd47681c1;/home/luna/TG/java-projects/guava/guava-tests/test/com/google/common/util/concurrent/FutureCallbackTest.java;146;153;CountingSameThreadExecutor;null;[Executor];0;[];[];
;;guava;adce8999989d80c80fda3607dac324cbd47681c1;/home/luna/TG/java-projects/guava/guava-tests/test/com/google/common/util/concurrent/FutureCallbackTest.java;155;181;MockCallback;null;[FutureCallback<String>];0;[];[];
;;guava;adce8999989d80c80fda3607dac324cbd47681c1;/home/luna/TG/java-projects/guava/guava-tests/test/com/google/common/util/concurrent/FuturesGetCheckedTest.java;51;386;FuturesGetCheckedTest;TestCase;[];0;[];[];
;;guava;adce8999989d80c80fda3607dac324cbd47681c1;/home/luna/TG/java-projects/guava/guava-tests/test/com/google/common/util/concurrent/FuturesGetCheckedTest.java;355;355;WillBeUnloadedException;Exception;[];0;[];[];
;;guava;adce8999989d80c80fda3607dac324cbd47681c1;/home/luna/TG/java-projects/guava/guava-tests/test/com/google/common/util/concurrent/ExecutionQueueTest.java;30;157;ExecutionQueueTest;TestCase;[];0;[];[];
;;guava;adce8999989d80c80fda3607dac324cbd47681c1;/home/luna/TG/java-projects/guava/guava-tests/test/com/google/common/util/concurrent/ExecutionQueueTest.java;146;156;CountDownRunnable;null;[Runnable];0;[];[];
;;guava;adce8999989d80c80fda3607dac324cbd47681c1;/home/luna/TG/java-projects/guava/guava-tests/test/com/google/common/util/concurrent/ForwardingObjectTesterTest.java;22;55;ForwardingObjectTesterTest;TestCase;[];0;[];[];
;;guava;adce8999989d80c80fda3607dac324cbd47681c1;/home/luna/TG/java-projects/guava/guava-tests/test/com/google/common/util/concurrent/ForwardingObjectTesterTest.java;45;47;FailToForward;ForwardingObject;[Runnable];0;[];[];
;;guava;adce8999989d80c80fda3607dac324cbd47681c1;/home/luna/TG/java-projects/guava/guava-tests/test/com/google/common/util/concurrent/ForwardingObjectTesterTest.java;49;54;ForwardToDelegate;ForwardingObject;[Runnable];0;[];[];
;;guava;adce8999989d80c80fda3607dac324cbd47681c1;/home/luna/TG/java-projects/guava/guava-tests/test/com/google/common/util/concurrent/InterruptibleMonitorTest.java;19;31;InterruptibleMonitorTest;MonitorTestCase;[];0;[];[];
;;guava;adce8999989d80c80fda3607dac324cbd47681c1;/home/luna/TG/java-projects/guava/guava-tests/test/com/google/common/util/concurrent/GeneratedMonitorTest.java;36;787;GeneratedMonitorTest;TestCase;[];0;[];[];
;;guava;adce8999989d80c80fda3607dac324cbd47681c1;/home/luna/TG/java-projects/guava/guava-tests/test/com/google/common/util/concurrent/GeneratedMonitorTest.java;431;451;FlagGuard;Monitor.Guard;[];0;[];[];
;;guava;adce8999989d80c80fda3607dac324cbd47681c1;/home/luna/TG/java-projects/guava/guava-tests/test/com/google/common/util/concurrent/ForwardingObjectTester.java;30;75;ForwardingObjectTester;null;[];0;[];[];
;;guava;adce8999989d80c80fda3607dac324cbd47681c1;/home/luna/TG/java-projects/guava/guava-tests/test/com/google/common/util/concurrent/ThreadFactoryBuilderTest.java;28;219;ThreadFactoryBuilderTest;TestCase;[];0;[];[];
;;guava;adce8999989d80c80fda3607dac324cbd47681c1;/home/luna/TG/java-projects/guava/guava-tests/test/com/google/common/util/concurrent/ForwardingCheckedFutureTest.java;21;30;ForwardingCheckedFutureTest;TestCase;[];0;[];[];
;;guava;adce8999989d80c80fda3607dac324cbd47681c1;/home/luna/TG/java-projects/guava/guava-tests/test/com/google/common/util/concurrent/JdkFutureAdaptersTest.java;38;254;JdkFutureAdaptersTest;TestCase;[];0;[];[];
;;guava;adce8999989d80c80fda3607dac324cbd47681c1;/home/luna/TG/java-projects/guava/guava-tests/test/com/google/common/util/concurrent/JdkFutureAdaptersTest.java;145;164;NonListenableSettableFuture;ForwardingFuture<V>;[];1;[[V]];[];
;;guava;adce8999989d80c80fda3607dac324cbd47681c1;/home/luna/TG/java-projects/guava/guava-tests/test/com/google/common/util/concurrent/JdkFutureAdaptersTest.java;166;205;RuntimeExceptionThrowingFuture;null;[Future<V>];1;[[V]];[];
;;guava;adce8999989d80c80fda3607dac324cbd47681c1;/home/luna/TG/java-projects/guava/guava-tests/test/com/google/common/util/concurrent/JdkFutureAdaptersTest.java;207;216;RecordingRunnable;null;[Runnable];0;[];[];
;;guava;adce8999989d80c80fda3607dac324cbd47681c1;/home/luna/TG/java-projects/guava/guava-tests/test/com/google/common/util/concurrent/FuturesTransformTest.java;22;57;FuturesTransformTest;AbstractChainedListenableFutureTest<String>;[];0;[];[];
;;guava;adce8999989d80c80fda3607dac324cbd47681c1;/home/luna/TG/java-projects/guava/guava-tests/test/com/google/common/util/concurrent/FuturesTransformTest.java;41;51;ComposeFunction;null;[Function<Integer,String>];0;[];[];
;;guava;adce8999989d80c80fda3607dac324cbd47681c1;/home/luna/TG/java-projects/guava/guava-tests/test/com/google/common/util/concurrent/JSR166TestCase.java;51;1240;JSR166TestCase;TestCase;[];0;[];[];
;;guava;adce8999989d80c80fda3607dac324cbd47681c1;/home/luna/TG/java-projects/guava/guava-tests/test/com/google/common/util/concurrent/JSR166TestCase.java;673;695;AdjustablePolicy;java.security.Policy;[];0;[];[];
;;guava;adce8999989d80c80fda3607dac324cbd47681c1;/home/luna/TG/java-projects/guava/guava-tests/test/com/google/common/util/concurrent/JSR166TestCase.java;809;819;CheckedRunnable;null;[Runnable];0;[];[];
;;guava;adce8999989d80c80fda3607dac324cbd47681c1;/home/luna/TG/java-projects/guava/guava-tests/test/com/google/common/util/concurrent/JSR166TestCase.java;821;839;RunnableShouldThrow;null;[Runnable];0;[];[];
;;guava;adce8999989d80c80fda3607dac324cbd47681c1;/home/luna/TG/java-projects/guava/guava-tests/test/com/google/common/util/concurrent/JSR166TestCase.java;841;859;ThreadShouldThrow;Thread;[];0;[];[];
;;guava;adce8999989d80c80fda3607dac324cbd47681c1;/home/luna/TG/java-projects/guava/guava-tests/test/com/google/common/util/concurrent/JSR166TestCase.java;861;874;CheckedInterruptedRunnable;null;[Runnable];0;[];[];
;;guava;adce8999989d80c80fda3607dac324cbd47681c1;/home/luna/TG/java-projects/guava/guava-tests/test/com/google/common/util/concurrent/JSR166TestCase.java;876;887;CheckedCallable;null;[Callable<T>];1;[[T]];[];
;;guava;adce8999989d80c80fda3607dac324cbd47681c1;/home/luna/TG/java-projects/guava/guava-tests/test/com/google/common/util/concurrent/JSR166TestCase.java;889;905;CheckedInterruptedCallable;null;[Callable<T>];1;[[T]];[];
;;guava;adce8999989d80c80fda3607dac324cbd47681c1;/home/luna/TG/java-projects/guava/guava-tests/test/com/google/common/util/concurrent/JSR166TestCase.java;907;909;NoOpRunnable;null;[Runnable];0;[];[];
;;guava;adce8999989d80c80fda3607dac324cbd47681c1;/home/luna/TG/java-projects/guava/guava-tests/test/com/google/common/util/concurrent/JSR166TestCase.java;911;913;NoOpCallable;null;[Callable];0;[];[];
;;guava;adce8999989d80c80fda3607dac324cbd47681c1;/home/luna/TG/java-projects/guava/guava-tests/test/com/google/common/util/concurrent/JSR166TestCase.java;917;919;StringTask;null;[Callable<String>];0;[];[];
;;guava;adce8999989d80c80fda3607dac324cbd47681c1;/home/luna/TG/java-projects/guava/guava-tests/test/com/google/common/util/concurrent/JSR166TestCase.java;973;975;NPETask;null;[Callable<String>];0;[];[];
;;guava;adce8999989d80c80fda3607dac324cbd47681c1;/home/luna/TG/java-projects/guava/guava-tests/test/com/google/common/util/concurrent/JSR166TestCase.java;977;979;CallableOne;null;[Callable<Integer>];0;[];[];
;;guava;adce8999989d80c80fda3607dac324cbd47681c1;/home/luna/TG/java-projects/guava/guava-tests/test/com/google/common/util/concurrent/JSR166TestCase.java;981;985;ShortRunnable;CheckedRunnable;[];0;[];[];
;;guava;adce8999989d80c80fda3607dac324cbd47681c1;/home/luna/TG/java-projects/guava/guava-tests/test/com/google/common/util/concurrent/JSR166TestCase.java;987;991;ShortInterruptedRunnable;CheckedInterruptedRunnable;[];0;[];[];
;;guava;adce8999989d80c80fda3607dac324cbd47681c1;/home/luna/TG/java-projects/guava/guava-tests/test/com/google/common/util/concurrent/JSR166TestCase.java;993;997;SmallRunnable;CheckedRunnable;[];0;[];[];
;;guava;adce8999989d80c80fda3607dac324cbd47681c1;/home/luna/TG/java-projects/guava/guava-tests/test/com/google/common/util/concurrent/JSR166TestCase.java;999;1005;SmallPossiblyInterruptedRunnable;CheckedRunnable;[];0;[];[];
;;guava;adce8999989d80c80fda3607dac324cbd47681c1;/home/luna/TG/java-projects/guava/guava-tests/test/com/google/common/util/concurrent/JSR166TestCase.java;1007;1012;SmallCallable;CheckedCallable;[];0;[];[];
;;guava;adce8999989d80c80fda3607dac324cbd47681c1;/home/luna/TG/java-projects/guava/guava-tests/test/com/google/common/util/concurrent/JSR166TestCase.java;1014;1018;MediumRunnable;CheckedRunnable;[];0;[];[];
;;guava;adce8999989d80c80fda3607dac324cbd47681c1;/home/luna/TG/java-projects/guava/guava-tests/test/com/google/common/util/concurrent/JSR166TestCase.java;1020;1024;MediumInterruptedRunnable;CheckedInterruptedRunnable;[];0;[];[];
;;guava;adce8999989d80c80fda3607dac324cbd47681c1;/home/luna/TG/java-projects/guava/guava-tests/test/com/google/common/util/concurrent/JSR166TestCase.java;1035;1041;MediumPossiblyInterruptedRunnable;CheckedRunnable;[];0;[];[];
;;guava;adce8999989d80c80fda3607dac324cbd47681c1;/home/luna/TG/java-projects/guava/guava-tests/test/com/google/common/util/concurrent/JSR166TestCase.java;1043;1049;LongPossiblyInterruptedRunnable;CheckedRunnable;[];0;[];[];
;;guava;adce8999989d80c80fda3607dac324cbd47681c1;/home/luna/TG/java-projects/guava/guava-tests/test/com/google/common/util/concurrent/JSR166TestCase.java;1051;1058;SimpleThreadFactory;null;[ThreadFactory];0;[];[];
;;guava;adce8999989d80c80fda3607dac324cbd47681c1;/home/luna/TG/java-projects/guava/guava-tests/test/com/google/common/util/concurrent/JSR166TestCase.java;1060;1062;TrackedRunnable;null;[Runnable];0;[];[];
;;guava;adce8999989d80c80fda3607dac324cbd47681c1;/home/luna/TG/java-projects/guava/guava-tests/test/com/google/common/util/concurrent/JSR166TestCase.java;1077;1085;TrackedShortRunnable;null;[Runnable];0;[];[];
;;guava;adce8999989d80c80fda3607dac324cbd47681c1;/home/luna/TG/java-projects/guava/guava-tests/test/com/google/common/util/concurrent/JSR166TestCase.java;1087;1095;TrackedSmallRunnable;null;[Runnable];0;[];[];
;;guava;adce8999989d80c80fda3607dac324cbd47681c1;/home/luna/TG/java-projects/guava/guava-tests/test/com/google/common/util/concurrent/JSR166TestCase.java;1097;1105;TrackedMediumRunnable;null;[Runnable];0;[];[];
;;guava;adce8999989d80c80fda3607dac324cbd47681c1;/home/luna/TG/java-projects/guava/guava-tests/test/com/google/common/util/concurrent/JSR166TestCase.java;1107;1115;TrackedLongRunnable;null;[Runnable];0;[];[];
;;guava;adce8999989d80c80fda3607dac324cbd47681c1;/home/luna/TG/java-projects/guava/guava-tests/test/com/google/common/util/concurrent/JSR166TestCase.java;1117;1122;TrackedNoOpRunnable;null;[Runnable];0;[];[];
;;guava;adce8999989d80c80fda3607dac324cbd47681c1;/home/luna/TG/java-projects/guava/guava-tests/test/com/google/common/util/concurrent/JSR166TestCase.java;1124;1133;TrackedCallable;null;[Callable];0;[];[];
;;guava;adce8999989d80c80fda3607dac324cbd47681c1;/home/luna/TG/java-projects/guava/guava-tests/test/com/google/common/util/concurrent/JSR166TestCase.java;1166;1172;NoOpREHandler;null;[RejectedExecutionHandler];0;[];[];
;;guava;adce8999989d80c80fda3607dac324cbd47681c1;/home/luna/TG/java-projects/guava/guava-tests/test/com/google/common/util/concurrent/JSR166TestCase.java;1174;1193;CheckedBarrier;CyclicBarrier;[];0;[];[];
;;guava;adce8999989d80c80fda3607dac324cbd47681c1;/home/luna/TG/java-projects/guava/guava-tests/test/com/google/common/util/concurrent/InterruptionUtil.java;29;141;InterruptionUtil;null;[];0;[];[];
;;guava;adce8999989d80c80fda3607dac324cbd47681c1;/home/luna/TG/java-projects/guava/guava-tests/test/com/google/common/util/concurrent/InterruptionUtil.java;39;70;Interruptenator;null;[Runnable];0;[];[];
;;guava;adce8999989d80c80fda3607dac324cbd47681c1;/home/luna/TG/java-projects/guava/guava-tests/test/com/google/common/util/concurrent/AggregateFutureStateFallbackAtomicHelperTest.java;28;134;AggregateFutureStateFallbackAtomicHelperTest;TestCase;[];0;[];[];
;;guava;adce8999989d80c80fda3607dac324cbd47681c1;/home/luna/TG/java-projects/guava/guava-tests/test/com/google/common/util/concurrent/WrappingScheduledExecutorServiceTest.java;33;238;WrappingScheduledExecutorServiceTest;TestCase;[];0;[];[];
;;guava;adce8999989d80c80fda3607dac324cbd47681c1;/home/luna/TG/java-projects/guava/guava-tests/test/com/google/common/util/concurrent/WrappingScheduledExecutorServiceTest.java;66;77;WrappedCallable;null;[Callable<T>];1;[[T]];[];
;;guava;adce8999989d80c80fda3607dac324cbd47681c1;/home/luna/TG/java-projects/guava/guava-tests/test/com/google/common/util/concurrent/WrappingScheduledExecutorServiceTest.java;79;90;WrappedRunnable;null;[Runnable];0;[];[];
;;guava;adce8999989d80c80fda3607dac324cbd47681c1;/home/luna/TG/java-projects/guava/guava-tests/test/com/google/common/util/concurrent/WrappingScheduledExecutorServiceTest.java;92;105;TestExecutor;WrappingScheduledExecutorService;[];0;[];[];
;;guava;adce8999989d80c80fda3607dac324cbd47681c1;/home/luna/TG/java-projects/guava/guava-tests/test/com/google/common/util/concurrent/WrappingScheduledExecutorServiceTest.java;107;237;MockExecutor;null;[ScheduledExecutorService];0;[];[];
;;guava;adce8999989d80c80fda3607dac324cbd47681c1;/home/luna/TG/java-projects/guava/guava-tests/test/com/google/common/util/concurrent/FuturesGetDoneTest.java;28;66;FuturesGetDoneTest;TestCase;[];0;[];[GwtCompatible];
;;guava;adce8999989d80c80fda3607dac324cbd47681c1;/home/luna/TG/java-projects/guava/guava-tests/test/com/google/common/util/concurrent/ForwardingFutureTest.java;21;28;ForwardingFutureTest;TestCase;[];0;[];[];
;;guava;adce8999989d80c80fda3607dac324cbd47681c1;/home/luna/TG/java-projects/guava/guava-tests/test/com/google/common/util/concurrent/UninterruptiblesTest.java;37;698;UninterruptiblesTest;TestCase;[];0;[];[];
;;guava;adce8999989d80c80fda3607dac324cbd47681c1;/home/luna/TG/java-projects/guava/guava-tests/test/com/google/common/util/concurrent/UninterruptiblesTest.java;351;396;Completion;null;[];0;[];[];
;;guava;adce8999989d80c80fda3607dac324cbd47681c1;/home/luna/TG/java-projects/guava/guava-tests/test/com/google/common/util/concurrent/UninterruptiblesTest.java;400;440;TimedPutQueue;null;[];0;[];[];
;;guava;adce8999989d80c80fda3607dac324cbd47681c1;/home/luna/TG/java-projects/guava/guava-tests/test/com/google/common/util/concurrent/UninterruptiblesTest.java;442;481;TimedTakeQueue;null;[];0;[];[];
;;guava;adce8999989d80c80fda3607dac324cbd47681c1;/home/luna/TG/java-projects/guava/guava-tests/test/com/google/common/util/concurrent/UninterruptiblesTest.java;483;538;TimedSemaphore;null;[];0;[];[];
;;guava;adce8999989d80c80fda3607dac324cbd47681c1;/home/luna/TG/java-projects/guava/guava-tests/test/com/google/common/util/concurrent/UninterruptiblesTest.java;540;558;DelayedActionRunnable;null;[Runnable];0;[];[];
;;guava;adce8999989d80c80fda3607dac324cbd47681c1;/home/luna/TG/java-projects/guava/guava-tests/test/com/google/common/util/concurrent/UninterruptiblesTest.java;560;572;CountDown;DelayedActionRunnable;[];0;[];[];
;;guava;adce8999989d80c80fda3607dac324cbd47681c1;/home/luna/TG/java-projects/guava/guava-tests/test/com/google/common/util/concurrent/UninterruptiblesTest.java;574;588;EnableWrites;DelayedActionRunnable;[];0;[];[];
;;guava;adce8999989d80c80fda3607dac324cbd47681c1;/home/luna/TG/java-projects/guava/guava-tests/test/com/google/common/util/concurrent/UninterruptiblesTest.java;590;603;EnableReads;DelayedActionRunnable;[];0;[];[];
;;guava;adce8999989d80c80fda3607dac324cbd47681c1;/home/luna/TG/java-projects/guava/guava-tests/test/com/google/common/util/concurrent/UninterruptiblesTest.java;605;636;TimedThread;null;[];0;[];[];
;;guava;adce8999989d80c80fda3607dac324cbd47681c1;/home/luna/TG/java-projects/guava/guava-tests/test/com/google/common/util/concurrent/UninterruptiblesTest.java;638;646;JoinTarget;DelayedActionRunnable;[];0;[];[];
;;guava;adce8999989d80c80fda3607dac324cbd47681c1;/home/luna/TG/java-projects/guava/guava-tests/test/com/google/common/util/concurrent/UninterruptiblesTest.java;648;660;Release;DelayedActionRunnable;[];0;[];[];
;;guava;adce8999989d80c80fda3607dac324cbd47681c1;/home/luna/TG/java-projects/guava/guava-tests/test/com/google/common/util/concurrent/PackageSanityTests.java;23;48;PackageSanityTests;AbstractPackageSanityTests;[];0;[];[];
;;guava;adce8999989d80c80fda3607dac324cbd47681c1;/home/luna/TG/java-projects/guava/guava-tests/test/com/google/common/util/concurrent/AbstractAbstractFutureTest.java;39;515;AbstractAbstractFutureTest;TestCase;[];0;[];[GwtCompatible];
;;guava;adce8999989d80c80fda3607dac324cbd47681c1;/home/luna/TG/java-projects/guava/guava-tests/test/com/google/common/util/concurrent/AbstractAbstractFutureTest.java;291;292;BadRunnableException;RuntimeException;[];0;[];[];
;;guava;adce8999989d80c80fda3607dac324cbd47681c1;/home/luna/TG/java-projects/guava/guava-tests/test/com/google/common/util/concurrent/AbstractAbstractFutureTest.java;306;307;BadRunnableException;RuntimeException;[];0;[];[];
;;guava;adce8999989d80c80fda3607dac324cbd47681c1;/home/luna/TG/java-projects/guava/guava-tests/test/com/google/common/util/concurrent/AbstractAbstractFutureTest.java;403;410;TestedFuture;AbstractFuture<V>;[];1;[[V]];[];
;;guava;adce8999989d80c80fda3607dac324cbd47681c1;/home/luna/TG/java-projects/guava/guava-tests/test/com/google/common/util/concurrent/AbstractAbstractFutureTest.java;412;427;CountingRunnable;null;[Runnable];0;[];[];
;;guava;adce8999989d80c80fda3607dac324cbd47681c1;/home/luna/TG/java-projects/guava/guava-tests/test/com/google/common/collect/TreeRangeSetTest.java;27;668;TreeRangeSetTest;AbstractRangeSetTest;[];0;[];[GwtIncompatible];
;;guava;adce8999989d80c80fda3607dac324cbd47681c1;/home/luna/TG/java-projects/guava/guava-tests/test/com/google/common/collect/AbstractConcurrentHashMultisetTest.java;21;124;AbstractConcurrentHashMultisetTest;AbstractMultisetTest;[];0;[];[];
;;guava;adce8999989d80c80fda3607dac324cbd47681c1;/home/luna/TG/java-projects/guava/guava-tests/test/com/google/common/collect/ForwardingSortedMultisetTest.java;35;231;ForwardingSortedMultisetTest;TestCase;[];0;[];[];
;;guava;adce8999989d80c80fda3607dac324cbd47681c1;/home/luna/TG/java-projects/guava/guava-tests/test/com/google/common/collect/ForwardingSortedMultisetTest.java;41;177;StandardImplForwardingSortedMultiset;ForwardingSortedMultiset<E>;[];1;[[E]];[];
;;guava;adce8999989d80c80fda3607dac324cbd47681c1;/home/luna/TG/java-projects/guava/guava-tests/test/com/google/common/collect/SynchronizedTableTest.java;26;174;SynchronizedTableTest;AbstractTableTest;[];0;[];[];
;;guava;adce8999989d80c80fda3607dac324cbd47681c1;/home/luna/TG/java-projects/guava/guava-tests/test/com/google/common/collect/SynchronizedTableTest.java;27;165;TestTable;null;[Table<R,C,V>, Serializable];3;[[R, C, V], [R, C, V], [R, C, V]];[];
;;guava;adce8999989d80c80fda3607dac324cbd47681c1;/home/luna/TG/java-projects/guava/guava-tests/test/com/google/common/collect/IteratorsTest.java;61;1670;IteratorsTest;TestCase;[];0;[];[GwtCompatible];
;;guava;adce8999989d80c80fda3607dac324cbd47681c1;/home/luna/TG/java-projects/guava/guava-tests/test/com/google/common/collect/IteratorsTest.java;621;671;PickyIterable;null;[Iterable<E>];1;[[E]];[];
;;guava;adce8999989d80c80fda3607dac324cbd47681c1;/home/luna/TG/java-projects/guava/guava-tests/test/com/google/common/collect/IteratorsTest.java;635;670;PickyIterator;null;[Iterator<E>];0;[];[];
;;guava;adce8999989d80c80fda3607dac324cbd47681c1;/home/luna/TG/java-projects/guava/guava-tests/test/com/google/common/collect/IteratorsTest.java;871;877;EmptyIteratorTester;IteratorTester<Integer>;[];0;[];[GwtIncompatible];
;;guava;adce8999989d80c80fda3607dac324cbd47681c1;/home/luna/TG/java-projects/guava/guava-tests/test/com/google/common/collect/IteratorsTest.java;879;884;SingletonIteratorTester;IteratorTester<Integer>;[];0;[];[GwtIncompatible];
;;guava;adce8999989d80c80fda3607dac324cbd47681c1;/home/luna/TG/java-projects/guava/guava-tests/test/com/google/common/collect/IteratorsTest.java;886;892;DoubletonIteratorTester;IteratorTester<Integer>;[];0;[];[GwtIncompatible];
;;guava;adce8999989d80c80fda3607dac324cbd47681c1;/home/luna/TG/java-projects/guava/guava-tests/test/com/google/common/collect/SortedListsTest.java;25;121;SortedListsTest;TestCase;[];0;[];[GwtCompatible];
;;guava;adce8999989d80c80fda3607dac324cbd47681c1;/home/luna/TG/java-projects/guava/guava-tests/test/com/google/common/collect/ForwardingConcurrentMapTest.java;23;77;ForwardingConcurrentMapTest;TestCase;[];0;[];[];
;;guava;adce8999989d80c80fda3607dac324cbd47681c1;/home/luna/TG/java-projects/guava/guava-tests/test/com/google/common/collect/ForwardingConcurrentMapTest.java;30;37;TestMap;ForwardingConcurrentMap<String,Integer>;[];0;[];[];
;;guava;adce8999989d80c80fda3607dac324cbd47681c1;/home/luna/TG/java-projects/guava/guava-tests/test/com/google/common/collect/GeneralRangeTest.java;28;207;GeneralRangeTest;TestCase;[];0;[];[GwtCompatible];
;;guava;adce8999989d80c80fda3607dac324cbd47681c1;/home/luna/TG/java-projects/guava/guava-tests/test/com/google/common/collect/MoreCollectorsTest.java;27;102;MoreCollectorsTest;TestCase;[];0;[];[GwtCompatible];
;;guava;adce8999989d80c80fda3607dac324cbd47681c1;/home/luna/TG/java-projects/guava/guava-tests/test/com/google/common/collect/EvictingQueueTest.java;28;212;EvictingQueueTest;TestCase;[];0;[];[GwtCompatible];
;;guava;adce8999989d80c80fda3607dac324cbd47681c1;/home/luna/TG/java-projects/guava/guava-tests/test/com/google/common/collect/SetsTest.java;79;1260;SetsTest;TestCase;[];0;[];[GwtCompatible];
;;guava;adce8999989d80c80fda3607dac324cbd47681c1;/home/luna/TG/java-projects/guava/guava-tests/test/com/google/common/collect/SetsTest.java;1027;1057;Base;null;[Comparable<Base>, Serializable];0;[];[];
;;guava;adce8999989d80c80fda3607dac324cbd47681c1;/home/luna/TG/java-projects/guava/guava-tests/test/com/google/common/collect/SetsTest.java;1059;1068;Derived;Base;[];0;[];[];
;;guava;adce8999989d80c80fda3607dac324cbd47681c1;/home/luna/TG/java-projects/guava/guava-tests/test/com/google/common/collect/ForwardingNavigableMapTest.java;43;316;ForwardingNavigableMapTest;TestCase;[];0;[];[];
;;guava;adce8999989d80c80fda3607dac324cbd47681c1;/home/luna/TG/java-projects/guava/guava-tests/test/com/google/common/collect/ForwardingNavigableMapTest.java;50;217;StandardImplForwardingNavigableMap;ForwardingNavigableMap<K,V>;[];2;[[K, V], [K, V]];[];
;;guava;adce8999989d80c80fda3607dac324cbd47681c1;/home/luna/TG/java-projects/guava/guava-tests/test/com/google/common/collect/ForwardingNavigableMapTest.java;219;235;StandardLastEntryForwardingNavigableMap;ForwardingNavigableMap<K,V>;[];2;[[K, V], [K, V]];[];
;;guava;adce8999989d80c80fda3607dac324cbd47681c1;/home/luna/TG/java-projects/guava/guava-tests/test/com/google/common/collect/FilteredMultimapTest.java;26;95;FilteredMultimapTest;TestCase;[];0;[];[GwtIncompatible];
;;guava;adce8999989d80c80fda3607dac324cbd47681c1;/home/luna/TG/java-projects/guava/guava-tests/test/com/google/common/collect/ImmutableEnumMapTest.java;36;81;ImmutableEnumMapTest;TestCase;[];0;[];[GwtCompatible];
;;guava;adce8999989d80c80fda3607dac324cbd47681c1;/home/luna/TG/java-projects/guava/guava-tests/test/com/google/common/collect/ImmutableEnumMapTest.java;43;52;ImmutableEnumMapGenerator;TestEnumMapGenerator;[];0;[];[];
;;guava;adce8999989d80c80fda3607dac324cbd47681c1;/home/luna/TG/java-projects/guava/guava-tests/test/com/google/common/collect/AbstractMultimapTest.java;39;1433;AbstractMultimapTest;TestCase;[];0;[];[GwtCompatible];
;;guava;adce8999989d80c80fda3607dac324cbd47681c1;/home/luna/TG/java-projects/guava/guava-tests/test/com/google/common/collect/RegularImmutableTableTest.java;24;194;RegularImmutableTableTest;AbstractImmutableTableTest;[];0;[];[GwtCompatible];
;;guava;adce8999989d80c80fda3607dac324cbd47681c1;/home/luna/TG/java-projects/guava/guava-tests/test/com/google/common/collect/MapsTransformValuesUnmodifiableIteratorTest.java;29;357;MapsTransformValuesUnmodifiableIteratorTest;MapInterfaceTest<String,String>;[];0;[];[GwtCompatible];
;;guava;adce8999989d80c80fda3607dac324cbd47681c1;/home/luna/TG/java-projects/guava/guava-tests/test/com/google/common/collect/MapsTransformValuesUnmodifiableIteratorTest.java;44;105;UnmodifiableIteratorMap;ForwardingMap<K,V>;[];2;[[K, V], [K, V]];[];
;;guava;adce8999989d80c80fda3607dac324cbd47681c1;/home/luna/TG/java-projects/guava/guava-tests/test/com/google/common/collect/ForwardingSetMultimapTest.java;24;57;ForwardingSetMultimapTest;TestCase;[];0;[];[];
;;guava;adce8999989d80c80fda3607dac324cbd47681c1;/home/luna/TG/java-projects/guava/guava-tests/test/com/google/common/collect/ObjectArraysTest.java;29;234;ObjectArraysTest;TestCase;[];0;[];[GwtCompatible];
;;guava;adce8999989d80c80fda3607dac324cbd47681c1;/home/luna/TG/java-projects/guava/guava-tests/test/com/google/common/collect/ForwardingSortedMapTest.java;40;198;ForwardingSortedMapTest;TestCase;[];0;[];[];
;;guava;adce8999989d80c80fda3607dac324cbd47681c1;/home/luna/TG/java-projects/guava/guava-tests/test/com/google/common/collect/ForwardingSortedMapTest.java;46;114;StandardImplForwardingSortedMap;ForwardingSortedMap<K,V>;[];2;[[K, V], [K, V]];[];
;;guava;adce8999989d80c80fda3607dac324cbd47681c1;/home/luna/TG/java-projects/guava/guava-tests/test/com/google/common/collect/SortedIterablesTest.java;21;42;SortedIterablesTest;TestCase;[];0;[];[GwtCompatible];
;;guava;adce8999989d80c80fda3607dac324cbd47681c1;/home/luna/TG/java-projects/guava/guava-tests/test/com/google/common/collect/ImmutableTableTest.java;31;630;ImmutableTableTest;AbstractTableReadTest;[];0;[];[GwtCompatible];
;;guava;adce8999989d80c80fda3607dac324cbd47681c1;/home/luna/TG/java-projects/guava/guava-tests/test/com/google/common/collect/ImmutableTableTest.java;247;249;StringHolder;null;[];0;[];[];
;;guava;adce8999989d80c80fda3607dac324cbd47681c1;/home/luna/TG/java-projects/guava/guava-tests/test/com/google/common/collect/LegacyComparable.java;23;68;LegacyComparable;null;[Comparable, Serializable];0;[];[GwtCompatible];
;;guava;adce8999989d80c80fda3607dac324cbd47681c1;/home/luna/TG/java-projects/guava/guava-tests/test/com/google/common/collect/MultimapsTransformValuesAsMapTest.java;24;49;MultimapsTransformValuesAsMapTest;AbstractMultimapAsMapImplementsMapTest;[];0;[];[GwtCompatible];
;;guava;adce8999989d80c80fda3607dac324cbd47681c1;/home/luna/TG/java-projects/guava/guava-tests/test/com/google/common/collect/BenchmarkHelpers.java;35;355;BenchmarkHelpers;null;[];0;[];[];
;;guava;adce8999989d80c80fda3607dac324cbd47681c1;/home/luna/TG/java-projects/guava/guava-tests/test/com/google/common/collect/ContiguousSetTest.java;47;379;ContiguousSetTest;TestCase;[];0;[];[GwtCompatible];
;;guava;adce8999989d80c80fda3607dac324cbd47681c1;/home/luna/TG/java-projects/guava/guava-tests/test/com/google/common/collect/ContiguousSetTest.java;331;378;BuiltTests;TestCase;[];0;[];[GwtIncompatible];
;;guava;adce8999989d80c80fda3607dac324cbd47681c1;/home/luna/TG/java-projects/guava/guava-tests/test/com/google/common/collect/ForwardingSetTest.java;35;157;ForwardingSetTest;TestCase;[];0;[];[];
;;guava;adce8999989d80c80fda3607dac324cbd47681c1;/home/luna/TG/java-projects/guava/guava-tests/test/com/google/common/collect/ForwardingSetTest.java;42;100;StandardImplForwardingSet;ForwardingSet<T>;[];1;[[T]];[];
;;guava;adce8999989d80c80fda3607dac324cbd47681c1;/home/luna/TG/java-projects/guava/guava-tests/test/com/google/common/collect/AbstractImmutableTableTest.java;22;88;AbstractImmutableTableTest;TestCase;[];0;[];[GwtCompatible];
;;guava;adce8999989d80c80fda3607dac324cbd47681c1;/home/luna/TG/java-projects/guava/guava-tests/test/com/google/common/collect/AbstractTableReadTest.java;28;194;AbstractTableReadTest;TestCase;[];0;[];[GwtCompatible];
;;guava;adce8999989d80c80fda3607dac324cbd47681c1;/home/luna/TG/java-projects/guava/guava-tests/test/com/google/common/collect/ImmutableSetTest.java;44;290;ImmutableSetTest;AbstractImmutableSetTest;[];0;[];[GwtCompatible];
;;guava;adce8999989d80c80fda3607dac324cbd47681c1;/home/luna/TG/java-projects/guava/guava-tests/test/com/google/common/collect/ImmutableSetTest.java;224;246;TypeWithDuplicates;null;[];0;[];[];
;;guava;adce8999989d80c80fda3607dac324cbd47681c1;/home/luna/TG/java-projects/guava/guava-tests/test/com/google/common/collect/ImmutableMultimapTest.java;29;126;ImmutableMultimapTest;TestCase;[];0;[];[GwtCompatible];
;;guava;adce8999989d80c80fda3607dac324cbd47681c1;/home/luna/TG/java-projects/guava/guava-tests/test/com/google/common/collect/ImmutableMultimapTest.java;58;60;StringHolder;null;[];0;[];[];
;;guava;adce8999989d80c80fda3607dac324cbd47681c1;/home/luna/TG/java-projects/guava/guava-tests/test/com/google/common/collect/AbstractCollectionTest.java;31;226;AbstractCollectionTest;TestCase;[];0;[];[GwtCompatible];
;;guava;adce8999989d80c80fda3607dac324cbd47681c1;/home/luna/TG/java-projects/guava/guava-tests/test/com/google/common/collect/SetOperationsTest.java;34;350;SetOperationsTest;TestCase;[];0;[];[GwtCompatible];
;;guava;adce8999989d80c80fda3607dac324cbd47681c1;/home/luna/TG/java-projects/guava/guava-tests/test/com/google/common/collect/SetOperationsTest.java;257;349;MoreTests;TestCase;[];0;[];[];
;;guava;adce8999989d80c80fda3607dac324cbd47681c1;/home/luna/TG/java-projects/guava/guava-tests/test/com/google/common/collect/TopKSelectorTest.java;29;122;TopKSelectorTest;TestCase;[];0;[];[];
;;guava;adce8999989d80c80fda3607dac324cbd47681c1;/home/luna/TG/java-projects/guava/guava-tests/test/com/google/common/collect/HashMultisetTest.java;35;124;HashMultisetTest;TestCase;[];0;[];[GwtCompatible];
;;guava;adce8999989d80c80fda3607dac324cbd47681c1;/home/luna/TG/java-projects/guava/guava-tests/test/com/google/common/collect/HashMultisetTest.java;100;107;MultisetHolder;null;[Serializable];0;[];[GwtIncompatible];
;;guava;adce8999989d80c80fda3607dac324cbd47681c1;/home/luna/TG/java-projects/guava/guava-tests/test/com/google/common/collect/RegularImmutableAsListTest.java;20;36;RegularImmutableAsListTest;TestCase;[];0;[];[GwtCompatible];
;;guava;adce8999989d80c80fda3607dac324cbd47681c1;/home/luna/TG/java-projects/guava/guava-tests/test/com/google/common/collect/MultisetsImmutableEntryTest.java;24;84;MultisetsImmutableEntryTest;TestCase;[];0;[];[GwtCompatible];
;;guava;adce8999989d80c80fda3607dac324cbd47681c1;/home/luna/TG/java-projects/guava/guava-tests/test/com/google/common/collect/TreeMultimapExplicitTest.java;32;217;TreeMultimapExplicitTest;TestCase;[];0;[];[GwtCompatible];
;;guava;adce8999989d80c80fda3607dac324cbd47681c1;/home/luna/TG/java-projects/guava/guava-tests/test/com/google/common/collect/ForwardingSortedMapImplementsMapTest.java;25;133;ForwardingSortedMapImplementsMapTest;SortedMapInterfaceTest<String,Integer>;[];0;[];[GwtCompatible];
;;guava;adce8999989d80c80fda3607dac324cbd47681c1;/home/luna/TG/java-projects/guava/guava-tests/test/com/google/common/collect/ForwardingSortedMapImplementsMapTest.java;34;43;SimpleForwardingSortedMap;ForwardingSortedMap<K,V>;[];2;[[K, V], [K, V]];[];
;;guava;adce8999989d80c80fda3607dac324cbd47681c1;/home/luna/TG/java-projects/guava/guava-tests/test/com/google/common/collect/AbstractMapEntryTest.java;24;89;AbstractMapEntryTest;TestCase;[];0;[];[GwtCompatible];
;;guava;adce8999989d80c80fda3607dac324cbd47681c1;/home/luna/TG/java-projects/guava/guava-tests/test/com/google/common/collect/ForwardingMultisetTest.java;37;290;ForwardingMultisetTest;TestCase;[];0;[];[];
;;guava;adce8999989d80c80fda3607dac324cbd47681c1;/home/luna/TG/java-projects/guava/guava-tests/test/com/google/common/collect/ForwardingMultisetTest.java;45;136;StandardImplForwardingMultiset;ForwardingMultiset<T>;[];1;[[T]];[];
;;guava;adce8999989d80c80fda3607dac324cbd47681c1;/home/luna/TG/java-projects/guava/guava-tests/test/com/google/common/collect/CollectionBenchmarkSampleData.java;26;154;CollectionBenchmarkSampleData;null;[];0;[];[];
;;guava;adce8999989d80c80fda3607dac324cbd47681c1;/home/luna/TG/java-projects/guava/guava-tests/test/com/google/common/collect/CollectionBenchmarkSampleData.java;111;130;Element;null;[Comparable<Element>];0;[];[];
;;guava;adce8999989d80c80fda3607dac324cbd47681c1;/home/luna/TG/java-projects/guava/guava-tests/test/com/google/common/collect/CollectionBenchmarkSampleData.java;132;153;SlowElement;Element;[];0;[];[];
;;guava;adce8999989d80c80fda3607dac324cbd47681c1;/home/luna/TG/java-projects/guava/guava-tests/test/com/google/common/collect/AbstractSetMultimapTest.java;29;187;AbstractSetMultimapTest;AbstractMultimapTest;[];0;[];[GwtCompatible];
;;guava;adce8999989d80c80fda3607dac324cbd47681c1;/home/luna/TG/java-projects/guava/guava-tests/test/com/google/common/collect/TablesTest.java;30;162;TablesTest;TestCase;[];0;[];[GwtCompatible];
;;guava;adce8999989d80c80fda3607dac324cbd47681c1;/home/luna/TG/java-projects/guava/guava-tests/test/com/google/common/collect/SynchronizedNavigableSetTest.java;36;229;SynchronizedNavigableSetTest;TestCase;[];0;[];[];
;;guava;adce8999989d80c80fda3607dac324cbd47681c1;/home/luna/TG/java-projects/guava/guava-tests/test/com/google/common/collect/SynchronizedNavigableSetTest.java;52;146;TestSet;SynchronizedSetTest.TestSet<E>;[NavigableSet<E>];1;[[E]];[];
;;guava;adce8999989d80c80fda3607dac324cbd47681c1;/home/luna/TG/java-projects/guava/guava-tests/test/com/google/common/collect/ForwardingBlockingDequeTest.java;22;120;ForwardingBlockingDequeTest;ForwardingTestCase;[];0;[];[];
;;guava;adce8999989d80c80fda3607dac324cbd47681c1;/home/luna/TG/java-projects/guava/guava-tests/test/com/google/common/collect/ImmutableBiMapTest.java;49;580;ImmutableBiMapTest;TestCase;[];0;[];[GwtCompatible];
;;guava;adce8999989d80c80fda3607dac324cbd47681c1;/home/luna/TG/java-projects/guava/guava-tests/test/com/google/common/collect/ImmutableBiMapTest.java;98;132;AbstractMapTests;MapInterfaceTest<K,V>;[];2;[[K, V], [K, V]];[];
;;guava;adce8999989d80c80fda3607dac324cbd47681c1;/home/luna/TG/java-projects/guava/guava-tests/test/com/google/common/collect/ImmutableBiMapTest.java;134;150;MapTests;AbstractMapTests<String,Integer>;[];0;[];[];
;;guava;adce8999989d80c80fda3607dac324cbd47681c1;/home/luna/TG/java-projects/guava/guava-tests/test/com/google/common/collect/ImmutableBiMapTest.java;152;169;InverseMapTests;AbstractMapTests<String,Integer>;[];0;[];[];
;;guava;adce8999989d80c80fda3607dac324cbd47681c1;/home/luna/TG/java-projects/guava/guava-tests/test/com/google/common/collect/ImmutableBiMapTest.java;171;509;CreationTests;TestCase;[];0;[];[];
;;guava;adce8999989d80c80fda3607dac324cbd47681c1;/home/luna/TG/java-projects/guava/guava-tests/test/com/google/common/collect/ImmutableBiMapTest.java;511;570;BiMapSpecificTests;TestCase;[];0;[];[];
;;guava;adce8999989d80c80fda3607dac324cbd47681c1;/home/luna/TG/java-projects/guava/guava-tests/test/com/google/common/collect/ForwardingSortedSetTest.java;35;154;ForwardingSortedSetTest;TestCase;[];0;[];[];
;;guava;adce8999989d80c80fda3607dac324cbd47681c1;/home/luna/TG/java-projects/guava/guava-tests/test/com/google/common/collect/ForwardingSortedSetTest.java;41;104;StandardImplForwardingSortedSet;ForwardingSortedSet<T>;[];1;[[T]];[];
;;guava;adce8999989d80c80fda3607dac324cbd47681c1;/home/luna/TG/java-projects/guava/guava-tests/test/com/google/common/collect/UnmodifiableIteratorTest.java;24;57;UnmodifiableIteratorTest;TestCase;[];0;[];[GwtCompatible];
;;guava;adce8999989d80c80fda3607dac324cbd47681c1;/home/luna/TG/java-projects/guava/guava-tests/test/com/google/common/collect/ImmutableClassToInstanceMapTest.java;37;231;ImmutableClassToInstanceMapTest;TestCase;[];0;[];[];
;;guava;adce8999989d80c80fda3607dac324cbd47681c1;/home/luna/TG/java-projects/guava/guava-tests/test/com/google/common/collect/ImmutableClassToInstanceMapTest.java;165;197;TestClassToInstanceMapGenerator;null;[TestMapGenerator<Class,Impl>];0;[];[];
;;guava;adce8999989d80c80fda3607dac324cbd47681c1;/home/luna/TG/java-projects/guava/guava-tests/test/com/google/common/collect/ImmutableClassToInstanceMapTest.java;199;199;One;null;[];0;[];[];
;;guava;adce8999989d80c80fda3607dac324cbd47681c1;/home/luna/TG/java-projects/guava/guava-tests/test/com/google/common/collect/ImmutableClassToInstanceMapTest.java;201;201;Two;null;[];0;[];[];
;;guava;adce8999989d80c80fda3607dac324cbd47681c1;/home/luna/TG/java-projects/guava/guava-tests/test/com/google/common/collect/ImmutableClassToInstanceMapTest.java;203;203;Three;null;[];0;[];[];
;;guava;adce8999989d80c80fda3607dac324cbd47681c1;/home/luna/TG/java-projects/guava/guava-tests/test/com/google/common/collect/ImmutableClassToInstanceMapTest.java;205;205;Four;null;[];0;[];[];
;;guava;adce8999989d80c80fda3607dac324cbd47681c1;/home/luna/TG/java-projects/guava/guava-tests/test/com/google/common/collect/ImmutableClassToInstanceMapTest.java;207;207;Five;null;[];0;[];[];
;;guava;adce8999989d80c80fda3607dac324cbd47681c1;/home/luna/TG/java-projects/guava/guava-tests/test/com/google/common/collect/ImmutableClassToInstanceMapTest.java;209;230;Impl;null;[One, Two, Three, Four, Five, Serializable];0;[];[];
;;guava;adce8999989d80c80fda3607dac324cbd47681c1;/home/luna/TG/java-projects/guava/guava-tests/test/com/google/common/collect/EnumBiMapTest.java;44;302;EnumBiMapTest;TestCase;[];0;[];[GwtCompatible];
;;guava;adce8999989d80c80fda3607dac324cbd47681c1;/home/luna/TG/java-projects/guava/guava-tests/test/com/google/common/collect/EnumBiMapTest.java;55;97;EnumBiMapGenerator;null;[TestBiMapGenerator<Country,Currency>];0;[];[];
;;guava;adce8999989d80c80fda3607dac324cbd47681c1;/home/luna/TG/java-projects/guava/guava-tests/test/com/google/common/collect/MultimapBuilderTest.java;31;103;MultimapBuilderTest;TestCase;[];0;[];[GwtCompatible];
;;guava;adce8999989d80c80fda3607dac324cbd47681c1;/home/luna/TG/java-projects/guava/guava-tests/test/com/google/common/collect/MultimapsFilterEntriesAsMapTest.java;25;62;MultimapsFilterEntriesAsMapTest;AbstractMultimapAsMapImplementsMapTest;[];0;[];[GwtIncompatible];
;;guava;adce8999989d80c80fda3607dac324cbd47681c1;/home/luna/TG/java-projects/guava/guava-tests/test/com/google/common/collect/ImmutableCollectionTest.java;21;40;ImmutableCollectionTest;TestCase;[];0;[];[];
;;guava;adce8999989d80c80fda3607dac324cbd47681c1;/home/luna/TG/java-projects/guava/guava-tests/test/com/google/common/collect/MultisetsCollectionTest.java;37;246;MultisetsCollectionTest;TestCase;[];0;[];[GwtIncompatible];
;;guava;adce8999989d80c80fda3607dac324cbd47681c1;/home/luna/TG/java-projects/guava/guava-tests/test/com/google/common/collect/AbstractTableTest.java;24;171;AbstractTableTest;AbstractTableReadTest;[];0;[];[GwtCompatible];
;;guava;adce8999989d80c80fda3607dac324cbd47681c1;/home/luna/TG/java-projects/guava/guava-tests/test/com/google/common/collect/AbstractSequentialIteratorTest.java;30;132;AbstractSequentialIteratorTest;TestCase;[];0;[];[GwtCompatible];
;;guava;adce8999989d80c80fda3607dac324cbd47681c1;/home/luna/TG/java-projects/guava/guava-tests/test/com/google/common/collect/AbstractSequentialIteratorTest.java;131;131;MyException;RuntimeException;[];0;[];[];
;;guava;adce8999989d80c80fda3607dac324cbd47681c1;/home/luna/TG/java-projects/guava/guava-tests/test/com/google/common/collect/ForwardingNavigableSetTest.java;38;214;ForwardingNavigableSetTest;TestCase;[];0;[];[];
;;guava;adce8999989d80c80fda3607dac324cbd47681c1;/home/luna/TG/java-projects/guava/guava-tests/test/com/google/common/collect/ForwardingNavigableSetTest.java;44;147;StandardImplForwardingNavigableSet;ForwardingNavigableSet<T>;[];1;[[T]];[];
;;guava;adce8999989d80c80fda3607dac324cbd47681c1;/home/luna/TG/java-projects/guava/guava-tests/test/com/google/common/collect/InternersTest.java;29;136;InternersTest;TestCase;[];0;[];[];
;;guava;adce8999989d80c80fda3607dac324cbd47681c1;/home/luna/TG/java-projects/guava/guava-tests/test/com/google/common/collect/ConcurrentHashMultisetWithChmTest.java;19;31;ConcurrentHashMultisetWithChmTest;AbstractConcurrentHashMultisetTest;[];0;[];[];
;;guava;adce8999989d80c80fda3607dac324cbd47681c1;/home/luna/TG/java-projects/guava/guava-tests/test/com/google/common/collect/EmptyImmutableTableTest.java;23;121;EmptyImmutableTableTest;AbstractImmutableTableTest;[];0;[];[GwtCompatible];
;;guava;adce8999989d80c80fda3607dac324cbd47681c1;/home/luna/TG/java-projects/guava/guava-tests/test/com/google/common/collect/ComparisonChainTest.java;23;111;ComparisonChainTest;TestCase;[];0;[];[GwtCompatible];
;;guava;adce8999989d80c80fda3607dac324cbd47681c1;/home/luna/TG/java-projects/guava/guava-tests/test/com/google/common/collect/ComparisonChainTest.java;32;37;DontCompareMe;null;[Comparable<DontCompareMe>];0;[];[];
;;guava;adce8999989d80c80fda3607dac324cbd47681c1;/home/luna/TG/java-projects/guava/guava-tests/test/com/google/common/collect/ForwardingObjectTest.java;23;49;ForwardingObjectTest;TestCase;[];0;[];[];
;;guava;adce8999989d80c80fda3607dac324cbd47681c1;/home/luna/TG/java-projects/guava/guava-tests/test/com/google/common/collect/UnmodifiableMultimapAsMapImplementsMapTest.java;24;48;UnmodifiableMultimapAsMapImplementsMapTest;AbstractMultimapAsMapImplementsMapTest;[];0;[];[GwtCompatible];
;;guava;adce8999989d80c80fda3607dac324cbd47681c1;/home/luna/TG/java-projects/guava/guava-tests/test/com/google/common/collect/ImmutableMultisetTest.java;51;584;ImmutableMultisetTest;TestCase;[];0;[];[GwtCompatible];
;;guava;adce8999989d80c80fda3607dac324cbd47681c1;/home/luna/TG/java-projects/guava/guava-tests/test/com/google/common/collect/ImmutableMultisetTest.java;297;319;TypeWithDuplicates;null;[];0;[];[];
;;guava;adce8999989d80c80fda3607dac324cbd47681c1;/home/luna/TG/java-projects/guava/guava-tests/test/com/google/common/collect/ImmutableMultisetTest.java;356;363;CountingIterable;null;[Iterable<String>];0;[];[];
;;guava;adce8999989d80c80fda3607dac324cbd47681c1;/home/luna/TG/java-projects/guava/guava-tests/test/com/google/common/collect/DiscreteDomainTest.java;24;36;DiscreteDomainTest;TestCase;[];0;[];[GwtIncompatible];
;;guava;adce8999989d80c80fda3607dac324cbd47681c1;/home/luna/TG/java-projects/guava/guava-tests/test/com/google/common/collect/AbstractListMultimapTest.java;34;522;AbstractListMultimapTest;AbstractMultimapTest;[];0;[];[GwtCompatible];
;;guava;adce8999989d80c80fda3607dac324cbd47681c1;/home/luna/TG/java-projects/guava/guava-tests/test/com/google/common/collect/ForwardingListMultimapTest.java;24;57;ForwardingListMultimapTest;TestCase;[];0;[];[];
;;guava;adce8999989d80c80fda3607dac324cbd47681c1;/home/luna/TG/java-projects/guava/guava-tests/test/com/google/common/collect/ImmutableSetMultimapTest.java;46;616;ImmutableSetMultimapTest;TestCase;[];0;[];[GwtCompatible];
;;guava;adce8999989d80c80fda3607dac324cbd47681c1;/home/luna/TG/java-projects/guava/guava-tests/test/com/google/common/collect/ImmutableSetMultimapTest.java;53;63;ImmutableSetMultimapGenerator;TestStringSetMultimapGenerator;[];0;[];[];
;;guava;adce8999989d80c80fda3607dac324cbd47681c1;/home/luna/TG/java-projects/guava/guava-tests/test/com/google/common/collect/ImmutableSetMultimapTest.java;65;71;ImmutableSetMultimapCopyOfEntriesGenerator;TestStringSetMultimapGenerator;[];0;[];[];
;;guava;adce8999989d80c80fda3607dac324cbd47681c1;/home/luna/TG/java-projects/guava/guava-tests/test/com/google/common/collect/ImmutableSetMultimapTest.java;118;120;StringHolder;null;[];0;[];[];
;;guava;adce8999989d80c80fda3607dac324cbd47681c1;/home/luna/TG/java-projects/guava/guava-tests/test/com/google/common/collect/ImmutableSortedMultisetTest.java;49;580;ImmutableSortedMultisetTest;TestCase;[];0;[];[];
;;guava;adce8999989d80c80fda3607dac324cbd47681c1;/home/luna/TG/java-projects/guava/guava-tests/test/com/google/common/collect/ImmutableSortedMultisetTest.java;275;283;CountingIterable;null;[Iterable<String>];0;[];[];
;;guava;adce8999989d80c80fda3607dac324cbd47681c1;/home/luna/TG/java-projects/guava/guava-tests/test/com/google/common/collect/ImmutableSortedMultisetTest.java;496;510;TestArrayList;ArrayList<E>;[];1;[[E]];[];
;;guava;adce8999989d80c80fda3607dac324cbd47681c1;/home/luna/TG/java-projects/guava/guava-tests/test/com/google/common/collect/ImmutableSortedMultisetTest.java;524;538;TestHashSet;HashSet<E>;[];1;[[E]];[];
;;guava;adce8999989d80c80fda3607dac324cbd47681c1;/home/luna/TG/java-projects/guava/guava-tests/test/com/google/common/collect/ImmutableSortedMultisetTest.java;551;566;IntegerDiv10;null;[Comparable<IntegerDiv10>];0;[];[];
;;guava;adce8999989d80c80fda3607dac324cbd47681c1;/home/luna/TG/java-projects/guava/guava-tests/test/com/google/common/collect/ForwardingListIteratorTest.java;24;48;ForwardingListIteratorTest;TestCase;[];0;[];[];
;;guava;adce8999989d80c80fda3607dac324cbd47681c1;/home/luna/TG/java-projects/guava/guava-tests/test/com/google/common/collect/ConstrainedMultimapAsMapImplementsMapTest.java;25;53;ConstrainedMultimapAsMapImplementsMapTest;AbstractMultimapAsMapImplementsMapTest;[];0;[];[GwtCompatible];
;;guava;adce8999989d80c80fda3607dac324cbd47681c1;/home/luna/TG/java-projects/guava/guava-tests/test/com/google/common/collect/ForwardingListTest.java;35;187;ForwardingListTest;TestCase;[];0;[];[];
;;guava;adce8999989d80c80fda3607dac324cbd47681c1;/home/luna/TG/java-projects/guava/guava-tests/test/com/google/common/collect/ForwardingListTest.java;42;133;StandardImplForwardingList;ForwardingList<T>;[];1;[[T]];[];
;;guava;adce8999989d80c80fda3607dac324cbd47681c1;/home/luna/TG/java-projects/guava/guava-tests/test/com/google/common/collect/FluentIterableTest.java;49;959;FluentIterableTest;TestCase;[];0;[];[GwtCompatible];
;;guava;adce8999989d80c80fda3607dac324cbd47681c1;/home/luna/TG/java-projects/guava/guava-tests/test/com/google/common/collect/FluentIterableTest.java;163;163;X;null;[];0;[];[];
;;guava;adce8999989d80c80fda3607dac324cbd47681c1;/home/luna/TG/java-projects/guava/guava-tests/test/com/google/common/collect/FluentIterableTest.java;165;165;Y;null;[];0;[];[];
;;guava;adce8999989d80c80fda3607dac324cbd47681c1;/home/luna/TG/java-projects/guava/guava-tests/test/com/google/common/collect/FluentIterableTest.java;167;167;A;null;[X, Y];0;[];[];
;;guava;adce8999989d80c80fda3607dac324cbd47681c1;/home/luna/TG/java-projects/guava/guava-tests/test/com/google/common/collect/FluentIterableTest.java;169;169;B;null;[X, Y];0;[];[];
;;guava;adce8999989d80c80fda3607dac324cbd47681c1;/home/luna/TG/java-projects/guava/guava-tests/test/com/google/common/collect/FluentIterableTest.java;369;369;TypeA;null;[];0;[];[];
;;guava;adce8999989d80c80fda3607dac324cbd47681c1;/home/luna/TG/java-projects/guava/guava-tests/test/com/google/common/collect/FluentIterableTest.java;370;370;TypeB;null;[];0;[];[];
;;guava;adce8999989d80c80fda3607dac324cbd47681c1;/home/luna/TG/java-projects/guava/guava-tests/test/com/google/common/collect/FluentIterableTest.java;371;371;HasBoth;TypeA;[TypeB];0;[];[];
;;guava;adce8999989d80c80fda3607dac324cbd47681c1;/home/luna/TG/java-projects/guava/guava-tests/test/com/google/common/collect/FluentIterableTest.java;414;419;IntegerValueOfFunction;null;[Function<String,Integer>];0;[];[];
;;guava;adce8999989d80c80fda3607dac324cbd47681c1;/home/luna/TG/java-projects/guava/guava-tests/test/com/google/common/collect/FluentIterableTest.java;446;451;StringValueOfFunction;null;[Function<Integer,String>];0;[];[];
;;guava;adce8999989d80c80fda3607dac324cbd47681c1;/home/luna/TG/java-projects/guava/guava-tests/test/com/google/common/collect/FluentIterableTest.java;460;467;RepeatedStringValueOfFunction;null;[Function<Integer,List<String>>];0;[];[];
;;guava;adce8999989d80c80fda3607dac324cbd47681c1;/home/luna/TG/java-projects/guava/guava-tests/test/com/google/common/collect/FluentIterableTest.java;476;483;RepeatedStringValueOfWildcardFunction;null;[Function<Integer,List<? extends String>>];0;[];[];
;;guava;adce8999989d80c80fda3607dac324cbd47681c1;/home/luna/TG/java-projects/guava/guava-tests/test/com/google/common/collect/FluentIterableTest.java;934;938;Help;null;[];0;[];[];
;;guava;adce8999989d80c80fda3607dac324cbd47681c1;/home/luna/TG/java-projects/guava/guava-tests/test/com/google/common/collect/HashBiMapTest.java;36;231;HashBiMapTest;TestCase;[];0;[];[GwtCompatible];
;;guava;adce8999989d80c80fda3607dac324cbd47681c1;/home/luna/TG/java-projects/guava/guava-tests/test/com/google/common/collect/HashBiMapTest.java;44;53;HashBiMapGenerator;TestStringBiMapGenerator;[];0;[];[];
;;guava;adce8999989d80c80fda3607dac324cbd47681c1;/home/luna/TG/java-projects/guava/guava-tests/test/com/google/common/collect/MultimapsCollectionTest.java;67;711;MultimapsCollectionTest;TestCase;[];0;[];[GwtIncompatible];
;;guava;adce8999989d80c80fda3607dac324cbd47681c1;/home/luna/TG/java-projects/guava/guava-tests/test/com/google/common/collect/MultimapsCollectionTest.java;127;172;PopulatableMapAsMultimap;ForwardingMultimap<K,V>;[];2;[[K, V], [K, V]];[];
;;guava;adce8999989d80c80fda3607dac324cbd47681c1;/home/luna/TG/java-projects/guava/guava-tests/test/com/google/common/collect/MultimapsCollectionTest.java;174;210;TestEntriesGenerator;null;[TestCollectionGenerator<Entry<String,Integer>>];0;[];[];
;;guava;adce8999989d80c80fda3607dac324cbd47681c1;/home/luna/TG/java-projects/guava/guava-tests/test/com/google/common/collect/MultimapsCollectionTest.java;212;218;TestEntriesListGenerator;TestEntriesGenerator;[TestListGenerator<Entry<String,Integer>>];0;[];[];
;;guava;adce8999989d80c80fda3607dac324cbd47681c1;/home/luna/TG/java-projects/guava/guava-tests/test/com/google/common/collect/MultimapsCollectionTest.java;312;388;TransformedMultimapGenerator;null;[TestMultimapGenerator<String,String,M>];1;[[M extends Multimap<String,String>]];[];
;;guava;adce8999989d80c80fda3607dac324cbd47681c1;/home/luna/TG/java-projects/guava/guava-tests/test/com/google/common/collect/MultimapsCollectionTest.java;390;393;TransformedListMultimapGenerator;TransformedMultimapGenerator<ListMultimap<String,String>>;[TestListMultimapGenerator<String,String>];0;[];[];
;;guava;adce8999989d80c80fda3607dac324cbd47681c1;/home/luna/TG/java-projects/guava/guava-tests/test/com/google/common/collect/MultimapsCollectionTest.java;462;505;TestFilteredMultimapGenerator;null;[TestMultimapGenerator<String,Integer,M>];1;[[M extends Multimap<String,Integer>]];[];
;;guava;adce8999989d80c80fda3607dac324cbd47681c1;/home/luna/TG/java-projects/guava/guava-tests/test/com/google/common/collect/MultimapsCollectionTest.java;507;528;FilteredSetMultimapGenerator;TestFilteredMultimapGenerator<SetMultimap<String,Integer>>;[TestSetMultimapGenerator<String,Integer>];0;[];[];
;;guava;adce8999989d80c80fda3607dac324cbd47681c1;/home/luna/TG/java-projects/guava/guava-tests/test/com/google/common/collect/MultimapsCollectionTest.java;530;551;FilteredListMultimapGenerator;TestFilteredMultimapGenerator<ListMultimap<String,Integer>>;[TestListMultimapGenerator<String,Integer>];0;[];[];
;;guava;adce8999989d80c80fda3607dac324cbd47681c1;/home/luna/TG/java-projects/guava/guava-tests/test/com/google/common/collect/MapsCollectionTest.java;56;749;MapsCollectionTest;TestCase;[];0;[];[];
;;guava;adce8999989d80c80fda3607dac324cbd47681c1;/home/luna/TG/java-projects/guava/guava-tests/test/com/google/common/collect/MapsCollectionTest.java;579;588;NonNavigableSortedSet;ForwardingSortedSet<String>;[];0;[];[];
;;guava;adce8999989d80c80fda3607dac324cbd47681c1;/home/luna/TG/java-projects/guava/guava-tests/test/com/google/common/collect/MapsCollectionTest.java;590;600;NonNavigableSortedMap;ForwardingSortedMap<String,String>;[];0;[];[];
;;guava;adce8999989d80c80fda3607dac324cbd47681c1;/home/luna/TG/java-projects/guava/guava-tests/test/com/google/common/collect/SimpleAbstractMultisetTest.java;35;139;SimpleAbstractMultisetTest;TestCase;[];0;[];[SuppressWarnings, GwtCompatible];
;;guava;adce8999989d80c80fda3607dac324cbd47681c1;/home/luna/TG/java-projects/guava/guava-tests/test/com/google/common/collect/SimpleAbstractMultisetTest.java;88;138;NoRemoveMultiset;AbstractMultiset<E>;[Serializable];1;[[E]];[];
;;guava;adce8999989d80c80fda3607dac324cbd47681c1;/home/luna/TG/java-projects/guava/guava-tests/test/com/google/common/collect/ConstrainedSetMultimapTest.java;31;72;ConstrainedSetMultimapTest;TestCase;[];0;[];[];
;;guava;adce8999989d80c80fda3607dac324cbd47681c1;/home/luna/TG/java-projects/guava/guava-tests/test/com/google/common/collect/CountTest.java;20;54;CountTest;TestCase;[];0;[];[GwtCompatible];
;;guava;adce8999989d80c80fda3607dac324cbd47681c1;/home/luna/TG/java-projects/guava/guava-tests/test/com/google/common/collect/ForwardingSortedSetMultimapTest.java;24;57;ForwardingSortedSetMultimapTest;TestCase;[];0;[];[];
;;guava;adce8999989d80c80fda3607dac324cbd47681c1;/home/luna/TG/java-projects/guava/guava-tests/test/com/google/common/collect/SynchronizedDequeTest.java;24;295;SynchronizedDequeTest;TestCase;[];0;[];[];
;;guava;adce8999989d80c80fda3607dac324cbd47681c1;/home/luna/TG/java-projects/guava/guava-tests/test/com/google/common/collect/SynchronizedDequeTest.java;38;254;TestDeque;null;[Deque<E>];1;[[E]];[];
;;guava;adce8999989d80c80fda3607dac324cbd47681c1;/home/luna/TG/java-projects/guava/guava-tests/test/com/google/common/collect/TreeBasedTableTest.java;39;450;TreeBasedTableTest;AbstractTableTest;[];0;[];[GwtCompatible];
;;guava;adce8999989d80c80fda3607dac324cbd47681c1;/home/luna/TG/java-projects/guava/guava-tests/test/com/google/common/collect/TreeBasedTableTest.java;74;121;TreeRowTest;SortedMapInterfaceTest<String,String>;[];0;[];[];
;;guava;adce8999989d80c80fda3607dac324cbd47681c1;/home/luna/TG/java-projects/guava/guava-tests/test/com/google/common/collect/ForwardingMultimapTest.java;24;57;ForwardingMultimapTest;TestCase;[];0;[];[];
;;guava;adce8999989d80c80fda3607dac324cbd47681c1;/home/luna/TG/java-projects/guava/guava-tests/test/com/google/common/collect/ForwardingCollectionTest.java;33;141;ForwardingCollectionTest;TestCase;[];0;[];[];
;;guava;adce8999989d80c80fda3607dac324cbd47681c1;/home/luna/TG/java-projects/guava/guava-tests/test/com/google/common/collect/ForwardingCollectionTest.java;41;92;StandardImplForwardingCollection;ForwardingCollection<T>;[];1;[[T]];[];
;;guava;adce8999989d80c80fda3607dac324cbd47681c1;/home/luna/TG/java-projects/guava/guava-tests/test/com/google/common/collect/MinMaxPriorityQueueTest.java;48;937;MinMaxPriorityQueueTest;TestCase;[];0;[];[GwtCompatible];
;;guava;adce8999989d80c80fda3607dac324cbd47681c1;/home/luna/TG/java-projects/guava/guava-tests/test/com/google/common/collect/MapsSortedTransformValuesTest.java;24;46;MapsSortedTransformValuesTest;MapsTransformValuesTest;[];0;[];[GwtCompatible];
;;guava;adce8999989d80c80fda3607dac324cbd47681c1;/home/luna/TG/java-projects/guava/guava-tests/test/com/google/common/collect/ConcurrentHashMultisetTest.java;43;430;ConcurrentHashMultisetTest;TestCase;[];0;[];[];
;;guava;adce8999989d80c80fda3607dac324cbd47681c1;/home/luna/TG/java-projects/guava/guava-tests/test/com/google/common/collect/SynchronizedMapTest.java;31;216;SynchronizedMapTest;TestCase;[];0;[];[];
;;guava;adce8999989d80c80fda3607dac324cbd47681c1;/home/luna/TG/java-projects/guava/guava-tests/test/com/google/common/collect/SynchronizedMapTest.java;45;135;TestMap;ForwardingMap<K,V>;[Serializable];2;[[K, V], [K, V]];[];
;;guava;adce8999989d80c80fda3607dac324cbd47681c1;/home/luna/TG/java-projects/guava/guava-tests/test/com/google/common/collect/EnumMultisetTest.java;39;171;EnumMultisetTest;TestCase;[];0;[];[GwtCompatible];
;;guava;adce8999989d80c80fda3607dac324cbd47681c1;/home/luna/TG/java-projects/guava/guava-tests/test/com/google/common/collect/EnumMultisetTest.java;149;153;EnumMultisetFactory;null;[];0;[];[];
;;guava;adce8999989d80c80fda3607dac324cbd47681c1;/home/luna/TG/java-projects/guava/guava-tests/test/com/google/common/collect/ImmutableListTest.java;59;845;ImmutableListTest;TestCase;[];0;[];[GwtCompatible];
;;guava;adce8999989d80c80fda3607dac324cbd47681c1;/home/luna/TG/java-projects/guava/guava-tests/test/com/google/common/collect/ImmutableListTest.java;127;461;CreationTests;TestCase;[];0;[];[];
;;guava;adce8999989d80c80fda3607dac324cbd47681c1;/home/luna/TG/java-projects/guava/guava-tests/test/com/google/common/collect/ImmutableListTest.java;360;367;CountingIterable;null;[Iterable<String>];0;[];[];
;;guava;adce8999989d80c80fda3607dac324cbd47681c1;/home/luna/TG/java-projects/guava/guava-tests/test/com/google/common/collect/ImmutableListTest.java;463;670;ConcurrentTests;TestCase;[];0;[];[GwtIncompatible];
;;guava;adce8999989d80c80fda3607dac324cbd47681c1;/home/luna/TG/java-projects/guava/guava-tests/test/com/google/common/collect/ImmutableListTest.java;567;570;ListFrobber;null;[];0;[];[];
;;guava;adce8999989d80c80fda3607dac324cbd47681c1;/home/luna/TG/java-projects/guava/guava-tests/test/com/google/common/collect/ImmutableListTest.java;598;609;ConcurrentlyMutatedList;null;[List<E>];1;[[E]];[];
;;guava;adce8999989d80c80fda3607dac324cbd47681c1;/home/luna/TG/java-projects/guava/guava-tests/test/com/google/common/collect/ImmutableListTest.java;672;844;BasicTests;TestCase;[];0;[];[];
;;guava;adce8999989d80c80fda3607dac324cbd47681c1;/home/luna/TG/java-projects/guava/guava-tests/test/com/google/common/collect/ArrayTableTest.java;32;470;ArrayTableTest;AbstractTableTest;[];0;[];[GwtCompatible];
;;guava;adce8999989d80c80fda3607dac324cbd47681c1;/home/luna/TG/java-projects/guava/guava-tests/test/com/google/common/collect/TablesTransformValuesTest.java;25;85;TablesTransformValuesTest;AbstractTableTest;[];0;[];[GwtCompatible];
;;guava;adce8999989d80c80fda3607dac324cbd47681c1;/home/luna/TG/java-projects/guava/guava-tests/test/com/google/common/collect/ConstrainedBiMapTest.java;35;130;ConstrainedBiMapTest;TestCase;[];0;[];[GwtCompatible];
;;guava;adce8999989d80c80fda3607dac324cbd47681c1;/home/luna/TG/java-projects/guava/guava-tests/test/com/google/common/collect/ConstrainedBiMapTest.java;103;115;ConstrainedBiMapGenerator;TestStringBiMapGenerator;[];0;[];[];
;;guava;adce8999989d80c80fda3607dac324cbd47681c1;/home/luna/TG/java-projects/guava/guava-tests/test/com/google/common/collect/ConstrainedBiMapTest.java;117;129;TestConstraint;null;[MapConstraint<String,String>];0;[];[];
;;guava;adce8999989d80c80fda3607dac324cbd47681c1;/home/luna/TG/java-projects/guava/guava-tests/test/com/google/common/collect/MultisetsTest.java;30;286;MultisetsTest;TestCase;[];0;[];[GwtCompatible];
;;guava;adce8999989d80c80fda3607dac324cbd47681c1;/home/luna/TG/java-projects/guava/guava-tests/test/com/google/common/collect/NewCustomTableTest.java;26;60;NewCustomTableTest;AbstractTableTest;[];0;[];[GwtCompatible];
;;guava;adce8999989d80c80fda3607dac324cbd47681c1;/home/luna/TG/java-projects/guava/guava-tests/test/com/google/common/collect/AbstractRangeSetTest.java;23;75;AbstractRangeSetTest;TestCase;[];0;[];[GwtIncompatible];
;;guava;adce8999989d80c80fda3607dac324cbd47681c1;/home/luna/TG/java-projects/guava/guava-tests/test/com/google/common/collect/ImmutableMapTest.java;64;763;ImmutableMapTest;TestCase;[];0;[];[GwtCompatible];
;;guava;adce8999989d80c80fda3607dac324cbd47681c1;/home/luna/TG/java-projects/guava/guava-tests/test/com/google/common/collect/ImmutableMapTest.java;152;183;AbstractMapTests;MapInterfaceTest<K,V>;[];2;[[K, V], [K, V]];[];
;;guava;adce8999989d80c80fda3607dac324cbd47681c1;/home/luna/TG/java-projects/guava/guava-tests/test/com/google/common/collect/ImmutableMapTest.java;185;201;MapTests;AbstractMapTests<String,Integer>;[];0;[];[];
;;guava;adce8999989d80c80fda3607dac324cbd47681c1;/home/luna/TG/java-projects/guava/guava-tests/test/com/google/common/collect/ImmutableMapTest.java;203;216;SingletonMapTests;AbstractMapTests<String,Integer>;[];0;[];[];
;;guava;adce8999989d80c80fda3607dac324cbd47681c1;/home/luna/TG/java-projects/guava/guava-tests/test/com/google/common/collect/ImmutableMapTest.java;218;232;ReserializedMapTests;AbstractMapTests<String,Integer>;[];0;[];[GwtIncompatible];
;;guava;adce8999989d80c80fda3607dac324cbd47681c1;/home/luna/TG/java-projects/guava/guava-tests/test/com/google/common/collect/ImmutableMapTest.java;234;257;MapTestsWithBadHashes;AbstractMapTests<Object,Integer>;[];0;[];[];
;;guava;adce8999989d80c80fda3607dac324cbd47681c1;/home/luna/TG/java-projects/guava/guava-tests/test/com/google/common/collect/ImmutableMapTest.java;259;279;MapTestsWithUnhashableValues;AbstractMapTests<Integer,UnhashableObject>;[];0;[];[GwtIncompatible];
;;guava;adce8999989d80c80fda3607dac324cbd47681c1;/home/luna/TG/java-projects/guava/guava-tests/test/com/google/common/collect/ImmutableMapTest.java;281;287;MapTestsWithSingletonUnhashableValue;MapTestsWithUnhashableValues;[];0;[];[GwtIncompatible];
;;guava;adce8999989d80c80fda3607dac324cbd47681c1;/home/luna/TG/java-projects/guava/guava-tests/test/com/google/common/collect/ImmutableMapTest.java;289;649;CreationTests;TestCase;[];0;[];[];
;;guava;adce8999989d80c80fda3607dac324cbd47681c1;/home/luna/TG/java-projects/guava/guava-tests/test/com/google/common/collect/ImmutableMapTest.java;369;371;StringHolder;null;[];0;[];[];
;;guava;adce8999989d80c80fda3607dac324cbd47681c1;/home/luna/TG/java-projects/guava/guava-tests/test/com/google/common/collect/ImmutableMapTest.java;452;470;SimpleEntry;AbstractMapEntry<K,V>;[];2;[[K, V], [K, V]];[];
;;guava;adce8999989d80c80fda3607dac324cbd47681c1;/home/luna/TG/java-projects/guava/guava-tests/test/com/google/common/collect/ImmutableMapTest.java;700;716;IntHolder;null;[Serializable];0;[];[];
;;guava;adce8999989d80c80fda3607dac324cbd47681c1;/home/luna/TG/java-projects/guava/guava-tests/test/com/google/common/collect/CollectSpliteratorsTest.java;27;67;CollectSpliteratorsTest;TestCase;[];0;[];[GwtCompatible];
;;guava;adce8999989d80c80fda3607dac324cbd47681c1;/home/luna/TG/java-projects/guava/guava-tests/test/com/google/common/collect/RangeTest.java;35;639;RangeTest;TestCase;[];0;[];[GwtCompatible];
;;guava;adce8999989d80c80fda3607dac324cbd47681c1;/home/luna/TG/java-projects/guava/guava-tests/test/com/google/common/collect/TreeMultisetTest.java;44;363;TreeMultisetTest;TestCase;[];0;[];[GwtCompatible];
;;guava;adce8999989d80c80fda3607dac324cbd47681c1;/home/luna/TG/java-projects/guava/guava-tests/test/com/google/common/collect/SingletonImmutableTableTest.java;26;135;SingletonImmutableTableTest;AbstractImmutableTableTest;[];0;[];[GwtCompatible];
;;guava;adce8999989d80c80fda3607dac324cbd47681c1;/home/luna/TG/java-projects/guava/guava-tests/test/com/google/common/collect/LinkedHashMultimapTest.java;49;488;LinkedHashMultimapTest;TestCase;[];0;[];[GwtCompatible];
;;guava;adce8999989d80c80fda3607dac324cbd47681c1;/home/luna/TG/java-projects/guava/guava-tests/test/com/google/common/collect/TreeTraverserTest.java;29;168;TreeTraverserTest;TestCase;[];0;[];[GwtCompatible];
;;guava;adce8999989d80c80fda3607dac324cbd47681c1;/home/luna/TG/java-projects/guava/guava-tests/test/com/google/common/collect/TreeTraverserTest.java;36;42;Node;null;[];0;[];[];
;;guava;adce8999989d80c80fda3607dac324cbd47681c1;/home/luna/TG/java-projects/guava/guava-tests/test/com/google/common/collect/TreeTraverserTest.java;44;51;Tree;Node;[];0;[];[];
;;guava;adce8999989d80c80fda3607dac324cbd47681c1;/home/luna/TG/java-projects/guava/guava-tests/test/com/google/common/collect/TreeTraverserTest.java;53;63;BinaryTree;Node;[];0;[];[];
;;guava;adce8999989d80c80fda3607dac324cbd47681c1;/home/luna/TG/java-projects/guava/guava-tests/test/com/google/common/collect/ConstrainedMapImplementsMapTest.java;25;105;ConstrainedMapImplementsMapTest;MapInterfaceTest<String,Integer>;[];0;[];[GwtCompatible];
;;guava;adce8999989d80c80fda3607dac324cbd47681c1;/home/luna/TG/java-projects/guava/guava-tests/test/com/google/common/collect/RangeNonGwtTest.java;22;40;RangeNonGwtTest;TestCase;[];0;[];[];
;;guava;adce8999989d80c80fda3607dac324cbd47681c1;/home/luna/TG/java-projects/guava/guava-tests/test/com/google/common/collect/ListsTest.java;57;897;ListsTest;TestCase;[];0;[];[GwtCompatible];
;;guava;adce8999989d80c80fda3607dac324cbd47681c1;/home/luna/TG/java-projects/guava/guava-tests/test/com/google/common/collect/ListsTest.java;72;78;RemoveFirstFunction;null;[Function<String,String>, Serializable];0;[];[];
;;guava;adce8999989d80c80fda3607dac324cbd47681c1;/home/luna/TG/java-projects/guava/guava-tests/test/com/google/common/collect/ListsTest.java;80;86;SomeIterable;null;[Iterable<Integer>, Serializable];0;[];[];
;;guava;adce8999989d80c80fda3607dac324cbd47681c1;/home/luna/TG/java-projects/guava/guava-tests/test/com/google/common/collect/ListsTest.java;100;107;SomeFunction;null;[Function<Number,String>, Serializable];0;[];[];
;;guava;adce8999989d80c80fda3607dac324cbd47681c1;/home/luna/TG/java-projects/guava/guava-tests/test/com/google/common/collect/ComparatorsTest.java;27;72;ComparatorsTest;TestCase;[];0;[];[];
;;guava;adce8999989d80c80fda3607dac324cbd47681c1;/home/luna/TG/java-projects/guava/guava-tests/test/com/google/common/collect/LinkedHashMultisetTest.java;35;131;LinkedHashMultisetTest;TestCase;[];0;[];[GwtCompatible];
;;guava;adce8999989d80c80fda3607dac324cbd47681c1;/home/luna/TG/java-projects/guava/guava-tests/test/com/google/common/collect/ConcurrentHashMultisetBasherTest.java;34;167;ConcurrentHashMultisetBasherTest;TestCase;[];0;[];[];
;;guava;adce8999989d80c80fda3607dac324cbd47681c1;/home/luna/TG/java-projects/guava/guava-tests/test/com/google/common/collect/ConcurrentHashMultisetBasherTest.java;100;166;MutateTask;null;[Callable<int[]>];0;[];[];
;;guava;adce8999989d80c80fda3607dac324cbd47681c1;/home/luna/TG/java-projects/guava/guava-tests/test/com/google/common/collect/PeekingIteratorTest.java;34;247;PeekingIteratorTest;TestCase;[];0;[];[SuppressWarnings, GwtCompatible];
;;guava;adce8999989d80c80fda3607dac324cbd47681c1;/home/luna/TG/java-projects/guava/guava-tests/test/com/google/common/collect/PeekingIteratorTest.java;43;72;PeekingIteratorTester;IteratorTester<T>;[];1;[[T]];[];
;;guava;adce8999989d80c80fda3607dac324cbd47681c1;/home/luna/TG/java-projects/guava/guava-tests/test/com/google/common/collect/PeekingIteratorTest.java;183;183;ThrowsAtEndException;RuntimeException;[];0;[];[];
;;guava;adce8999989d80c80fda3607dac324cbd47681c1;/home/luna/TG/java-projects/guava/guava-tests/test/com/google/common/collect/PeekingIteratorTest.java;185;211;ThrowsAtEndIterator;null;[Iterator<E>];1;[[E]];[];
;;guava;adce8999989d80c80fda3607dac324cbd47681c1;/home/luna/TG/java-projects/guava/guava-tests/test/com/google/common/collect/AbstractMultimapAsMapImplementsMapTest.java;24;93;AbstractMultimapAsMapImplementsMapTest;MapInterfaceTest<String,Collection<Integer>>;[];0;[];[GwtCompatible];
;;guava;adce8999989d80c80fda3607dac324cbd47681c1;/home/luna/TG/java-projects/guava/guava-tests/test/com/google/common/collect/Collections2Test.java;44;500;Collections2Test;TestCase;[];0;[];[GwtCompatible];
;;guava;adce8999989d80c80fda3607dac324cbd47681c1;/home/luna/TG/java-projects/guava/guava-tests/test/com/google/common/collect/LenientSerializableTester.java;29;64;LenientSerializableTester;null;[];0;[];[GwtCompatible];
;;guava;adce8999989d80c80fda3607dac324cbd47681c1;/home/luna/TG/java-projects/guava/guava-tests/test/com/google/common/collect/SynchronizedBiMapTest.java;34;155;SynchronizedBiMapTest;SynchronizedMapTest;[];0;[];[];
;;guava;adce8999989d80c80fda3607dac324cbd47681c1;/home/luna/TG/java-projects/guava/guava-tests/test/com/google/common/collect/SynchronizedBiMapTest.java;75;86;SynchronizedHashBiMapGenerator;TestStringBiMapGenerator;[];0;[];[];
;;guava;adce8999989d80c80fda3607dac324cbd47681c1;/home/luna/TG/java-projects/guava/guava-tests/test/com/google/common/collect/SynchronizedBiMapTest.java;88;101;SynchTestingBiMapGenerator;TestStringBiMapGenerator;[];0;[];[];
;;guava;adce8999989d80c80fda3607dac324cbd47681c1;/home/luna/TG/java-projects/guava/guava-tests/test/com/google/common/collect/SynchronizedBiMapTest.java;103;135;TestBiMap;TestMap<K,V>;[BiMap<K,V>];2;[[K, V], [K, V]];[];
;;guava;adce8999989d80c80fda3607dac324cbd47681c1;/home/luna/TG/java-projects/guava/guava-tests/test/com/google/common/collect/FauxveridesTest.java;38;293;FauxveridesTest;TestCase;[];0;[];[];
;;guava;adce8999989d80c80fda3607dac324cbd47681c1;/home/luna/TG/java-projects/guava/guava-tests/test/com/google/common/collect/FauxveridesTest.java;164;205;MethodSignature;null;[Comparable<MethodSignature>];0;[];[];
;;guava;adce8999989d80c80fda3607dac324cbd47681c1;/home/luna/TG/java-projects/guava/guava-tests/test/com/google/common/collect/FauxveridesTest.java;207;239;TypeSignature;null;[];0;[];[];
;;guava;adce8999989d80c80fda3607dac324cbd47681c1;/home/luna/TG/java-projects/guava/guava-tests/test/com/google/common/collect/FauxveridesTest.java;241;272;TypeParameterSignature;null;[];0;[];[];
;;guava;adce8999989d80c80fda3607dac324cbd47681c1;/home/luna/TG/java-projects/guava/guava-tests/test/com/google/common/collect/StreamsTest.java;42;283;StreamsTest;TestCase;[];0;[];[];
;;guava;adce8999989d80c80fda3607dac324cbd47681c1;/home/luna/TG/java-projects/guava/guava-tests/test/com/google/common/collect/MapsTransformValuesTest.java;29;304;MapsTransformValuesTest;MapInterfaceTest<String,String>;[];0;[];[GwtCompatible];
;;guava;adce8999989d80c80fda3607dac324cbd47681c1;/home/luna/TG/java-projects/guava/guava-tests/test/com/google/common/collect/MutableClassToInstanceMapTest.java;31;141;MutableClassToInstanceMapTest;TestCase;[];0;[];[];
;;guava;adce8999989d80c80fda3607dac324cbd47681c1;/home/luna/TG/java-projects/guava/guava-tests/test/com/google/common/collect/ConstrainedMapTest.java;35;128;ConstrainedMapTest;TestCase;[];0;[];[GwtCompatible];
;;guava;adce8999989d80c80fda3607dac324cbd47681c1;/home/luna/TG/java-projects/guava/guava-tests/test/com/google/common/collect/ConstrainedMapTest.java;102;113;ConstrainedMapGenerator;TestStringMapGenerator;[];0;[];[];
;;guava;adce8999989d80c80fda3607dac324cbd47681c1;/home/luna/TG/java-projects/guava/guava-tests/test/com/google/common/collect/ConstrainedMapTest.java;115;127;TestConstraint;null;[MapConstraint<String,String>];0;[];[];
;;guava;adce8999989d80c80fda3607dac324cbd47681c1;/home/luna/TG/java-projects/guava/guava-tests/test/com/google/common/collect/SynchronizedMultimapTest.java;38;242;SynchronizedMultimapTest;TestCase;[];0;[];[];
;;guava;adce8999989d80c80fda3607dac324cbd47681c1;/home/luna/TG/java-projects/guava/guava-tests/test/com/google/common/collect/SynchronizedMultimapTest.java;71;196;TestMultimap;ForwardingSetMultimap<K,V>;[Serializable];2;[[K, V], [K, V]];[];
;;guava;adce8999989d80c80fda3607dac324cbd47681c1;/home/luna/TG/java-projects/guava/guava-tests/test/com/google/common/collect/UnmodifiableListIteratorTest.java;25;102;UnmodifiableListIteratorTest;TestCase;[];0;[];[GwtCompatible];
;;guava;adce8999989d80c80fda3607dac324cbd47681c1;/home/luna/TG/java-projects/guava/guava-tests/test/com/google/common/collect/MultimapsTest.java;66;1058;MultimapsTest;TestCase;[];0;[];[GwtCompatible];
;;guava;adce8999989d80c80fda3607dac324cbd47681c1;/home/luna/TG/java-projects/guava/guava-tests/test/com/google/common/collect/MultimapsTest.java;601;612;CountingSupplier;null;[Supplier<E>, Serializable];1;[[E]];[];
;;guava;adce8999989d80c80fda3607dac324cbd47681c1;/home/luna/TG/java-projects/guava/guava-tests/test/com/google/common/collect/MultimapsTest.java;614;619;QueueSupplier;CountingSupplier<Queue<Integer>>;[];0;[];[];
;;guava;adce8999989d80c80fda3607dac324cbd47681c1;/home/luna/TG/java-projects/guava/guava-tests/test/com/google/common/collect/MultimapsTest.java;701;707;ListSupplier;CountingSupplier<LinkedList<Integer>>;[];0;[];[];
;;guava;adce8999989d80c80fda3607dac324cbd47681c1;/home/luna/TG/java-projects/guava/guava-tests/test/com/google/common/collect/MultimapsTest.java;736;741;SetSupplier;CountingSupplier<Set<Integer>>;[];0;[];[];
;;guava;adce8999989d80c80fda3607dac324cbd47681c1;/home/luna/TG/java-projects/guava/guava-tests/test/com/google/common/collect/MultimapsTest.java;766;772;SortedSetSupplier;CountingSupplier<TreeSet<Integer>>;[];0;[];[];
;;guava;adce8999989d80c80fda3607dac324cbd47681c1;/home/luna/TG/java-projects/guava/guava-tests/test/com/google/common/collect/ForwardingMapTest.java;48;351;ForwardingMapTest;TestCase;[];0;[];[];
;;guava;adce8999989d80c80fda3607dac324cbd47681c1;/home/luna/TG/java-projects/guava/guava-tests/test/com/google/common/collect/ForwardingMapTest.java;55;120;StandardImplForwardingMap;ForwardingMap<K,V>;[];2;[[K, V], [K, V]];[];
;;guava;adce8999989d80c80fda3607dac324cbd47681c1;/home/luna/TG/java-projects/guava/guava-tests/test/com/google/common/collect/ImmutableSetMultimapAsMapImplementsMapTest.java;24;47;ImmutableSetMultimapAsMapImplementsMapTest;AbstractMultimapAsMapImplementsMapTest;[];0;[];[GwtCompatible];
;;guava;adce8999989d80c80fda3607dac324cbd47681c1;/home/luna/TG/java-projects/guava/guava-tests/test/com/google/common/collect/HashMultimapTest.java;31;117;HashMultimapTest;TestCase;[];0;[];[GwtCompatible];
;;guava;adce8999989d80c80fda3607dac324cbd47681c1;/home/luna/TG/java-projects/guava/guava-tests/test/com/google/common/collect/ImmutableSortedMapTest.java;56;865;ImmutableSortedMapTest;TestCase;[];0;[];[GwtCompatible];
;;guava;adce8999989d80c80fda3607dac324cbd47681c1;/home/luna/TG/java-projects/guava/guava-tests/test/com/google/common/collect/ImmutableSortedMapTest.java;123;154;AbstractMapTests;SortedMapInterfaceTest<K,V>;[];2;[[K, V], [K, V]];[];
;;guava;adce8999989d80c80fda3607dac324cbd47681c1;/home/luna/TG/java-projects/guava/guava-tests/test/com/google/common/collect/ImmutableSortedMapTest.java;156;172;MapTests;AbstractMapTests<String,Integer>;[];0;[];[];
;;guava;adce8999989d80c80fda3607dac324cbd47681c1;/home/luna/TG/java-projects/guava/guava-tests/test/com/google/common/collect/ImmutableSortedMapTest.java;174;187;SingletonMapTests;AbstractMapTests<String,Integer>;[];0;[];[];
;;guava;adce8999989d80c80fda3607dac324cbd47681c1;/home/luna/TG/java-projects/guava/guava-tests/test/com/google/common/collect/ImmutableSortedMapTest.java;189;203;ReserializedMapTests;AbstractMapTests<String,Integer>;[];0;[];[GwtIncompatible];
;;guava;adce8999989d80c80fda3607dac324cbd47681c1;/home/luna/TG/java-projects/guava/guava-tests/test/com/google/common/collect/ImmutableSortedMapTest.java;205;218;HeadMapTests;AbstractMapTests<String,Integer>;[];0;[];[];
;;guava;adce8999989d80c80fda3607dac324cbd47681c1;/home/luna/TG/java-projects/guava/guava-tests/test/com/google/common/collect/ImmutableSortedMapTest.java;220;233;HeadMapInclusiveTests;AbstractMapTests<String,Integer>;[];0;[];[];
;;guava;adce8999989d80c80fda3607dac324cbd47681c1;/home/luna/TG/java-projects/guava/guava-tests/test/com/google/common/collect/ImmutableSortedMapTest.java;235;248;TailMapTests;AbstractMapTests<String,Integer>;[];0;[];[];
;;guava;adce8999989d80c80fda3607dac324cbd47681c1;/home/luna/TG/java-projects/guava/guava-tests/test/com/google/common/collect/ImmutableSortedMapTest.java;250;263;TailExclusiveMapTests;AbstractMapTests<String,Integer>;[];0;[];[];
;;guava;adce8999989d80c80fda3607dac324cbd47681c1;/home/luna/TG/java-projects/guava/guava-tests/test/com/google/common/collect/ImmutableSortedMapTest.java;265;278;SubMapTests;AbstractMapTests<String,Integer>;[];0;[];[];
;;guava;adce8999989d80c80fda3607dac324cbd47681c1;/home/luna/TG/java-projects/guava/guava-tests/test/com/google/common/collect/ImmutableSortedMapTest.java;280;709;CreationTests;TestCase;[];0;[];[];
;;guava;adce8999989d80c80fda3607dac324cbd47681c1;/home/luna/TG/java-projects/guava/guava-tests/test/com/google/common/collect/ImmutableSortedMapTest.java;339;341;StringHolder;null;[];0;[];[];
;;guava;adce8999989d80c80fda3607dac324cbd47681c1;/home/luna/TG/java-projects/guava/guava-tests/test/com/google/common/collect/ImmutableSortedMapTest.java;589;604;IntegerDiv10;null;[Comparable<IntegerDiv10>];0;[];[];
;;guava;adce8999989d80c80fda3607dac324cbd47681c1;/home/luna/TG/java-projects/guava/guava-tests/test/com/google/common/collect/ImmutableSortedMapTest.java;738;754;IntHolder;null;[Serializable];0;[];[];
;;guava;adce8999989d80c80fda3607dac324cbd47681c1;/home/luna/TG/java-projects/guava/guava-tests/test/com/google/common/collect/ImmutableSortedMapTest.java;841;846;SelfComparableExample;null;[Comparable<SelfComparableExample>];0;[];[];
;;guava;adce8999989d80c80fda3607dac324cbd47681c1;/home/luna/TG/java-projects/guava/guava-tests/test/com/google/common/collect/ImmutableSortedMapTest.java;856;856;SuperComparableExample;SelfComparableExample;[];0;[];[];
;;guava;adce8999989d80c80fda3607dac324cbd47681c1;/home/luna/TG/java-projects/guava/guava-tests/test/com/google/common/collect/AbstractMultisetTest.java;33;682;AbstractMultisetTest;AbstractCollectionTest;[];0;[];[GwtCompatible];
;;guava;adce8999989d80c80fda3607dac324cbd47681c1;/home/luna/TG/java-projects/guava/guava-tests/test/com/google/common/collect/AbstractMultisetTest.java;105;105;WrongType;null;[];0;[];[];
;;guava;adce8999989d80c80fda3607dac324cbd47681c1;/home/luna/TG/java-projects/guava/guava-tests/test/com/google/common/collect/AbstractImmutableSetTest.java;36;474;AbstractImmutableSetTest;TestCase;[];0;[];[GwtCompatible];
;;guava;adce8999989d80c80fda3607dac324cbd47681c1;/home/luna/TG/java-projects/guava/guava-tests/test/com/google/common/collect/AbstractImmutableSetTest.java;208;215;CountingIterable;null;[Iterable<String>];0;[];[];
;;guava;adce8999989d80c80fda3607dac324cbd47681c1;/home/luna/TG/java-projects/guava/guava-tests/test/com/google/common/collect/AbstractIteratorTest.java;27;294;AbstractIteratorTest;TestCase;[];0;[];[SuppressWarnings, GwtCompatible];
;;guava;adce8999989d80c80fda3607dac324cbd47681c1;/home/luna/TG/java-projects/guava/guava-tests/test/com/google/common/collect/AbstractIteratorTest.java;280;285;SneakyThrower;null;[];1;[[T extends Throwable]];[];
;;guava;adce8999989d80c80fda3607dac324cbd47681c1;/home/luna/TG/java-projects/guava/guava-tests/test/com/google/common/collect/AbstractIteratorTest.java;289;290;SomeCheckedException;Exception;[];0;[];[];
;;guava;adce8999989d80c80fda3607dac324cbd47681c1;/home/luna/TG/java-projects/guava/guava-tests/test/com/google/common/collect/AbstractIteratorTest.java;292;293;SomeUncheckedException;RuntimeException;[];0;[];[];
;;guava;adce8999989d80c80fda3607dac324cbd47681c1;/home/luna/TG/java-projects/guava/guava-tests/test/com/google/common/collect/AbstractBiMapTest.java;22;64;AbstractBiMapTest;TestCase;[];0;[];[];
;;guava;adce8999989d80c80fda3607dac324cbd47681c1;/home/luna/TG/java-projects/guava/guava-tests/test/com/google/common/collect/TreeMultimapNaturalTest.java;55;518;TreeMultimapNaturalTest;TestCase;[];0;[];[GwtCompatible];
;;guava;adce8999989d80c80fda3607dac324cbd47681c1;/home/luna/TG/java-projects/guava/guava-tests/test/com/google/common/collect/ForwardingDequeTest.java;24;48;ForwardingDequeTest;TestCase;[];0;[];[];
;;guava;adce8999989d80c80fda3607dac324cbd47681c1;/home/luna/TG/java-projects/guava/guava-tests/test/com/google/common/collect/RangesTest.java;31;97;RangesTest;TestCase;[];0;[];[GwtCompatible, SuppressWarnings];
;;guava;adce8999989d80c80fda3607dac324cbd47681c1;/home/luna/TG/java-projects/guava/guava-tests/test/com/google/common/collect/ImmutableSortedSetTest.java;56;1115;ImmutableSortedSetTest;AbstractImmutableSetTest;[];0;[];[GwtCompatible];
;;guava;adce8999989d80c80fda3607dac324cbd47681c1;/home/luna/TG/java-projects/guava/guava-tests/test/com/google/common/collect/ImmutableSortedSetTest.java;347;348;Interface;null;[Comparable<Interface>];0;[];[];
;;guava;adce8999989d80c80fda3607dac324cbd47681c1;/home/luna/TG/java-projects/guava/guava-tests/test/com/google/common/collect/ImmutableSortedSetTest.java;349;356;Impl;null;[Interface];0;[];[];
;;guava;adce8999989d80c80fda3607dac324cbd47681c1;/home/luna/TG/java-projects/guava/guava-tests/test/com/google/common/collect/ImmutableSortedSetTest.java;698;715;TypeWithDuplicates;null;[Comparable<TypeWithDuplicates>];0;[];[];
;;guava;adce8999989d80c80fda3607dac324cbd47681c1;/home/luna/TG/java-projects/guava/guava-tests/test/com/google/common/collect/ImmutableSortedSetTest.java;1097;1102;SelfComparableExample;null;[Comparable<SelfComparableExample>];0;[];[];
;;guava;adce8999989d80c80fda3607dac324cbd47681c1;/home/luna/TG/java-projects/guava/guava-tests/test/com/google/common/collect/ImmutableSortedSetTest.java;1109;1109;SuperComparableExample;SelfComparableExample;[];0;[];[];
;;guava;adce8999989d80c80fda3607dac324cbd47681c1;/home/luna/TG/java-projects/guava/guava-tests/test/com/google/common/collect/ComputingConcurrentHashMapTest.java;48;346;ComputingConcurrentHashMapTest;TestCase;[];0;[];[];
;;guava;adce8999989d80c80fda3607dac324cbd47681c1;/home/luna/TG/java-projects/guava/guava-tests/test/com/google/common/collect/ComputingConcurrentHashMapTest.java;306;318;CountingFunction;null;[Function<Object,Object>];0;[];[];
;;guava;adce8999989d80c80fda3607dac324cbd47681c1;/home/luna/TG/java-projects/guava/guava-tests/test/com/google/common/collect/ComputingConcurrentHashMapTest.java;326;337;ConstantLoader;null;[Function<K,V>];2;[[K, V], [K, V]];[];
;;guava;adce8999989d80c80fda3607dac324cbd47681c1;/home/luna/TG/java-projects/guava/guava-tests/test/com/google/common/collect/ComputingConcurrentHashMapTest.java;339;344;IdentityLoader;null;[Function<T,T>];1;[[T]];[];
;;guava;adce8999989d80c80fda3607dac324cbd47681c1;/home/luna/TG/java-projects/guava/guava-tests/test/com/google/common/collect/ForwardingQueueTest.java;33;143;ForwardingQueueTest;TestCase;[];0;[];[];
;;guava;adce8999989d80c80fda3607dac324cbd47681c1;/home/luna/TG/java-projects/guava/guava-tests/test/com/google/common/collect/ForwardingQueueTest.java;41;104;StandardImplForwardingQueue;ForwardingQueue<T>;[];1;[[T]];[];
;;guava;adce8999989d80c80fda3607dac324cbd47681c1;/home/luna/TG/java-projects/guava/guava-tests/test/com/google/common/collect/ImmutableMultimapAsMapImplementsMapTest.java;24;47;ImmutableMultimapAsMapImplementsMapTest;AbstractMultimapAsMapImplementsMapTest;[];0;[];[GwtCompatible];
;;guava;adce8999989d80c80fda3607dac324cbd47681c1;/home/luna/TG/java-projects/guava/guava-tests/test/com/google/common/collect/SpecialRandom.java;21;55;SpecialRandom;Random;[];0;[];[];
;;guava;adce8999989d80c80fda3607dac324cbd47681c1;/home/luna/TG/java-projects/guava/guava-tests/test/com/google/common/collect/FilteredCollectionsTest.java;34;446;FilteredCollectionsTest;TestCase;[];0;[];[];
;;guava;adce8999989d80c80fda3607dac324cbd47681c1;/home/luna/TG/java-projects/guava/guava-tests/test/com/google/common/collect/FilteredCollectionsTest.java;66;87;AbstractFilteredIterableTest;TestCase;[];1;[[C extends Iterable<Integer>]];[];
;;guava;adce8999989d80c80fda3607dac324cbd47681c1;/home/luna/TG/java-projects/guava/guava-tests/test/com/google/common/collect/FilteredCollectionsTest.java;89;195;AbstractFilteredCollectionTest;AbstractFilteredIterableTest<C>;[];1;[[C extends Collection<Integer>]];[];
;;guava;adce8999989d80c80fda3607dac324cbd47681c1;/home/luna/TG/java-projects/guava/guava-tests/test/com/google/common/collect/FilteredCollectionsTest.java;197;211;AbstractFilteredSetTest;AbstractFilteredCollectionTest<C>;[];1;[[C extends Set<Integer>]];[];
;;guava;adce8999989d80c80fda3607dac324cbd47681c1;/home/luna/TG/java-projects/guava/guava-tests/test/com/google/common/collect/FilteredCollectionsTest.java;213;277;AbstractFilteredSortedSetTest;AbstractFilteredSetTest<C>;[];1;[[C extends SortedSet<Integer>]];[];
;;guava;adce8999989d80c80fda3607dac324cbd47681c1;/home/luna/TG/java-projects/guava/guava-tests/test/com/google/common/collect/FilteredCollectionsTest.java;279;367;AbstractFilteredNavigableSetTest;AbstractFilteredSortedSetTest<NavigableSet<Integer>>;[];0;[];[];
;;guava;adce8999989d80c80fda3607dac324cbd47681c1;/home/luna/TG/java-projects/guava/guava-tests/test/com/google/common/collect/FilteredCollectionsTest.java;371;382;IterablesFilterArrayListTest;AbstractFilteredIterableTest<Iterable<Integer>>;[];0;[];[];
;;guava;adce8999989d80c80fda3607dac324cbd47681c1;/home/luna/TG/java-projects/guava/guava-tests/test/com/google/common/collect/FilteredCollectionsTest.java;384;395;Collections2FilterArrayListTest;AbstractFilteredCollectionTest<Collection<Integer>>;[];0;[];[];
;;guava;adce8999989d80c80fda3607dac324cbd47681c1;/home/luna/TG/java-projects/guava/guava-tests/test/com/google/common/collect/FilteredCollectionsTest.java;397;408;SetsFilterHashSetTest;AbstractFilteredSetTest<Set<Integer>>;[];0;[];[];
;;guava;adce8999989d80c80fda3607dac324cbd47681c1;/home/luna/TG/java-projects/guava/guava-tests/test/com/google/common/collect/FilteredCollectionsTest.java;410;428;SetsFilterSortedSetTest;AbstractFilteredSortedSetTest<SortedSet<Integer>>;[];0;[];[];
;;guava;adce8999989d80c80fda3607dac324cbd47681c1;/home/luna/TG/java-projects/guava/guava-tests/test/com/google/common/collect/FilteredCollectionsTest.java;430;441;SetsFilterNavigableSetTest;AbstractFilteredNavigableSetTest;[];0;[];[];
;;guava;adce8999989d80c80fda3607dac324cbd47681c1;/home/luna/TG/java-projects/guava/guava-tests/test/com/google/common/collect/TreeRangeMapTest.java;35;589;TreeRangeMapTest;TestCase;[];0;[];[GwtIncompatible];
;;guava;adce8999989d80c80fda3607dac324cbd47681c1;/home/luna/TG/java-projects/guava/guava-tests/test/com/google/common/collect/TransposedTableTest.java;21;71;TransposedTableTest;AbstractTableTest;[];0;[];[GwtCompatible];
;;guava;adce8999989d80c80fda3607dac324cbd47681c1;/home/luna/TG/java-projects/guava/guava-tests/test/com/google/common/collect/SynchronizedQueueTest.java;24;177;SynchronizedQueueTest;TestCase;[];0;[];[];
;;guava;adce8999989d80c80fda3607dac324cbd47681c1;/home/luna/TG/java-projects/guava/guava-tests/test/com/google/common/collect/SynchronizedQueueTest.java;39;153;TestQueue;null;[Queue<E>];1;[[E]];[];
;;guava;adce8999989d80c80fda3607dac324cbd47681c1;/home/luna/TG/java-projects/guava/guava-tests/test/com/google/common/collect/IterablesTest.java;52;1408;IterablesTest;TestCase;[];0;[];[GwtCompatible];
;;guava;adce8999989d80c80fda3607dac324cbd47681c1;/home/luna/TG/java-projects/guava/guava-tests/test/com/google/common/collect/IterablesTest.java;269;269;TypeA;null;[];0;[];[];
;;guava;adce8999989d80c80fda3607dac324cbd47681c1;/home/luna/TG/java-projects/guava/guava-tests/test/com/google/common/collect/IterablesTest.java;270;270;TypeB;null;[];0;[];[];
;;guava;adce8999989d80c80fda3607dac324cbd47681c1;/home/luna/TG/java-projects/guava/guava-tests/test/com/google/common/collect/IterablesTest.java;271;271;HasBoth;TypeA;[TypeB];0;[];[];
;;guava;adce8999989d80c80fda3607dac324cbd47681c1;/home/luna/TG/java-projects/guava/guava-tests/test/com/google/common/collect/IterablesTest.java;859;872;DiesOnIteratorArrayList;ArrayList<String>;[];0;[];[];
;;guava;adce8999989d80c80fda3607dac324cbd47681c1;/home/luna/TG/java-projects/guava/guava-tests/test/com/google/common/collect/IterablesTest.java;882;895;DiesOnIteratorTreeSet;TreeSet<String>;[];0;[];[];
;;guava;adce8999989d80c80fda3607dac324cbd47681c1;/home/luna/TG/java-projects/guava/guava-tests/test/com/google/common/collect/IterablesTest.java;1251;1265;UnIterableQueue;ForwardingQueue<T>;[];1;[[T]];[];
;;guava;adce8999989d80c80fda3607dac324cbd47681c1;/home/luna/TG/java-projects/guava/guava-tests/test/com/google/common/collect/LinkedListMultimapTest.java;52;494;LinkedListMultimapTest;TestCase;[];0;[];[GwtCompatible];
;;guava;adce8999989d80c80fda3607dac324cbd47681c1;/home/luna/TG/java-projects/guava/guava-tests/test/com/google/common/collect/ArrayListMultimapTest.java;37;194;ArrayListMultimapTest;TestCase;[];0;[];[GwtCompatible];
;;guava;adce8999989d80c80fda3607dac324cbd47681c1;/home/luna/TG/java-projects/guava/guava-tests/test/com/google/common/collect/MapMakerTest.java;30;90;MapMakerTest;TestCase;[];0;[];[GwtCompatible];
;;guava;adce8999989d80c80fda3607dac324cbd47681c1;/home/luna/TG/java-projects/guava/guava-tests/test/com/google/common/collect/MapMakerTest.java;42;54;DelayingIdentityLoader;null;[Function<T,T>];1;[[T]];[GwtIncompatible];
;;guava;adce8999989d80c80fda3607dac324cbd47681c1;/home/luna/TG/java-projects/guava/guava-tests/test/com/google/common/collect/MapMakerTest.java;61;89;MakerTest;TestCase;[];0;[];[];
;;guava;adce8999989d80c80fda3607dac324cbd47681c1;/home/luna/TG/java-projects/guava/guava-tests/test/com/google/common/collect/TableCollectionTest.java;50;1322;TableCollectionTest;TestCase;[];0;[];[GwtCompatible];
;;guava;adce8999989d80c80fda3607dac324cbd47681c1;/home/luna/TG/java-projects/guava/guava-tests/test/com/google/common/collect/TableCollectionTest.java;602;640;TestCellSetGenerator;null;[TestSetGenerator<Cell<String,Integer,Character>>];0;[];[];
;;guava;adce8999989d80c80fda3607dac324cbd47681c1;/home/luna/TG/java-projects/guava/guava-tests/test/com/google/common/collect/TableCollectionTest.java;642;658;MapTests;MapInterfaceTest<String,Integer>;[];0;[];[];
;;guava;adce8999989d80c80fda3607dac324cbd47681c1;/home/luna/TG/java-projects/guava/guava-tests/test/com/google/common/collect/TableCollectionTest.java;660;681;RowTests;MapTests;[];0;[];[];
;;guava;adce8999989d80c80fda3607dac324cbd47681c1;/home/luna/TG/java-projects/guava/guava-tests/test/com/google/common/collect/TableCollectionTest.java;683;701;ArrayRowTests;RowTests;[];0;[];[GwtIncompatible];
;;guava;adce8999989d80c80fda3607dac324cbd47681c1;/home/luna/TG/java-projects/guava/guava-tests/test/com/google/common/collect/TableCollectionTest.java;703;711;HashRowTests;RowTests;[];0;[];[];
;;guava;adce8999989d80c80fda3607dac324cbd47681c1;/home/luna/TG/java-projects/guava/guava-tests/test/com/google/common/collect/TableCollectionTest.java;713;721;TreeRowTests;RowTests;[];0;[];[];
;;guava;adce8999989d80c80fda3607dac324cbd47681c1;/home/luna/TG/java-projects/guava/guava-tests/test/com/google/common/collect/TableCollectionTest.java;723;732;TransposeRowTests;RowTests;[];0;[];[];
;;guava;adce8999989d80c80fda3607dac324cbd47681c1;/home/luna/TG/java-projects/guava/guava-tests/test/com/google/common/collect/TableCollectionTest.java;741;759;TransformValueRowTests;RowTests;[];0;[];[];
;;guava;adce8999989d80c80fda3607dac324cbd47681c1;/home/luna/TG/java-projects/guava/guava-tests/test/com/google/common/collect/TableCollectionTest.java;761;779;UnmodifiableHashRowTests;RowTests;[];0;[];[];
;;guava;adce8999989d80c80fda3607dac324cbd47681c1;/home/luna/TG/java-projects/guava/guava-tests/test/com/google/common/collect/TableCollectionTest.java;781;799;UnmodifiableTreeRowTests;RowTests;[];0;[];[];
;;guava;adce8999989d80c80fda3607dac324cbd47681c1;/home/luna/TG/java-projects/guava/guava-tests/test/com/google/common/collect/TableCollectionTest.java;801;822;ColumnTests;MapTests;[];0;[];[];
;;guava;adce8999989d80c80fda3607dac324cbd47681c1;/home/luna/TG/java-projects/guava/guava-tests/test/com/google/common/collect/TableCollectionTest.java;824;842;ArrayColumnTests;ColumnTests;[];0;[];[GwtIncompatible];
;;guava;adce8999989d80c80fda3607dac324cbd47681c1;/home/luna/TG/java-projects/guava/guava-tests/test/com/google/common/collect/TableCollectionTest.java;844;852;HashColumnTests;ColumnTests;[];0;[];[];
;;guava;adce8999989d80c80fda3607dac324cbd47681c1;/home/luna/TG/java-projects/guava/guava-tests/test/com/google/common/collect/TableCollectionTest.java;854;862;TreeColumnTests;ColumnTests;[];0;[];[];
;;guava;adce8999989d80c80fda3607dac324cbd47681c1;/home/luna/TG/java-projects/guava/guava-tests/test/com/google/common/collect/TableCollectionTest.java;864;873;TransposeColumnTests;ColumnTests;[];0;[];[];
;;guava;adce8999989d80c80fda3607dac324cbd47681c1;/home/luna/TG/java-projects/guava/guava-tests/test/com/google/common/collect/TableCollectionTest.java;875;893;TransformValueColumnTests;ColumnTests;[];0;[];[];
;;guava;adce8999989d80c80fda3607dac324cbd47681c1;/home/luna/TG/java-projects/guava/guava-tests/test/com/google/common/collect/TableCollectionTest.java;895;913;UnmodifiableHashColumnTests;ColumnTests;[];0;[];[];
;;guava;adce8999989d80c80fda3607dac324cbd47681c1;/home/luna/TG/java-projects/guava/guava-tests/test/com/google/common/collect/TableCollectionTest.java;915;933;UnmodifiableTreeColumnTests;ColumnTests;[];0;[];[];
;;guava;adce8999989d80c80fda3607dac324cbd47681c1;/home/luna/TG/java-projects/guava/guava-tests/test/com/google/common/collect/TableCollectionTest.java;935;986;MapMapTests;MapInterfaceTest<String,Map<Integer,Character>>;[];0;[];[];
;;guava;adce8999989d80c80fda3607dac324cbd47681c1;/home/luna/TG/java-projects/guava/guava-tests/test/com/google/common/collect/TableCollectionTest.java;988;1013;RowMapTests;MapMapTests;[];0;[];[];
;;guava;adce8999989d80c80fda3607dac324cbd47681c1;/home/luna/TG/java-projects/guava/guava-tests/test/com/google/common/collect/TableCollectionTest.java;1015;1029;ArrayRowMapTests;RowMapTests;[];0;[];[GwtIncompatible];
;;guava;adce8999989d80c80fda3607dac324cbd47681c1;/home/luna/TG/java-projects/guava/guava-tests/test/com/google/common/collect/TableCollectionTest.java;1031;1039;HashRowMapTests;RowMapTests;[];0;[];[];
;;guava;adce8999989d80c80fda3607dac324cbd47681c1;/home/luna/TG/java-projects/guava/guava-tests/test/com/google/common/collect/TableCollectionTest.java;1041;1049;TreeRowMapTests;RowMapTests;[];0;[];[];
;;guava;adce8999989d80c80fda3607dac324cbd47681c1;/home/luna/TG/java-projects/guava/guava-tests/test/com/google/common/collect/TableCollectionTest.java;1051;1077;TreeRowMapHeadMapTests;RowMapTests;[];0;[];[];
;;guava;adce8999989d80c80fda3607dac324cbd47681c1;/home/luna/TG/java-projects/guava/guava-tests/test/com/google/common/collect/TableCollectionTest.java;1079;1105;TreeRowMapTailMapTests;RowMapTests;[];0;[];[];
;;guava;adce8999989d80c80fda3607dac324cbd47681c1;/home/luna/TG/java-projects/guava/guava-tests/test/com/google/common/collect/TableCollectionTest.java;1107;1134;TreeRowMapSubMapTests;RowMapTests;[];0;[];[];
;;guava;adce8999989d80c80fda3607dac324cbd47681c1;/home/luna/TG/java-projects/guava/guava-tests/test/com/google/common/collect/TableCollectionTest.java;1144;1162;TransformValueRowMapTests;RowMapTests;[];0;[];[];
;;guava;adce8999989d80c80fda3607dac324cbd47681c1;/home/luna/TG/java-projects/guava/guava-tests/test/com/google/common/collect/TableCollectionTest.java;1164;1182;UnmodifiableHashRowMapTests;RowMapTests;[];0;[];[];
;;guava;adce8999989d80c80fda3607dac324cbd47681c1;/home/luna/TG/java-projects/guava/guava-tests/test/com/google/common/collect/TableCollectionTest.java;1184;1202;UnmodifiableTreeRowMapTests;RowMapTests;[];0;[];[];
;;guava;adce8999989d80c80fda3607dac324cbd47681c1;/home/luna/TG/java-projects/guava/guava-tests/test/com/google/common/collect/TableCollectionTest.java;1204;1225;ColumnMapTests;MapMapTests;[];0;[];[];
;;guava;adce8999989d80c80fda3607dac324cbd47681c1;/home/luna/TG/java-projects/guava/guava-tests/test/com/google/common/collect/TableCollectionTest.java;1227;1241;ArrayColumnMapTests;ColumnMapTests;[];0;[];[GwtIncompatible];
;;guava;adce8999989d80c80fda3607dac324cbd47681c1;/home/luna/TG/java-projects/guava/guava-tests/test/com/google/common/collect/TableCollectionTest.java;1243;1251;HashColumnMapTests;ColumnMapTests;[];0;[];[];
;;guava;adce8999989d80c80fda3607dac324cbd47681c1;/home/luna/TG/java-projects/guava/guava-tests/test/com/google/common/collect/TableCollectionTest.java;1253;1261;TreeColumnMapTests;ColumnMapTests;[];0;[];[];
;;guava;adce8999989d80c80fda3607dac324cbd47681c1;/home/luna/TG/java-projects/guava/guava-tests/test/com/google/common/collect/TableCollectionTest.java;1263;1281;TransformValueColumnMapTests;ColumnMapTests;[];0;[];[];
;;guava;adce8999989d80c80fda3607dac324cbd47681c1;/home/luna/TG/java-projects/guava/guava-tests/test/com/google/common/collect/TableCollectionTest.java;1283;1301;UnmodifiableHashColumnMapTests;ColumnMapTests;[];0;[];[];
;;guava;adce8999989d80c80fda3607dac324cbd47681c1;/home/luna/TG/java-projects/guava/guava-tests/test/com/google/common/collect/TableCollectionTest.java;1303;1321;UnmodifiableTreeColumnMapTests;ColumnMapTests;[];0;[];[];
;;guava;adce8999989d80c80fda3607dac324cbd47681c1;/home/luna/TG/java-projects/guava/guava-tests/test/com/google/common/collect/MapsTest.java;66;1963;MapsTest;TestCase;[];0;[];[GwtCompatible];
;;guava;adce8999989d80c80fda3607dac324cbd47681c1;/home/luna/TG/java-projects/guava/guava-tests/test/com/google/common/collect/MapsTest.java;687;695;NonNavigableSortedSet;ForwardingSortedSet<String>;[];0;[];[];
;;guava;adce8999989d80c80fda3607dac324cbd47681c1;/home/luna/TG/java-projects/guava/guava-tests/test/com/google/common/collect/MapsTest.java;1356;1534;FilteredMapTest;TestCase;[];0;[];[];
;;guava;adce8999989d80c80fda3607dac324cbd47681c1;/home/luna/TG/java-projects/guava/guava-tests/test/com/google/common/collect/MapsTest.java;1536;1572;FilteredSortedMapTest;FilteredMapTest;[];0;[];[];
;;guava;adce8999989d80c80fda3607dac324cbd47681c1;/home/luna/TG/java-projects/guava/guava-tests/test/com/google/common/collect/MapsTest.java;1574;1579;FilteredBiMapTest;FilteredMapTest;[];0;[];[];
;;guava;adce8999989d80c80fda3607dac324cbd47681c1;/home/luna/TG/java-projects/guava/guava-tests/test/com/google/common/collect/HashBasedTableTest.java;26;102;HashBasedTableTest;AbstractTableTest;[];0;[];[GwtCompatible];
;;guava;adce8999989d80c80fda3607dac324cbd47681c1;/home/luna/TG/java-projects/guava/guava-tests/test/com/google/common/collect/MapMakerInternalMapTest.java;33;974;MapMakerInternalMapTest;TestCase;[];0;[];[SuppressWarnings];
;;guava;adce8999989d80c80fda3607dac324cbd47681c1;/home/luna/TG/java-projects/guava/guava-tests/test/com/google/common/collect/ConcurrentHashMultisetWithCslmTest.java;22;39;ConcurrentHashMultisetWithCslmTest;AbstractConcurrentHashMultisetTest;[];0;[];[];
;;guava;adce8999989d80c80fda3607dac324cbd47681c1;/home/luna/TG/java-projects/guava/guava-tests/test/com/google/common/collect/ConstraintsTest.java;34;293;ConstraintsTest;TestCase;[];0;[];[GwtCompatible];
;;guava;adce8999989d80c80fda3607dac324cbd47681c1;/home/luna/TG/java-projects/guava/guava-tests/test/com/google/common/collect/ConstraintsTest.java;45;48;TestElementException;IllegalArgumentException;[];0;[];[];
;;guava;adce8999989d80c80fda3607dac324cbd47681c1;/home/luna/TG/java-projects/guava/guava-tests/test/com/google/common/collect/ForwardingTestCase.java;35;167;ForwardingTestCase;TestCase;[];0;[];[];
;;guava;adce8999989d80c80fda3607dac324cbd47681c1;/home/luna/TG/java-projects/guava/guava-tests/test/com/google/common/collect/MapConstraintsTest.java;43;671;MapConstraintsTest;TestCase;[];0;[];[GwtCompatible];
;;guava;adce8999989d80c80fda3607dac324cbd47681c1;/home/luna/TG/java-projects/guava/guava-tests/test/com/google/common/collect/MapConstraintsTest.java;56;58;TestKeyException;IllegalArgumentException;[];0;[];[];
;;guava;adce8999989d80c80fda3607dac324cbd47681c1;/home/luna/TG/java-projects/guava/guava-tests/test/com/google/common/collect/MapConstraintsTest.java;60;62;TestValueException;IllegalArgumentException;[];0;[];[];
;;guava;adce8999989d80c80fda3607dac324cbd47681c1;/home/luna/TG/java-projects/guava/guava-tests/test/com/google/common/collect/MapConstraintsTest.java;67;79;TestConstraint;null;[MapConstraint<String,Integer>, Serializable];0;[];[];
;;guava;adce8999989d80c80fda3607dac324cbd47681c1;/home/luna/TG/java-projects/guava/guava-tests/test/com/google/common/collect/MapConstraintsTest.java;417;422;QueueSupplier;null;[Supplier<Queue<Integer>>];0;[];[];
;;guava;adce8999989d80c80fda3607dac324cbd47681c1;/home/luna/TG/java-projects/guava/guava-tests/test/com/google/common/collect/EnumHashBiMapTest.java;38;224;EnumHashBiMapTest;TestCase;[];0;[];[GwtCompatible];
;;guava;adce8999989d80c80fda3607dac324cbd47681c1;/home/luna/TG/java-projects/guava/guava-tests/test/com/google/common/collect/EnumHashBiMapTest.java;48;90;EnumHashBiMapGenerator;null;[TestBiMapGenerator<Country,String>];0;[];[];
;;guava;adce8999989d80c80fda3607dac324cbd47681c1;/home/luna/TG/java-projects/guava/guava-tests/test/com/google/common/collect/ImmutableRangeSetTest.java;32;563;ImmutableRangeSetTest;AbstractRangeSetTest;[];0;[];[GwtIncompatible];
;;guava;adce8999989d80c80fda3607dac324cbd47681c1;/home/luna/TG/java-projects/guava/guava-tests/test/com/google/common/collect/ImmutableRangeSetTest.java;40;65;ImmutableRangeSetIntegerAsSetGenerator;null;[TestSetGenerator<Integer>];0;[];[];
;;guava;adce8999989d80c80fda3607dac324cbd47681c1;/home/luna/TG/java-projects/guava/guava-tests/test/com/google/common/collect/ImmutableRangeSetTest.java;67;98;ImmutableRangeSetBigIntegerAsSetGenerator;null;[TestSetGenerator<BigInteger>];0;[];[];
;;guava;adce8999989d80c80fda3607dac324cbd47681c1;/home/luna/TG/java-projects/guava/guava-tests/test/com/google/common/collect/SubMapMultimapAsMapImplementsMapTest.java;25;116;SubMapMultimapAsMapImplementsMapTest;AbstractMultimapAsMapImplementsMapTest;[];0;[];[GwtCompatible];
;;guava;adce8999989d80c80fda3607dac324cbd47681c1;/home/luna/TG/java-projects/guava/guava-tests/test/com/google/common/collect/ForwardingTableTest.java;24;57;ForwardingTableTest;TestCase;[];0;[];[];
;;guava;adce8999989d80c80fda3607dac324cbd47681c1;/home/luna/TG/java-projects/guava/guava-tests/test/com/google/common/collect/SynchronizedSetTest.java;32;154;SynchronizedSetTest;TestCase;[];0;[];[];
;;guava;adce8999989d80c80fda3607dac324cbd47681c1;/home/luna/TG/java-projects/guava/guava-tests/test/com/google/common/collect/SynchronizedSetTest.java;62;153;TestSet;ForwardingSet<E>;[Serializable];1;[[E]];[];
;;guava;adce8999989d80c80fda3607dac324cbd47681c1;/home/luna/TG/java-projects/guava/guava-tests/test/com/google/common/collect/SynchronizedNavigableMapTest.java;37;391;SynchronizedNavigableMapTest;SynchronizedMapTest;[];0;[];[];
;;guava;adce8999989d80c80fda3607dac324cbd47681c1;/home/luna/TG/java-projects/guava/guava-tests/test/com/google/common/collect/SynchronizedNavigableMapTest.java;52;92;TestEntry;ForwardingMapEntry<K,V>;[Serializable];2;[[K, V], [K, V]];[];
;;guava;adce8999989d80c80fda3607dac324cbd47681c1;/home/luna/TG/java-projects/guava/guava-tests/test/com/google/common/collect/SynchronizedNavigableMapTest.java;94;224;TestMap;SynchronizedMapTest.TestMap<K,V>;[NavigableMap<K,V>];2;[[K, V], [K, V]];[];
;;guava;adce8999989d80c80fda3607dac324cbd47681c1;/home/luna/TG/java-projects/guava/guava-tests/test/com/google/common/collect/ImmutableListMultimapTest.java;46;590;ImmutableListMultimapTest;TestCase;[];0;[];[GwtCompatible];
;;guava;adce8999989d80c80fda3607dac324cbd47681c1;/home/luna/TG/java-projects/guava/guava-tests/test/com/google/common/collect/ImmutableListMultimapTest.java;53;62;ImmutableListMultimapGenerator;TestStringListMultimapGenerator;[];0;[];[];
;;guava;adce8999989d80c80fda3607dac324cbd47681c1;/home/luna/TG/java-projects/guava/guava-tests/test/com/google/common/collect/ImmutableListMultimapTest.java;63;69;ImmutableListMultimapCopyOfEntriesGenerator;TestStringListMultimapGenerator;[];0;[];[];
;;guava;adce8999989d80c80fda3607dac324cbd47681c1;/home/luna/TG/java-projects/guava/guava-tests/test/com/google/common/collect/ImmutableListMultimapTest.java;116;118;StringHolder;null;[];0;[];[];
;;guava;adce8999989d80c80fda3607dac324cbd47681c1;/home/luna/TG/java-projects/guava/guava-tests/test/com/google/common/collect/OrderingTest.java;46;1151;OrderingTest;TestCase;[];0;[];[GwtCompatible];
;;guava;adce8999989d80c80fda3607dac324cbd47681c1;/home/luna/TG/java-projects/guava/guava-tests/test/com/google/common/collect/OrderingTest.java;843;854;NumberOrdering;Ordering<Number>;[];0;[];[];
;;guava;adce8999989d80c80fda3607dac324cbd47681c1;/home/luna/TG/java-projects/guava/guava-tests/test/com/google/common/collect/OrderingTest.java;929;999;Scenario;null;[];1;[[T]];[];
;;guava;adce8999989d80c80fda3607dac324cbd47681c1;/home/luna/TG/java-projects/guava/guava-tests/test/com/google/common/collect/OrderingTest.java;1104;1132;Composite;null;[Comparable<Composite<T>>];1;[[T]];[];
;;guava;adce8999989d80c80fda3607dac324cbd47681c1;/home/luna/TG/java-projects/guava/guava-tests/test/com/google/common/collect/QueuesTest.java;34;319;QueuesTest;TestCase;[];0;[];[];
;;guava;adce8999989d80c80fda3607dac324cbd47681c1;/home/luna/TG/java-projects/guava/guava-tests/test/com/google/common/collect/QueuesTest.java;280;300;Producer;null;[Callable<Void>];0;[];[];
;;guava;adce8999989d80c80fda3607dac324cbd47681c1;/home/luna/TG/java-projects/guava/guava-tests/test/com/google/common/collect/QueuesTest.java;302;318;Interrupter;null;[Runnable];0;[];[];
;;guava;adce8999989d80c80fda3607dac324cbd47681c1;/home/luna/TG/java-projects/guava/guava-tests/test/com/google/common/collect/PackageSanityTests.java;21;32;PackageSanityTests;AbstractPackageSanityTests;[];0;[];[];
;;guava;adce8999989d80c80fda3607dac324cbd47681c1;/home/luna/TG/java-projects/guava/guava-tests/test/com/google/common/collect/ForMapMultimapAsMapImplementsMapTest.java;24;98;ForMapMultimapAsMapImplementsMapTest;AbstractMultimapAsMapImplementsMapTest;[];0;[];[GwtCompatible];
;;guava;adce8999989d80c80fda3607dac324cbd47681c1;/home/luna/TG/java-projects/guava/guava-tests/test/com/google/common/collect/ImmutableRangeMapTest.java;26;257;ImmutableRangeMapTest;TestCase;[];0;[];[GwtIncompatible];
;;guava;adce8999989d80c80fda3607dac324cbd47681c1;/home/luna/TG/java-projects/guava/guava-tests/test/com/google/common/collect/WellBehavedMapTest.java;25;105;WellBehavedMapTest;TestCase;[];0;[];[GwtCompatible];
;;guava;adce8999989d80c80fda3607dac324cbd47681c1;/home/luna/TG/java-projects/guava/guava-tests/test/com/google/common/eventbus/SubscriberRegistryTest.java;24;201;SubscriberRegistryTest;TestCase;[];0;[];[];
;;guava;adce8999989d80c80fda3607dac324cbd47681c1;/home/luna/TG/java-projects/guava/guava-tests/test/com/google/common/eventbus/SubscriberRegistryTest.java;152;157;StringSubscriber;null;[];0;[];[];
;;guava;adce8999989d80c80fda3607dac324cbd47681c1;/home/luna/TG/java-projects/guava/guava-tests/test/com/google/common/eventbus/SubscriberRegistryTest.java;159;164;IntegerSubscriber;null;[];0;[];[];
;;guava;adce8999989d80c80fda3607dac324cbd47681c1;/home/luna/TG/java-projects/guava/guava-tests/test/com/google/common/eventbus/SubscriberRegistryTest.java;166;171;ObjectSubscriber;null;[];0;[];[];
;;guava;adce8999989d80c80fda3607dac324cbd47681c1;/home/luna/TG/java-projects/guava/guava-tests/test/com/google/common/eventbus/SubscriberRegistryTest.java;184;186;HierarchyFixtureInterface;null;[];0;[];[];
;;guava;adce8999989d80c80fda3607dac324cbd47681c1;/home/luna/TG/java-projects/guava/guava-tests/test/com/google/common/eventbus/SubscriberRegistryTest.java;188;191;HierarchyFixtureSubinterface;null;[HierarchyFixtureInterface];0;[];[];
;;guava;adce8999989d80c80fda3607dac324cbd47681c1;/home/luna/TG/java-projects/guava/guava-tests/test/com/google/common/eventbus/SubscriberRegistryTest.java;193;196;HierarchyFixtureParent;null;[HierarchyFixtureSubinterface];0;[];[];
;;guava;adce8999989d80c80fda3607dac324cbd47681c1;/home/luna/TG/java-projects/guava/guava-tests/test/com/google/common/eventbus/SubscriberRegistryTest.java;198;200;HierarchyFixture;HierarchyFixtureParent;[];0;[];[];
;;guava;adce8999989d80c80fda3607dac324cbd47681c1;/home/luna/TG/java-projects/guava/guava-tests/test/com/google/common/eventbus/ReentrantEventsTest.java;23;93;ReentrantEventsTest;TestCase;[];0;[];[];
;;guava;adce8999989d80c80fda3607dac324cbd47681c1;/home/luna/TG/java-projects/guava/guava-tests/test/com/google/common/eventbus/ReentrantEventsTest.java;46;66;ReentrantEventsHater;null;[];0;[];[];
;;guava;adce8999989d80c80fda3607dac324cbd47681c1;/home/luna/TG/java-projects/guava/guava-tests/test/com/google/common/eventbus/ReentrantEventsTest.java;81;85;EventProcessor;null;[];0;[];[];
;;guava;adce8999989d80c80fda3607dac324cbd47681c1;/home/luna/TG/java-projects/guava/guava-tests/test/com/google/common/eventbus/ReentrantEventsTest.java;87;92;EventRecorder;null;[];0;[];[];
;;guava;adce8999989d80c80fda3607dac324cbd47681c1;/home/luna/TG/java-projects/guava/guava-tests/test/com/google/common/eventbus/DispatcherTest.java;29;175;DispatcherTest;TestCase;[];0;[];[];
;;guava;adce8999989d80c80fda3607dac324cbd47681c1;/home/luna/TG/java-projects/guava/guava-tests/test/com/google/common/eventbus/DispatcherTest.java;139;156;IntegerSubscriber;null;[];0;[];[];
;;guava;adce8999989d80c80fda3607dac324cbd47681c1;/home/luna/TG/java-projects/guava/guava-tests/test/com/google/common/eventbus/DispatcherTest.java;158;174;StringSubscriber;null;[];0;[];[];
;;guava;adce8999989d80c80fda3607dac324cbd47681c1;/home/luna/TG/java-projects/guava/guava-tests/test/com/google/common/eventbus/AsyncEventBusTest.java;24;83;AsyncEventBusTest;TestCase;[];0;[];[];
;;guava;adce8999989d80c80fda3607dac324cbd47681c1;/home/luna/TG/java-projects/guava/guava-tests/test/com/google/common/eventbus/AsyncEventBusTest.java;63;81;FakeExecutor;null;[Executor];0;[];[];
;;guava;adce8999989d80c80fda3607dac324cbd47681c1;/home/luna/TG/java-projects/guava/guava-tests/test/com/google/common/eventbus/EventBusTest.java;28;355;EventBusTest;TestCase;[];0;[];[];
;;guava;adce8999989d80c80fda3607dac324cbd47681c1;/home/luna/TG/java-projects/guava/guava-tests/test/com/google/common/eventbus/EventBusTest.java;295;310;RecordingSubscriberExceptionHandler;null;[SubscriberExceptionHandler];0;[];[];
;;guava;adce8999989d80c80fda3607dac324cbd47681c1;/home/luna/TG/java-projects/guava/guava-tests/test/com/google/common/eventbus/EventBusTest.java;312;331;Registrator;null;[Runnable];0;[];[];
;;guava;adce8999989d80c80fda3607dac324cbd47681c1;/home/luna/TG/java-projects/guava/guava-tests/test/com/google/common/eventbus/EventBusTest.java;333;350;GhostCatcher;null;[];0;[];[];
;;guava;adce8999989d80c80fda3607dac324cbd47681c1;/home/luna/TG/java-projects/guava/guava-tests/test/com/google/common/eventbus/EventBusTest.java;352;354;Callback;null;[];1;[[T]];[];
;;guava;adce8999989d80c80fda3607dac324cbd47681c1;/home/luna/TG/java-projects/guava/guava-tests/test/com/google/common/eventbus/EventSubscriberTest.java;26;197;EventSubscriberTest;TestCase;[];0;[];[];
;;guava;adce8999989d80c80fda3607dac324cbd47681c1;/home/luna/TG/java-projects/guava/guava-tests/test/com/google/common/eventbus/EventSubscriberTest.java;185;188;IntentionalException;Exception;[];0;[];[];
;;guava;adce8999989d80c80fda3607dac324cbd47681c1;/home/luna/TG/java-projects/guava/guava-tests/test/com/google/common/eventbus/EventSubscriberTest.java;193;196;JudgmentError;Error;[];0;[];[];
;;guava;adce8999989d80c80fda3607dac324cbd47681c1;/home/luna/TG/java-projects/guava/guava-tests/test/com/google/common/eventbus/StringCatcher.java;24;47;StringCatcher;null;[];0;[];[];
;;guava;adce8999989d80c80fda3607dac324cbd47681c1;/home/luna/TG/java-projects/guava/guava-tests/test/com/google/common/eventbus/EventHandlerTest.java;26;197;EventHandlerTest;TestCase;[];0;[];[];
;;guava;adce8999989d80c80fda3607dac324cbd47681c1;/home/luna/TG/java-projects/guava/guava-tests/test/com/google/common/eventbus/EventHandlerTest.java;185;188;IntentionalException;Exception;[];0;[];[];
;;guava;adce8999989d80c80fda3607dac324cbd47681c1;/home/luna/TG/java-projects/guava/guava-tests/test/com/google/common/eventbus/EventHandlerTest.java;193;196;JudgmentError;Error;[];0;[];[];
;;guava;adce8999989d80c80fda3607dac324cbd47681c1;/home/luna/TG/java-projects/guava/guava-tests/test/com/google/common/eventbus/SubscriberTest.java;26;151;SubscriberTest;TestCase;[];0;[];[];
;;guava;adce8999989d80c80fda3607dac324cbd47681c1;/home/luna/TG/java-projects/guava/guava-tests/test/com/google/common/eventbus/SubscriberTest.java;127;133;IntentionalException;Exception;[];0;[];[];
;;guava;adce8999989d80c80fda3607dac324cbd47681c1;/home/luna/TG/java-projects/guava/guava-tests/test/com/google/common/eventbus/SubscriberTest.java;144;150;JudgmentError;Error;[];0;[];[];
;;guava;adce8999989d80c80fda3607dac324cbd47681c1;/home/luna/TG/java-projects/guava/guava-tests/test/com/google/common/eventbus/outside/OutsideEventBusTest.java;25;55;OutsideEventBusTest;TestCase;[];0;[];[];
;;guava;adce8999989d80c80fda3607dac324cbd47681c1;/home/luna/TG/java-projects/guava/guava-tests/test/com/google/common/eventbus/outside/AnnotatedSubscriberFinderTests.java;27;448;AnnotatedSubscriberFinderTests;null;[];0;[];[];
;;guava;adce8999989d80c80fda3607dac324cbd47681c1;/home/luna/TG/java-projects/guava/guava-tests/test/com/google/common/eventbus/outside/AnnotatedSubscriberFinderTests.java;38;59;AbstractEventBusTest;TestCase;[];1;[[H]];[];
;;guava;adce8999989d80c80fda3607dac324cbd47681c1;/home/luna/TG/java-projects/guava/guava-tests/test/com/google/common/eventbus/outside/AnnotatedSubscriberFinderTests.java;64;92;BaseSubscriberFinderTest;AbstractEventBusTest<BaseSubscriberFinderTest.Subscriber>;[];0;[];[];
;;guava;adce8999989d80c80fda3607dac324cbd47681c1;/home/luna/TG/java-projects/guava/guava-tests/test/com/google/common/eventbus/outside/AnnotatedSubscriberFinderTests.java;66;78;Subscriber;null;[];0;[];[];
;;guava;adce8999989d80c80fda3607dac324cbd47681c1;/home/luna/TG/java-projects/guava/guava-tests/test/com/google/common/eventbus/outside/AnnotatedSubscriberFinderTests.java;94;132;AnnotatedAndAbstractInSuperclassTest;AbstractEventBusTest<AnnotatedAndAbstractInSuperclassTest.SubClass>;[];0;[];[];
;;guava;adce8999989d80c80fda3607dac324cbd47681c1;/home/luna/TG/java-projects/guava/guava-tests/test/com/google/common/eventbus/outside/AnnotatedSubscriberFinderTests.java;96;102;SuperClass;null;[];0;[];[];
;;guava;adce8999989d80c80fda3607dac324cbd47681c1;/home/luna/TG/java-projects/guava/guava-tests/test/com/google/common/eventbus/outside/AnnotatedSubscriberFinderTests.java;104;118;SubClass;SuperClass;[];0;[];[];
;;guava;adce8999989d80c80fda3607dac324cbd47681c1;/home/luna/TG/java-projects/guava/guava-tests/test/com/google/common/eventbus/outside/AnnotatedSubscriberFinderTests.java;134;228;AnnotatedNotAbstractInSuperclassTest;AbstractEventBusTest<AnnotatedNotAbstractInSuperclassTest.SubClass>;[];0;[];[];
;;guava;adce8999989d80c80fda3607dac324cbd47681c1;/home/luna/TG/java-projects/guava/guava-tests/test/com/google/common/eventbus/outside/AnnotatedSubscriberFinderTests.java;136;170;SuperClass;null;[];0;[];[];
;;guava;adce8999989d80c80fda3607dac324cbd47681c1;/home/luna/TG/java-projects/guava/guava-tests/test/com/google/common/eventbus/outside/AnnotatedSubscriberFinderTests.java;172;198;SubClass;SuperClass;[];0;[];[];
;;guava;adce8999989d80c80fda3607dac324cbd47681c1;/home/luna/TG/java-projects/guava/guava-tests/test/com/google/common/eventbus/outside/AnnotatedSubscriberFinderTests.java;230;266;AbstractNotAnnotatedInSuperclassTest;AbstractEventBusTest<AbstractNotAnnotatedInSuperclassTest.SubClass>;[];0;[];[];
;;guava;adce8999989d80c80fda3607dac324cbd47681c1;/home/luna/TG/java-projects/guava/guava-tests/test/com/google/common/eventbus/outside/AnnotatedSubscriberFinderTests.java;232;236;SuperClass;null;[];0;[];[];
;;guava;adce8999989d80c80fda3607dac324cbd47681c1;/home/luna/TG/java-projects/guava/guava-tests/test/com/google/common/eventbus/outside/AnnotatedSubscriberFinderTests.java;238;252;SubClass;SuperClass;[];0;[];[];
;;guava;adce8999989d80c80fda3607dac324cbd47681c1;/home/luna/TG/java-projects/guava/guava-tests/test/com/google/common/eventbus/outside/AnnotatedSubscriberFinderTests.java;268;317;NeitherAbstractNorAnnotatedInSuperclassTest;AbstractEventBusTest<NeitherAbstractNorAnnotatedInSuperclassTest.SubClass>;[];0;[];[];
;;guava;adce8999989d80c80fda3607dac324cbd47681c1;/home/luna/TG/java-projects/guava/guava-tests/test/com/google/common/eventbus/outside/AnnotatedSubscriberFinderTests.java;270;286;SuperClass;null;[];0;[];[];
;;guava;adce8999989d80c80fda3607dac324cbd47681c1;/home/luna/TG/java-projects/guava/guava-tests/test/com/google/common/eventbus/outside/AnnotatedSubscriberFinderTests.java;288;299;SubClass;SuperClass;[];0;[];[];
;;guava;adce8999989d80c80fda3607dac324cbd47681c1;/home/luna/TG/java-projects/guava/guava-tests/test/com/google/common/eventbus/outside/AnnotatedSubscriberFinderTests.java;319;447;DeepInterfaceTest;AbstractEventBusTest<DeepInterfaceTest.SubscriberClass>;[];0;[];[];
;;guava;adce8999989d80c80fda3607dac324cbd47681c1;/home/luna/TG/java-projects/guava/guava-tests/test/com/google/common/eventbus/outside/AnnotatedSubscriberFinderTests.java;321;336;Interface1;null;[];0;[];[];
;;guava;adce8999989d80c80fda3607dac324cbd47681c1;/home/luna/TG/java-projects/guava/guava-tests/test/com/google/common/eventbus/outside/AnnotatedSubscriberFinderTests.java;338;355;Interface2;null;[Interface1];0;[];[];
;;guava;adce8999989d80c80fda3607dac324cbd47681c1;/home/luna/TG/java-projects/guava/guava-tests/test/com/google/common/eventbus/outside/AnnotatedSubscriberFinderTests.java;357;409;SubscriberClass;null;[Interface2];0;[];[];
;;guava;adce8999989d80c80fda3607dac324cbd47681c1;/home/luna/TG/java-projects/guava/guava-tests/test/com/google/common/eventbus/outside/AnnotatedHandlerFinderTests.java;29;451;AnnotatedHandlerFinderTests;null;[];0;[];[];
;;guava;adce8999989d80c80fda3607dac324cbd47681c1;/home/luna/TG/java-projects/guava/guava-tests/test/com/google/common/eventbus/outside/AnnotatedHandlerFinderTests.java;39;60;AbstractEventBusTest;TestCase;[];1;[[H]];[];
;;guava;adce8999989d80c80fda3607dac324cbd47681c1;/home/luna/TG/java-projects/guava/guava-tests/test/com/google/common/eventbus/outside/AnnotatedHandlerFinderTests.java;65;93;BaseHandlerFinderTest;AbstractEventBusTest<BaseHandlerFinderTest.Handler>;[];0;[];[];
;;guava;adce8999989d80c80fda3607dac324cbd47681c1;/home/luna/TG/java-projects/guava/guava-tests/test/com/google/common/eventbus/outside/AnnotatedHandlerFinderTests.java;67;79;Handler;null;[];0;[];[];
;;guava;adce8999989d80c80fda3607dac324cbd47681c1;/home/luna/TG/java-projects/guava/guava-tests/test/com/google/common/eventbus/outside/AnnotatedHandlerFinderTests.java;95;133;AnnotatedAndAbstractInSuperclassTest;AbstractEventBusTest<AnnotatedAndAbstractInSuperclassTest.SubClass>;[];0;[];[];
;;guava;adce8999989d80c80fda3607dac324cbd47681c1;/home/luna/TG/java-projects/guava/guava-tests/test/com/google/common/eventbus/outside/AnnotatedHandlerFinderTests.java;97;103;SuperClass;null;[];0;[];[];
;;guava;adce8999989d80c80fda3607dac324cbd47681c1;/home/luna/TG/java-projects/guava/guava-tests/test/com/google/common/eventbus/outside/AnnotatedHandlerFinderTests.java;105;119;SubClass;SuperClass;[];0;[];[];
;;guava;adce8999989d80c80fda3607dac324cbd47681c1;/home/luna/TG/java-projects/guava/guava-tests/test/com/google/common/eventbus/outside/AnnotatedHandlerFinderTests.java;135;231;AnnotatedNotAbstractInSuperclassTest;AbstractEventBusTest<AnnotatedNotAbstractInSuperclassTest.SubClass>;[];0;[];[];
;;guava;adce8999989d80c80fda3607dac324cbd47681c1;/home/luna/TG/java-projects/guava/guava-tests/test/com/google/common/eventbus/outside/AnnotatedHandlerFinderTests.java;137;171;SuperClass;null;[];0;[];[];
;;guava;adce8999989d80c80fda3607dac324cbd47681c1;/home/luna/TG/java-projects/guava/guava-tests/test/com/google/common/eventbus/outside/AnnotatedHandlerFinderTests.java;173;199;SubClass;SuperClass;[];0;[];[];
;;guava;adce8999989d80c80fda3607dac324cbd47681c1;/home/luna/TG/java-projects/guava/guava-tests/test/com/google/common/eventbus/outside/AnnotatedHandlerFinderTests.java;233;269;AbstractNotAnnotatedInSuperclassTest;AbstractEventBusTest<AbstractNotAnnotatedInSuperclassTest.SubClass>;[];0;[];[];
;;guava;adce8999989d80c80fda3607dac324cbd47681c1;/home/luna/TG/java-projects/guava/guava-tests/test/com/google/common/eventbus/outside/AnnotatedHandlerFinderTests.java;235;239;SuperClass;null;[];0;[];[];
;;guava;adce8999989d80c80fda3607dac324cbd47681c1;/home/luna/TG/java-projects/guava/guava-tests/test/com/google/common/eventbus/outside/AnnotatedHandlerFinderTests.java;241;255;SubClass;SuperClass;[];0;[];[];
;;guava;adce8999989d80c80fda3607dac324cbd47681c1;/home/luna/TG/java-projects/guava/guava-tests/test/com/google/common/eventbus/outside/AnnotatedHandlerFinderTests.java;271;320;NeitherAbstractNorAnnotatedInSuperclassTest;AbstractEventBusTest<NeitherAbstractNorAnnotatedInSuperclassTest.SubClass>;[];0;[];[];
;;guava;adce8999989d80c80fda3607dac324cbd47681c1;/home/luna/TG/java-projects/guava/guava-tests/test/com/google/common/eventbus/outside/AnnotatedHandlerFinderTests.java;273;289;SuperClass;null;[];0;[];[];
;;guava;adce8999989d80c80fda3607dac324cbd47681c1;/home/luna/TG/java-projects/guava/guava-tests/test/com/google/common/eventbus/outside/AnnotatedHandlerFinderTests.java;291;302;SubClass;SuperClass;[];0;[];[];
;;guava;adce8999989d80c80fda3607dac324cbd47681c1;/home/luna/TG/java-projects/guava/guava-tests/test/com/google/common/eventbus/outside/AnnotatedHandlerFinderTests.java;322;450;DeepInterfaceTest;AbstractEventBusTest<DeepInterfaceTest.HandlerClass>;[];0;[];[];
;;guava;adce8999989d80c80fda3607dac324cbd47681c1;/home/luna/TG/java-projects/guava/guava-tests/test/com/google/common/eventbus/outside/AnnotatedHandlerFinderTests.java;324;339;Interface1;null;[];0;[];[];
;;guava;adce8999989d80c80fda3607dac324cbd47681c1;/home/luna/TG/java-projects/guava/guava-tests/test/com/google/common/eventbus/outside/AnnotatedHandlerFinderTests.java;341;358;Interface2;null;[Interface1];0;[];[];
;;guava;adce8999989d80c80fda3607dac324cbd47681c1;/home/luna/TG/java-projects/guava/guava-tests/test/com/google/common/eventbus/outside/AnnotatedHandlerFinderTests.java;360;412;HandlerClass;null;[Interface2];0;[];[];
;;guava;adce8999989d80c80fda3607dac324cbd47681c1;/home/luna/TG/java-projects/guava/guava-tests/test/com/google/common/eventbus/PackageSanityTests.java;23;63;PackageSanityTests;AbstractPackageSanityTests;[];0;[];[];
;;guava;adce8999989d80c80fda3607dac324cbd47681c1;/home/luna/TG/java-projects/guava/guava-tests/test/com/google/common/eventbus/PackageSanityTests.java;39;62;DummySubscriber;null;[];0;[];[];
;;guava;adce8999989d80c80fda3607dac324cbd47681c1;/home/luna/TG/java-projects/guava/guava-tests/test/com/google/common/html/HtmlEscapersTest.java;22;62;HtmlEscapersTest;TestCase;[];0;[];[GwtCompatible];
;;guava;adce8999989d80c80fda3607dac324cbd47681c1;/home/luna/TG/java-projects/guava/guava-tests/test/com/google/common/hash/FunnelsTest.java;34;172;FunnelsTest;TestCase;[];0;[];[];
;;guava;adce8999989d80c80fda3607dac324cbd47681c1;/home/luna/TG/java-projects/guava/guava-tests/test/com/google/common/hash/AbstractNonStreamingHashFunctionTest.java;29;155;AbstractNonStreamingHashFunctionTest;TestCase;[];0;[];[];
;;guava;adce8999989d80c80fda3607dac324cbd47681c1;/home/luna/TG/java-projects/guava/guava-tests/test/com/google/common/hash/AbstractNonStreamingHashFunctionTest.java;92;122;StreamingVersion;AbstractStreamingHashFunction;[];0;[];[];
;;guava;adce8999989d80c80fda3607dac324cbd47681c1;/home/luna/TG/java-projects/guava/guava-tests/test/com/google/common/hash/AbstractNonStreamingHashFunctionTest.java;124;154;NonStreamingVersion;AbstractNonStreamingHashFunction;[];0;[];[];
;;guava;adce8999989d80c80fda3607dac324cbd47681c1;/home/luna/TG/java-projects/guava/guava-tests/test/com/google/common/hash/HashTestUtils.java;32;575;HashTestUtils;null;[];0;[];[];
;;guava;adce8999989d80c80fda3607dac324cbd47681c1;/home/luna/TG/java-projects/guava/guava-tests/test/com/google/common/hash/HashTestUtils.java;52;54;HashFn;null;[];0;[];[];
;;guava;adce8999989d80c80fda3607dac324cbd47681c1;/home/luna/TG/java-projects/guava/guava-tests/test/com/google/common/hash/Murmur3Hash32Test.java;24;74;Murmur3Hash32Test;TestCase;[];0;[];[];
;;guava;adce8999989d80c80fda3607dac324cbd47681c1;/home/luna/TG/java-projects/guava/guava-tests/test/com/google/common/hash/AbstractByteHasherTest.java;25;141;AbstractByteHasherTest;TestCase;[];0;[];[];
;;guava;adce8999989d80c80fda3607dac324cbd47681c1;/home/luna/TG/java-projects/guava/guava-tests/test/com/google/common/hash/AbstractByteHasherTest.java;113;140;TestHasher;AbstractByteHasher;[];0;[];[CanIgnoreReturnValue];
;;guava;adce8999989d80c80fda3607dac324cbd47681c1;/home/luna/TG/java-projects/guava/guava-tests/test/com/google/common/hash/Crc32cHashFunctionTest.java;22;123;Crc32cHashFunctionTest;TestCase;[];0;[];[];
;;guava;adce8999989d80c80fda3607dac324cbd47681c1;/home/luna/TG/java-projects/guava/guava-tests/test/com/google/common/hash/HashCodesTest.java;26;196;HashCodesTest;TestCase;[];0;[];[];
;;guava;adce8999989d80c80fda3607dac324cbd47681c1;/home/luna/TG/java-projects/guava/guava-tests/test/com/google/common/hash/HashCodesTest.java;184;195;ExpectedHashCode;null;[];0;[];[];
;;guava;adce8999989d80c80fda3607dac324cbd47681c1;/home/luna/TG/java-projects/guava/guava-tests/test/com/google/common/hash/ChecksumHashFunctionTest.java;24;85;ChecksumHashFunctionTest;TestCase;[];0;[];[];
;;guava;adce8999989d80c80fda3607dac324cbd47681c1;/home/luna/TG/java-projects/guava/guava-tests/test/com/google/common/hash/HashCodeTest.java;28;395;HashCodeTest;TestCase;[];0;[];[];
;;guava;adce8999989d80c80fda3607dac324cbd47681c1;/home/luna/TG/java-projects/guava/guava-tests/test/com/google/common/hash/HashCodeTest.java;383;394;ExpectedHashCode;null;[];0;[];[];
;;guava;adce8999989d80c80fda3607dac324cbd47681c1;/home/luna/TG/java-projects/guava/guava-tests/test/com/google/common/hash/MessageDigestHashFunctionTest.java;27;116;MessageDigestHashFunctionTest;TestCase;[];0;[];[];
;;guava;adce8999989d80c80fda3607dac324cbd47681c1;/home/luna/TG/java-projects/guava/guava-tests/test/com/google/common/hash/FarmHashFingerprint64Test.java;27;199;FarmHashFingerprint64Test;TestCase;[];0;[];[];
;;guava;adce8999989d80c80fda3607dac324cbd47681c1;/home/luna/TG/java-projects/guava/guava-tests/test/com/google/common/hash/MacHashFunctionTest.java;35;398;MacHashFunctionTest;TestCase;[];0;[];[];
;;guava;adce8999989d80c80fda3607dac324cbd47681c1;/home/luna/TG/java-projects/guava/guava-tests/test/com/google/common/hash/BloomFilterTest.java;36;479;BloomFilterTest;TestCase;[];0;[];[];
;;guava;adce8999989d80c80fda3607dac324cbd47681c1;/home/luna/TG/java-projects/guava/guava-tests/test/com/google/common/hash/BloomFilterTest.java;364;377;CustomFunnel;null;[Funnel<Long>];0;[];[];
;;guava;adce8999989d80c80fda3607dac324cbd47681c1;/home/luna/TG/java-projects/guava/guava-tests/test/com/google/common/hash/AbstractStreamingHasherTest.java;35;280;AbstractStreamingHasherTest;TestCase;[];0;[];[];
;;guava;adce8999989d80c80fda3607dac324cbd47681c1;/home/luna/TG/java-projects/guava/guava-tests/test/com/google/common/hash/AbstractStreamingHasherTest.java;180;246;Sink;AbstractStreamingHasher;[];0;[];[];
;;guava;adce8999989d80c80fda3607dac324cbd47681c1;/home/luna/TG/java-projects/guava/guava-tests/test/com/google/common/hash/AbstractStreamingHasherTest.java;249;279;Control;AbstractNonStreamingHashFunction;[];0;[];[];
;;guava;adce8999989d80c80fda3607dac324cbd47681c1;/home/luna/TG/java-projects/guava/guava-tests/test/com/google/common/hash/HashingInputStreamTest.java;27;151;HashingInputStreamTest;TestCase;[];0;[];[];
;;guava;adce8999989d80c80fda3607dac324cbd47681c1;/home/luna/TG/java-projects/guava/guava-tests/test/com/google/common/hash/SipHashFunctionTest.java;22;176;SipHashFunctionTest;TestCase;[];0;[];[];
;;guava;adce8999989d80c80fda3607dac324cbd47681c1;/home/luna/TG/java-projects/guava/guava-tests/test/com/google/common/hash/HashingTest.java;39;611;HashingTest;TestCase;[];0;[];[];
;;guava;adce8999989d80c80fda3607dac324cbd47681c1;/home/luna/TG/java-projects/guava/guava-tests/test/com/google/common/hash/Murmur3Hash128Test.java;27;83;Murmur3Hash128Test;TestCase;[];0;[];[];
;;guava;adce8999989d80c80fda3607dac324cbd47681c1;/home/luna/TG/java-projects/guava/guava-tests/test/com/google/common/hash/HashingOutputStreamTest.java;26;92;HashingOutputStreamTest;TestCase;[];0;[];[];
;;guava;adce8999989d80c80fda3607dac324cbd47681c1;/home/luna/TG/java-projects/guava/guava-tests/test/com/google/common/hash/PackageSanityTests.java;22;35;PackageSanityTests;AbstractPackageSanityTests;[];0;[];[];
;;guava;adce8999989d80c80fda3607dac324cbd47681c1;/home/luna/TG/java-projects/guava/guava-tests/test/com/google/common/reflect/TypeParameterTest.java;25;59;TypeParameterTest;TestCase;[];0;[];[];
;;guava;adce8999989d80c80fda3607dac324cbd47681c1;/home/luna/TG/java-projects/guava/guava-tests/test/com/google/common/reflect/InvokableTest.java;35;611;InvokableTest;TestCase;[];0;[];[AndroidIncompatible];
;;guava;adce8999989d80c80fda3607dac324cbd47681c1;/home/luna/TG/java-projects/guava/guava-tests/test/com/google/common/reflect/InvokableTest.java;48;51;WithConstructorAndTypeParameter;null;[];1;[[T]];[];
;;guava;adce8999989d80c80fda3607dac324cbd47681c1;/home/luna/TG/java-projects/guava/guava-tests/test/com/google/common/reflect/InvokableTest.java;277;277;Foo;null;[];0;[];[];
;;guava;adce8999989d80c80fda3607dac324cbd47681c1;/home/luna/TG/java-projects/guava/guava-tests/test/com/google/common/reflect/InvokableTest.java;305;308;FinalClass;null;[];0;[];[];
;;guava;adce8999989d80c80fda3607dac324cbd47681c1;/home/luna/TG/java-projects/guava/guava-tests/test/com/google/common/reflect/InvokableTest.java;317;319;InnerWithDefaultConstructor;null;[];0;[];[];
;;guava;adce8999989d80c80fda3607dac324cbd47681c1;/home/luna/TG/java-projects/guava/guava-tests/test/com/google/common/reflect/InvokableTest.java;318;318;NestedInner;null;[];0;[];[];
;;guava;adce8999989d80c80fda3607dac324cbd47681c1;/home/luna/TG/java-projects/guava/guava-tests/test/com/google/common/reflect/InvokableTest.java;333;336;InnerWithOneParameterConstructor;null;[];0;[];[];
;;guava;adce8999989d80c80fda3607dac324cbd47681c1;/home/luna/TG/java-projects/guava/guava-tests/test/com/google/common/reflect/InvokableTest.java;346;349;InnerWithAnnotatedConstructorParameter;null;[];0;[];[];
;;guava;adce8999989d80c80fda3607dac324cbd47681c1;/home/luna/TG/java-projects/guava/guava-tests/test/com/google/common/reflect/InvokableTest.java;359;362;InnerWithGenericConstructorParameter;null;[];0;[];[];
;;guava;adce8999989d80c80fda3607dac324cbd47681c1;/home/luna/TG/java-projects/guava/guava-tests/test/com/google/common/reflect/InvokableTest.java;388;391;Base;null;[];0;[];[];
;;guava;adce8999989d80c80fda3607dac324cbd47681c1;/home/luna/TG/java-projects/guava/guava-tests/test/com/google/common/reflect/InvokableTest.java;400;404;LocalWithDefaultConstructor;null;[Runnable];0;[];[];
;;guava;adce8999989d80c80fda3607dac324cbd47681c1;/home/luna/TG/java-projects/guava/guava-tests/test/com/google/common/reflect/InvokableTest.java;429;441;AnonymousClassInConstructor;null;[];0;[];[];
;;guava;adce8999989d80c80fda3607dac324cbd47681c1;/home/luna/TG/java-projects/guava/guava-tests/test/com/google/common/reflect/InvokableTest.java;447;453;LocalClassInInstanceInitializer;null;[];0;[];[];
;;guava;adce8999989d80c80fda3607dac324cbd47681c1;/home/luna/TG/java-projects/guava/guava-tests/test/com/google/common/reflect/InvokableTest.java;449;449;Local;null;[];0;[];[];
;;guava;adce8999989d80c80fda3607dac324cbd47681c1;/home/luna/TG/java-projects/guava/guava-tests/test/com/google/common/reflect/InvokableTest.java;459;465;LocalClassInStaticInitializer;null;[];0;[];[];
;;guava;adce8999989d80c80fda3607dac324cbd47681c1;/home/luna/TG/java-projects/guava/guava-tests/test/com/google/common/reflect/InvokableTest.java;461;461;Local;null;[];0;[];[];
;;guava;adce8999989d80c80fda3607dac324cbd47681c1;/home/luna/TG/java-projects/guava/guava-tests/test/com/google/common/reflect/InvokableTest.java;471;485;LocalClassWithSeeminglyHiddenThisInStaticInitializer;null;[];0;[];[];
;;guava;adce8999989d80c80fda3607dac324cbd47681c1;/home/luna/TG/java-projects/guava/guava-tests/test/com/google/common/reflect/InvokableTest.java;477;480;Local;null;[];0;[];[];
;;guava;adce8999989d80c80fda3607dac324cbd47681c1;/home/luna/TG/java-projects/guava/guava-tests/test/com/google/common/reflect/InvokableTest.java;490;495;LocalWithOneParameterConstructor;null;[];0;[];[];
;;guava;adce8999989d80c80fda3607dac324cbd47681c1;/home/luna/TG/java-projects/guava/guava-tests/test/com/google/common/reflect/InvokableTest.java;504;507;LocalWithAnnotatedConstructorParameter;null;[];0;[];[];
;;guava;adce8999989d80c80fda3607dac324cbd47681c1;/home/luna/TG/java-projects/guava/guava-tests/test/com/google/common/reflect/InvokableTest.java;516;519;LocalWithGenericConstructorParameter;null;[];0;[];[];
;;guava;adce8999989d80c80fda3607dac324cbd47681c1;/home/luna/TG/java-projects/guava/guava-tests/test/com/google/common/reflect/InvokableTest.java;547;603;Prepender;null;[];0;[];[SuppressWarnings];
;;guava;adce8999989d80c80fda3607dac324cbd47681c1;/home/luna/TG/java-projects/guava/guava-tests/test/com/google/common/reflect/InvokableTest.java;605;610;SubPrepender;Prepender;[];0;[];[];
;;guava;adce8999989d80c80fda3607dac324cbd47681c1;/home/luna/TG/java-projects/guava/guava-tests/test/com/google/common/reflect/subpackage/ClassInSubPackage.java;19;19;ClassInSubPackage;null;[];0;[];[];
;;guava;adce8999989d80c80fda3607dac324cbd47681c1;/home/luna/TG/java-projects/guava/guava-tests/test/com/google/common/reflect/TypeTokenResolutionTest.java;33;561;TypeTokenResolutionTest;TestCase;[];0;[];[AndroidIncompatible];
;;guava;adce8999989d80c80fda3607dac324cbd47681c1;/home/luna/TG/java-projects/guava/guava-tests/test/com/google/common/reflect/TypeTokenResolutionTest.java;41;62;Foo;null;[];2;[[A, B], [A, B]];[];
;;guava;adce8999989d80c80fda3607dac324cbd47681c1;/home/luna/TG/java-projects/guava/guava-tests/test/com/google/common/reflect/TypeTokenResolutionTest.java;80;80;StringFoo;Foo<String,T>;[];1;[[T]];[];
;;guava;adce8999989d80c80fda3607dac324cbd47681c1;/home/luna/TG/java-projects/guava/guava-tests/test/com/google/common/reflect/TypeTokenResolutionTest.java;99;99;Bar;null;[];1;[[T]];[];
;;guava;adce8999989d80c80fda3607dac324cbd47681c1;/home/luna/TG/java-projects/guava/guava-tests/test/com/google/common/reflect/TypeTokenResolutionTest.java;101;115;Parameterized;null;[];3;[[O, T, P], [O, T, P], [O, T, P]];[];
;;guava;adce8999989d80c80fda3607dac324cbd47681c1;/home/luna/TG/java-projects/guava/guava-tests/test/com/google/common/reflect/TypeTokenResolutionTest.java;128;128;StringListPredicate;null;[Predicate<List<String>>];0;[];[];
;;guava;adce8999989d80c80fda3607dac324cbd47681c1;/home/luna/TG/java-projects/guava/guava-tests/test/com/google/common/reflect/TypeTokenResolutionTest.java;130;130;IntegerSupplier;null;[Supplier<Integer>];0;[];[];
;;guava;adce8999989d80c80fda3607dac324cbd47681c1;/home/luna/TG/java-projects/guava/guava-tests/test/com/google/common/reflect/TypeTokenResolutionTest.java;134;135;IntegerStringFunction;null;[IntegerSupplier, Predicate<List<String>>, StringListPredicate];0;[];[];
;;guava;adce8999989d80c80fda3607dac324cbd47681c1;/home/luna/TG/java-projects/guava/guava-tests/test/com/google/common/reflect/TypeTokenResolutionTest.java;151;151;StringIntegerFoo;Foo<String,Integer>;[];0;[];[];
;;guava;adce8999989d80c80fda3607dac324cbd47681c1;/home/luna/TG/java-projects/guava/guava-tests/test/com/google/common/reflect/TypeTokenResolutionTest.java;158;170;Owner;null;[];1;[[T]];[];
;;guava;adce8999989d80c80fda3607dac324cbd47681c1;/home/luna/TG/java-projects/guava/guava-tests/test/com/google/common/reflect/TypeTokenResolutionTest.java;159;163;Nested;null;[];1;[[X]];[];
;;guava;adce8999989d80c80fda3607dac324cbd47681c1;/home/luna/TG/java-projects/guava/guava-tests/test/com/google/common/reflect/TypeTokenResolutionTest.java;165;169;Inner;Nested<Y>;[];1;[[Y]];[];
;;guava;adce8999989d80c80fda3607dac324cbd47681c1;/home/luna/TG/java-projects/guava/guava-tests/test/com/google/common/reflect/TypeTokenResolutionTest.java;186;206;Mapping;null;[];2;[[F, T], [F, T]];[];
;;guava;adce8999989d80c80fda3607dac324cbd47681c1;/home/luna/TG/java-projects/guava/guava-tests/test/com/google/common/reflect/TypeTokenResolutionTest.java;218;224;ParameterizedOuter;null;[];1;[[T]];[];
;;guava;adce8999989d80c80fda3607dac324cbd47681c1;/home/luna/TG/java-projects/guava/guava-tests/test/com/google/common/reflect/TypeTokenResolutionTest.java;223;223;Inner;null;[];0;[];[];
;;guava;adce8999989d80c80fda3607dac324cbd47681c1;/home/luna/TG/java-projects/guava/guava-tests/test/com/google/common/reflect/TypeTokenResolutionTest.java;233;233;StringIterable;null;[Iterable<String>];0;[];[];
;;guava;adce8999989d80c80fda3607dac324cbd47681c1;/home/luna/TG/java-projects/guava/guava-tests/test/com/google/common/reflect/TypeTokenResolutionTest.java;250;255;Context;null;[];0;[];[];
;;guava;adce8999989d80c80fda3607dac324cbd47681c1;/home/luna/TG/java-projects/guava/guava-tests/test/com/google/common/reflect/TypeTokenResolutionTest.java;271;274;GenericArray;null;[];1;[[T]];[];
;;guava;adce8999989d80c80fda3607dac324cbd47681c1;/home/luna/TG/java-projects/guava/guava-tests/test/com/google/common/reflect/TypeTokenResolutionTest.java;289;325;Red;null;[];1;[[A]];[];
;;guava;adce8999989d80c80fda3607dac324cbd47681c1;/home/luna/TG/java-projects/guava/guava-tests/test/com/google/common/reflect/TypeTokenResolutionTest.java;290;298;Orange;null;[];0;[];[];
;;guava;adce8999989d80c80fda3607dac324cbd47681c1;/home/luna/TG/java-projects/guava/guava-tests/test/com/google/common/reflect/TypeTokenResolutionTest.java;304;320;Yellow;Red<B>.Orange;[];1;[[B]];[];
;;guava;adce8999989d80c80fda3607dac324cbd47681c1;/home/luna/TG/java-projects/guava/guava-tests/test/com/google/common/reflect/TypeTokenResolutionTest.java;351;355;MyLocalClass;null;[];0;[];[];
;;guava;adce8999989d80c80fda3607dac324cbd47681c1;/home/luna/TG/java-projects/guava/guava-tests/test/com/google/common/reflect/TypeTokenResolutionTest.java;364;368;MyLocalClass;null;[];1;[[T]];[];
;;guava;adce8999989d80c80fda3607dac324cbd47681c1;/home/luna/TG/java-projects/guava/guava-tests/test/com/google/common/reflect/TypeTokenResolutionTest.java;396;400;Holder;null;[];1;[[T]];[];
;;guava;adce8999989d80c80fda3607dac324cbd47681c1;/home/luna/TG/java-projects/guava/guava-tests/test/com/google/common/reflect/TypeTokenResolutionTest.java;419;445;WithGenericBound;null;[];1;[[A]];[];
;;guava;adce8999989d80c80fda3607dac324cbd47681c1;/home/luna/TG/java-projects/guava/guava-tests/test/com/google/common/reflect/TypeTokenResolutionTest.java;495;499;WithFalseRecursiveType;null;[];2;[[K, V], [K, V]];[];
;;guava;adce8999989d80c80fda3607dac324cbd47681c1;/home/luna/TG/java-projects/guava/guava-tests/test/com/google/common/reflect/TypeTokenResolutionTest.java;501;504;SubtypeOfWithFalseRecursiveType;null;[WithFalseRecursiveType<List<K1>,List<V1>>];2;[[K1, V1], [K1, V1]];[];
;;guava;adce8999989d80c80fda3607dac324cbd47681c1;/home/luna/TG/java-projects/guava/guava-tests/test/com/google/common/reflect/TypeTokenResolutionTest.java;547;557;ForTwoStageResolution;null;[];1;[[A extends Number]];[];
;;guava;adce8999989d80c80fda3607dac324cbd47681c1;/home/luna/TG/java-projects/guava/guava-tests/test/com/google/common/reflect/AbstractInvocationHandlerTest.java;30;165;AbstractInvocationHandlerTest;TestCase;[];0;[];[];
;;guava;adce8999989d80c80fda3607dac324cbd47681c1;/home/luna/TG/java-projects/guava/guava-tests/test/com/google/common/reflect/AbstractInvocationHandlerTest.java;50;50;A;null;[];0;[];[];
;;guava;adce8999989d80c80fda3607dac324cbd47681c1;/home/luna/TG/java-projects/guava/guava-tests/test/com/google/common/reflect/AbstractInvocationHandlerTest.java;51;51;B;null;[];0;[];[];
;;guava;adce8999989d80c80fda3607dac324cbd47681c1;/home/luna/TG/java-projects/guava/guava-tests/test/com/google/common/reflect/AbstractInvocationHandlerTest.java;54;54;AB;null;[A, B];0;[];[];
;;guava;adce8999989d80c80fda3607dac324cbd47681c1;/home/luna/TG/java-projects/guava/guava-tests/test/com/google/common/reflect/AbstractInvocationHandlerTest.java;55;55;BA;null;[B, A];0;[];[];
;;guava;adce8999989d80c80fda3607dac324cbd47681c1;/home/luna/TG/java-projects/guava/guava-tests/test/com/google/common/reflect/AbstractInvocationHandlerTest.java;112;128;DelegatingInvocationHandler;AbstractInvocationHandler;[Serializable];0;[];[];
;;guava;adce8999989d80c80fda3607dac324cbd47681c1;/home/luna/TG/java-projects/guava/guava-tests/test/com/google/common/reflect/AbstractInvocationHandlerTest.java;130;152;DelegatingInvocationHandlerWithEquals;DelegatingInvocationHandler;[];0;[];[];
;;guava;adce8999989d80c80fda3607dac324cbd47681c1;/home/luna/TG/java-projects/guava/guava-tests/test/com/google/common/reflect/AbstractInvocationHandlerTest.java;154;158;SubHandler1;DelegatingInvocationHandlerWithEquals;[];0;[];[];
;;guava;adce8999989d80c80fda3607dac324cbd47681c1;/home/luna/TG/java-projects/guava/guava-tests/test/com/google/common/reflect/AbstractInvocationHandlerTest.java;160;164;SubHandler2;DelegatingInvocationHandlerWithEquals;[];0;[];[];
;;guava;adce8999989d80c80fda3607dac324cbd47681c1;/home/luna/TG/java-projects/guava/guava-tests/test/com/google/common/reflect/ElementTest.java;26;242;ElementTest;TestCase;[];0;[];[];
;;guava;adce8999989d80c80fda3607dac324cbd47681c1;/home/luna/TG/java-projects/guava/guava-tests/test/com/google/common/reflect/ElementTest.java;190;241;A;null;[];0;[];[];
;;guava;adce8999989d80c80fda3607dac324cbd47681c1;/home/luna/TG/java-projects/guava/guava-tests/test/com/google/common/reflect/ClassPathTest.java;56;458;ClassPathTest;TestCase;[];0;[];[];
;;guava;adce8999989d80c80fda3607dac324cbd47681c1;/home/luna/TG/java-projects/guava/guava-tests/test/com/google/common/reflect/ClassPathTest.java;325;325;Nested;null;[];0;[];[];
;;guava;adce8999989d80c80fda3607dac324cbd47681c1;/home/luna/TG/java-projects/guava/guava-tests/test/com/google/common/reflect/ClassPathTest.java;440;457;ResourceScanner;ClassPath.Scanner;[];0;[];[];
;;guava;adce8999989d80c80fda3607dac324cbd47681c1;/home/luna/TG/java-projects/guava/guava-tests/test/com/google/common/reflect/TypesTest.java;39;417;TypesTest;TestCase;[];0;[];[AndroidIncompatible];
;;guava;adce8999989d80c80fda3607dac324cbd47681c1;/home/luna/TG/java-projects/guava/guava-tests/test/com/google/common/reflect/TypesTest.java;77;77;LocalClass;null;[];1;[[T]];[];
;;guava;adce8999989d80c80fda3607dac324cbd47681c1;/home/luna/TG/java-projects/guava/guava-tests/test/com/google/common/reflect/TypesTest.java;88;88;LocalClass;null;[];1;[[T]];[];
;;guava;adce8999989d80c80fda3607dac324cbd47681c1;/home/luna/TG/java-projects/guava/guava-tests/test/com/google/common/reflect/TypesTest.java;199;220;WithWildcardType;null;[];0;[];[];
;;guava;adce8999989d80c80fda3607dac324cbd47681c1;/home/luna/TG/java-projects/guava/guava-tests/test/com/google/common/reflect/TypesTest.java;281;299;WithTypeVariable;null;[];0;[];[];
;;guava;adce8999989d80c80fda3607dac324cbd47681c1;/home/luna/TG/java-projects/guava/guava-tests/test/com/google/common/reflect/TypesTest.java;346;362;TypeVariableEqualsTester;null;[];0;[];[];
;;guava;adce8999989d80c80fda3607dac324cbd47681c1;/home/luna/TG/java-projects/guava/guava-tests/test/com/google/common/reflect/TypeVisitorTest.java;28;125;TypeVisitorTest;TestCase;[];0;[];[];
;;guava;adce8999989d80c80fda3607dac324cbd47681c1;/home/luna/TG/java-projects/guava/guava-tests/test/com/google/common/reflect/TypeVisitorTest.java;104;124;BaseTypeVisitor;TypeVisitor;[];0;[];[];
;;guava;adce8999989d80c80fda3607dac324cbd47681c1;/home/luna/TG/java-projects/guava/guava-tests/test/com/google/common/reflect/MutableTypeToInstanceMapTest.java;35;221;MutableTypeToInstanceMapTest;TestCase;[];0;[];[];
;;guava;adce8999989d80c80fda3607dac324cbd47681c1;/home/luna/TG/java-projects/guava/guava-tests/test/com/google/common/reflect/TypeTokenTest.java;48;1951;TypeTokenTest;TestCase;[];0;[];[AndroidIncompatible];
;;guava;adce8999989d80c80fda3607dac324cbd47681c1;/home/luna/TG/java-projects/guava/guava-tests/test/com/google/common/reflect/TypeTokenTest.java;57;57;StringList;null;[List<String>];0;[];[];
;;guava;adce8999989d80c80fda3607dac324cbd47681c1;/home/luna/TG/java-projects/guava/guava-tests/test/com/google/common/reflect/TypeTokenTest.java;59;59;IntegerList;null;[List<Integer>];0;[];[];
;;guava;adce8999989d80c80fda3607dac324cbd47681c1;/home/luna/TG/java-projects/guava/guava-tests/test/com/google/common/reflect/TypeTokenTest.java;96;96;Local;null;[];1;[[T]];[];
;;guava;adce8999989d80c80fda3607dac324cbd47681c1;/home/luna/TG/java-projects/guava/guava-tests/test/com/google/common/reflect/TypeTokenTest.java;108;108;Local;null;[];1;[[T]];[];
;;guava;adce8999989d80c80fda3607dac324cbd47681c1;/home/luna/TG/java-projects/guava/guava-tests/test/com/google/common/reflect/TypeTokenTest.java;195;195;Class2;Class1;[Interface12];0;[];[];
;;guava;adce8999989d80c80fda3607dac324cbd47681c1;/home/luna/TG/java-projects/guava/guava-tests/test/com/google/common/reflect/TypeTokenTest.java;196;196;Class3;Class2;[Interface3<T>];1;[[T]];[];
;;guava;adce8999989d80c80fda3607dac324cbd47681c1;/home/luna/TG/java-projects/guava/guava-tests/test/com/google/common/reflect/TypeTokenTest.java;223;223;Class2;Class1;[Interface12];0;[];[];
;;guava;adce8999989d80c80fda3607dac324cbd47681c1;/home/luna/TG/java-projects/guava/guava-tests/test/com/google/common/reflect/TypeTokenTest.java;224;224;Class3;Class2;[Interface3<T>];1;[[T]];[];
;;guava;adce8999989d80c80fda3607dac324cbd47681c1;/home/luna/TG/java-projects/guava/guava-tests/test/com/google/common/reflect/TypeTokenTest.java;551;551;Interface1;null;[];0;[];[];
;;guava;adce8999989d80c80fda3607dac324cbd47681c1;/home/luna/TG/java-projects/guava/guava-tests/test/com/google/common/reflect/TypeTokenTest.java;552;552;Interface2;null;[];0;[];[];
;;guava;adce8999989d80c80fda3607dac324cbd47681c1;/home/luna/TG/java-projects/guava/guava-tests/test/com/google/common/reflect/TypeTokenTest.java;553;553;Interface3;null;[Iterable<T>];1;[[T]];[];
;;guava;adce8999989d80c80fda3607dac324cbd47681c1;/home/luna/TG/java-projects/guava/guava-tests/test/com/google/common/reflect/TypeTokenTest.java;554;554;Interface12;null;[Interface1, Interface2];0;[];[];
;;guava;adce8999989d80c80fda3607dac324cbd47681c1;/home/luna/TG/java-projects/guava/guava-tests/test/com/google/common/reflect/TypeTokenTest.java;555;555;Class1;null;[Interface1];0;[];[];
;;guava;adce8999989d80c80fda3607dac324cbd47681c1;/home/luna/TG/java-projects/guava/guava-tests/test/com/google/common/reflect/TypeTokenTest.java;557;557;NoInterface;null;[];0;[];[];
;;guava;adce8999989d80c80fda3607dac324cbd47681c1;/home/luna/TG/java-projects/guava/guava-tests/test/com/google/common/reflect/TypeTokenTest.java;559;560;Implementation;null;[Iterable<V>, Map<K,V>];2;[[K, V], [K, V]];[];
;;guava;adce8999989d80c80fda3607dac324cbd47681c1;/home/luna/TG/java-projects/guava/guava-tests/test/com/google/common/reflect/TypeTokenTest.java;562;562;First;null;[];1;[[T]];[];
;;guava;adce8999989d80c80fda3607dac324cbd47681c1;/home/luna/TG/java-projects/guava/guava-tests/test/com/google/common/reflect/TypeTokenTest.java;564;564;Second;First<D>;[];1;[[D]];[];
;;guava;adce8999989d80c80fda3607dac324cbd47681c1;/home/luna/TG/java-projects/guava/guava-tests/test/com/google/common/reflect/TypeTokenTest.java;566;566;Third;Second<T>;[];2;[[T, D], [T, D]];[];
;;guava;adce8999989d80c80fda3607dac324cbd47681c1;/home/luna/TG/java-projects/guava/guava-tests/test/com/google/common/reflect/TypeTokenTest.java;568;568;Fourth;Third<D,T>;[];2;[[T, D], [T, D]];[];
;;guava;adce8999989d80c80fda3607dac324cbd47681c1;/home/luna/TG/java-projects/guava/guava-tests/test/com/google/common/reflect/TypeTokenTest.java;570;570;ConcreteIS;Fourth<Integer,String>;[];0;[];[];
;;guava;adce8999989d80c80fda3607dac324cbd47681c1;/home/luna/TG/java-projects/guava/guava-tests/test/com/google/common/reflect/TypeTokenTest.java;572;572;ConcreteSI;Fourth<String,Integer>;[];0;[];[];
;;guava;adce8999989d80c80fda3607dac324cbd47681c1;/home/luna/TG/java-projects/guava/guava-tests/test/com/google/common/reflect/TypeTokenTest.java;1030;1030;NumberList;null;[];1;[[T extends Number]];[];
;;guava;adce8999989d80c80fda3607dac324cbd47681c1;/home/luna/TG/java-projects/guava/guava-tests/test/com/google/common/reflect/TypeTokenTest.java;1076;1076;ListIterable;null;[Iterable<List<T>>];1;[[T]];[];
;;guava;adce8999989d80c80fda3607dac324cbd47681c1;/home/luna/TG/java-projects/guava/guava-tests/test/com/google/common/reflect/TypeTokenTest.java;1077;1077;StringListIterable;null;[ListIterable<String>];0;[];[];
;;guava;adce8999989d80c80fda3607dac324cbd47681c1;/home/luna/TG/java-projects/guava/guava-tests/test/com/google/common/reflect/TypeTokenTest.java;1078;1078;ListArrayIterable;null;[Iterable<List<T>[]>];1;[[T]];[];
;;guava;adce8999989d80c80fda3607dac324cbd47681c1;/home/luna/TG/java-projects/guava/guava-tests/test/com/google/common/reflect/TypeTokenTest.java;1079;1079;StringListArrayIterable;null;[ListIterable<String>];0;[];[];
;;guava;adce8999989d80c80fda3607dac324cbd47681c1;/home/luna/TG/java-projects/guava/guava-tests/test/com/google/common/reflect/TypeTokenTest.java;1156;1156;ListMap;null;[Map<K,List<V>>];2;[[K, V], [K, V]];[];
;;guava;adce8999989d80c80fda3607dac324cbd47681c1;/home/luna/TG/java-projects/guava/guava-tests/test/com/google/common/reflect/TypeTokenTest.java;1172;1172;StringListMap;null;[ListMap<String,V>];1;[[V]];[];
;;guava;adce8999989d80c80fda3607dac324cbd47681c1;/home/luna/TG/java-projects/guava/guava-tests/test/com/google/common/reflect/TypeTokenTest.java;1254;1254;TwoTypeArgs;null;[];2;[[K, V], [K, V]];[];
;;guava;adce8999989d80c80fda3607dac324cbd47681c1;/home/luna/TG/java-projects/guava/guava-tests/test/com/google/common/reflect/TypeTokenTest.java;1255;1255;StringForFirstTypeArg;TwoTypeArgs<String,V>;[];1;[[V]];[];
;;guava;adce8999989d80c80fda3607dac324cbd47681c1;/home/luna/TG/java-projects/guava/guava-tests/test/com/google/common/reflect/TypeTokenTest.java;1265;1267;TwoTypeArgs;null;[];2;[[K, V], [K, V]];[];
;;guava;adce8999989d80c80fda3607dac324cbd47681c1;/home/luna/TG/java-projects/guava/guava-tests/test/com/google/common/reflect/TypeTokenTest.java;1266;1266;InnerType;null;[];2;[[K2, V2], [K2, V2]];[];
;;guava;adce8999989d80c80fda3607dac324cbd47681c1;/home/luna/TG/java-projects/guava/guava-tests/test/com/google/common/reflect/TypeTokenTest.java;1269;1271;StringForFirstTypeArg;TwoTypeArgs<String,V>;[];1;[[V]];[];
;;guava;adce8999989d80c80fda3607dac324cbd47681c1;/home/luna/TG/java-projects/guava/guava-tests/test/com/google/common/reflect/TypeTokenTest.java;1270;1270;StringInnerType;InnerType<String,V2>;[];1;[[V2]];[];
;;guava;adce8999989d80c80fda3607dac324cbd47681c1;/home/luna/TG/java-projects/guava/guava-tests/test/com/google/common/reflect/TypeTokenTest.java;1288;1288;TwoTypeArgs;null;[];2;[[K, V], [K, V]];[];
;;guava;adce8999989d80c80fda3607dac324cbd47681c1;/home/luna/TG/java-projects/guava/guava-tests/test/com/google/common/reflect/TypeTokenTest.java;1289;1289;StringForFirstTypeArg;TwoTypeArgs<String,V>;[];1;[[V]];[];
;;guava;adce8999989d80c80fda3607dac324cbd47681c1;/home/luna/TG/java-projects/guava/guava-tests/test/com/google/common/reflect/TypeTokenTest.java;1290;1290;OuterTypeVar;StringForFirstTypeArg<List<V>>;[];1;[[V]];[];
;;guava;adce8999989d80c80fda3607dac324cbd47681c1;/home/luna/TG/java-projects/guava/guava-tests/test/com/google/common/reflect/TypeTokenTest.java;1298;1298;TwoTypeArgs;null;[];2;[[K, V], [K, V]];[];
;;guava;adce8999989d80c80fda3607dac324cbd47681c1;/home/luna/TG/java-projects/guava/guava-tests/test/com/google/common/reflect/TypeTokenTest.java;1299;1299;StringForFirstTypeArg;TwoTypeArgs<String,V>;[];1;[[V]];[];
;;guava;adce8999989d80c80fda3607dac324cbd47681c1;/home/luna/TG/java-projects/guava/guava-tests/test/com/google/common/reflect/TypeTokenTest.java;1311;1311;SingleGenericExtendsBase;Base;[];1;[[T]];[];
;;guava;adce8999989d80c80fda3607dac324cbd47681c1;/home/luna/TG/java-projects/guava/guava-tests/test/com/google/common/reflect/TypeTokenTest.java;1322;1322;SingleGenericExtendsBase;null;[GenericClass.Base];1;[[T]];[];
;;guava;adce8999989d80c80fda3607dac324cbd47681c1;/home/luna/TG/java-projects/guava/guava-tests/test/com/google/common/reflect/TypeTokenTest.java;1345;1345;MySpecialList;null;[List<E>];2;[[E, F], [E, F]];[];
;;guava;adce8999989d80c80fda3607dac324cbd47681c1;/home/luna/TG/java-projects/guava/guava-tests/test/com/google/common/reflect/TypeTokenTest.java;1371;1371;SingleGenericExtendsBase;Base;[];1;[[T]];[];
;;guava;adce8999989d80c80fda3607dac324cbd47681c1;/home/luna/TG/java-projects/guava/guava-tests/test/com/google/common/reflect/TypeTokenTest.java;1372;1372;DoubleGenericExtendsSingleGeneric;SingleGenericExtendsBase<T1>;[];2;[[T1, TUnused], [T1, TUnused]];[];
;;guava;adce8999989d80c80fda3607dac324cbd47681c1;/home/luna/TG/java-projects/guava/guava-tests/test/com/google/common/reflect/TypeTokenTest.java;1385;1385;FourTypeArgs;null;[];4;[[T1, T2, T3, T4], [T1, T2, T3, T4], [T1, T2, T3, T4], [T1, T2, T3, T4]];[];
;;guava;adce8999989d80c80fda3607dac324cbd47681c1;/home/luna/TG/java-projects/guava/guava-tests/test/com/google/common/reflect/TypeTokenTest.java;1386;1386;ThreeTypeArgs;FourTypeArgs<T1,T2,T3,String>;[];3;[[T1, T2, T3], [T1, T2, T3], [T1, T2, T3]];[];
;;guava;adce8999989d80c80fda3607dac324cbd47681c1;/home/luna/TG/java-projects/guava/guava-tests/test/com/google/common/reflect/TypeTokenTest.java;1397;1397;BaseWithTypeVar;null;[];1;[[T]];[];
;;guava;adce8999989d80c80fda3607dac324cbd47681c1;/home/luna/TG/java-projects/guava/guava-tests/test/com/google/common/reflect/TypeTokenTest.java;1398;1401;Outer;null;[];1;[[O]];[];
;;guava;adce8999989d80c80fda3607dac324cbd47681c1;/home/luna/TG/java-projects/guava/guava-tests/test/com/google/common/reflect/TypeTokenTest.java;1399;1399;Sub;BaseWithTypeVar<List<X>>;[];1;[[X]];[];
;;guava;adce8999989d80c80fda3607dac324cbd47681c1;/home/luna/TG/java-projects/guava/guava-tests/test/com/google/common/reflect/TypeTokenTest.java;1400;1400;Sub2;BaseWithTypeVar<List<Y>>;[];1;[[Y extends Sub2<Y>]];[];
;;guava;adce8999989d80c80fda3607dac324cbd47681c1;/home/luna/TG/java-projects/guava/guava-tests/test/com/google/common/reflect/TypeTokenTest.java;1414;1414;Bar;null;[];1;[[T]];[];
;;guava;adce8999989d80c80fda3607dac324cbd47681c1;/home/luna/TG/java-projects/guava/guava-tests/test/com/google/common/reflect/TypeTokenTest.java;1415;1422;SubBar;Bar<T>;[];1;[[T]];[];
;;guava;adce8999989d80c80fda3607dac324cbd47681c1;/home/luna/TG/java-projects/guava/guava-tests/test/com/google/common/reflect/TypeTokenTest.java;1449;1458;Holder;null;[];1;[[T]];[SuppressWarnings];
;;guava;adce8999989d80c80fda3607dac324cbd47681c1;/home/luna/TG/java-projects/guava/guava-tests/test/com/google/common/reflect/TypeTokenTest.java;1540;1542;Loser;null;[];1;[[E extends Throwable]];[];
;;guava;adce8999989d80c80fda3607dac324cbd47681c1;/home/luna/TG/java-projects/guava/guava-tests/test/com/google/common/reflect/TypeTokenTest.java;1589;1592;Container;null;[];1;[[T]];[];
;;guava;adce8999989d80c80fda3607dac324cbd47681c1;/home/luna/TG/java-projects/guava/guava-tests/test/com/google/common/reflect/TypeTokenTest.java;1604;1607;CannotConstruct;null;[];1;[[E extends Throwable]];[];
;;guava;adce8999989d80c80fda3607dac324cbd47681c1;/home/luna/TG/java-projects/guava/guava-tests/test/com/google/common/reflect/TypeTokenTest.java;1650;1656;From;null;[];1;[[K]];[];
;;guava;adce8999989d80c80fda3607dac324cbd47681c1;/home/luna/TG/java-projects/guava/guava-tests/test/com/google/common/reflect/TypeTokenTest.java;1651;1655;To;null;[];1;[[V]];[];
;;guava;adce8999989d80c80fda3607dac324cbd47681c1;/home/luna/TG/java-projects/guava/guava-tests/test/com/google/common/reflect/TypeTokenTest.java;1690;1708;RawTypeConsistencyTester;null;[];1;[[T extends Enum<T> & CharSequence]];[];
;;guava;adce8999989d80c80fda3607dac324cbd47681c1;/home/luna/TG/java-projects/guava/guava-tests/test/com/google/common/reflect/TypeTokenTest.java;1718;1722;IKnowMyType;null;[];1;[[T]];[];
;;guava;adce8999989d80c80fda3607dac324cbd47681c1;/home/luna/TG/java-projects/guava/guava-tests/test/com/google/common/reflect/TypeTokenTest.java;1756;1760;ITryToSerializeMyTypeVariable;null;[];1;[[T]];[];
;;guava;adce8999989d80c80fda3607dac324cbd47681c1;/home/luna/TG/java-projects/guava/guava-tests/test/com/google/common/reflect/TypeTokenTest.java;1783;1790;ToReproduceGenericSignatureFormatError;null;[];1;[[V]];[];
;;guava;adce8999989d80c80fda3607dac324cbd47681c1;/home/luna/TG/java-projects/guava/guava-tests/test/com/google/common/reflect/TypeTokenTest.java;1784;1786;BaseOuter;null;[];0;[];[];
;;guava;adce8999989d80c80fda3607dac324cbd47681c1;/home/luna/TG/java-projects/guava/guava-tests/test/com/google/common/reflect/TypeTokenTest.java;1785;1785;BaseInner;null;[];0;[];[];
;;guava;adce8999989d80c80fda3607dac324cbd47681c1;/home/luna/TG/java-projects/guava/guava-tests/test/com/google/common/reflect/TypeTokenTest.java;1787;1789;SubOuter;BaseOuter;[];0;[];[];
;;guava;adce8999989d80c80fda3607dac324cbd47681c1;/home/luna/TG/java-projects/guava/guava-tests/test/com/google/common/reflect/TypeTokenTest.java;1788;1788;SubInner;BaseInner;[];0;[];[];
;;guava;adce8999989d80c80fda3607dac324cbd47681c1;/home/luna/TG/java-projects/guava/guava-tests/test/com/google/common/reflect/TypeTokenTest.java;1801;1808;Entry;null;[];2;[[K, V], [K, V]];[];
;;guava;adce8999989d80c80fda3607dac324cbd47681c1;/home/luna/TG/java-projects/guava/guava-tests/test/com/google/common/reflect/TypeTokenTest.java;1869;1878;Assignability;null;[];2;[[From, To], [From, To]];[];
;;guava;adce8999989d80c80fda3607dac324cbd47681c1;/home/luna/TG/java-projects/guava/guava-tests/test/com/google/common/reflect/TypeTokenTest.java;1941;1941;BaseInterface;null;[];0;[];[];
;;guava;adce8999989d80c80fda3607dac324cbd47681c1;/home/luna/TG/java-projects/guava/guava-tests/test/com/google/common/reflect/TypeTokenTest.java;1942;1942;Base;null;[BaseInterface];0;[];[];
;;guava;adce8999989d80c80fda3607dac324cbd47681c1;/home/luna/TG/java-projects/guava/guava-tests/test/com/google/common/reflect/TypeTokenTest.java;1943;1943;Sub;Base;[];0;[];[];
;;guava;adce8999989d80c80fda3607dac324cbd47681c1;/home/luna/TG/java-projects/guava/guava-tests/test/com/google/common/reflect/TypeTokenTest.java;1944;1946;GenericClass;null;[];1;[[T]];[];
;;guava;adce8999989d80c80fda3607dac324cbd47681c1;/home/luna/TG/java-projects/guava/guava-tests/test/com/google/common/reflect/TypeTokenTest.java;1945;1945;Base;null;[];0;[];[];
;;guava;adce8999989d80c80fda3607dac324cbd47681c1;/home/luna/TG/java-projects/guava/guava-tests/test/com/google/common/reflect/ReflectionTest.java;25;90;ReflectionTest;TestCase;[];0;[];[];
;;guava;adce8999989d80c80fda3607dac324cbd47681c1;/home/luna/TG/java-projects/guava/guava-tests/test/com/google/common/reflect/ReflectionTest.java;58;62;A;null;[];0;[];[];
;;guava;adce8999989d80c80fda3607dac324cbd47681c1;/home/luna/TG/java-projects/guava/guava-tests/test/com/google/common/reflect/ReflectionTest.java;63;67;B;null;[];0;[];[];
;;guava;adce8999989d80c80fda3607dac324cbd47681c1;/home/luna/TG/java-projects/guava/guava-tests/test/com/google/common/reflect/ReflectionTest.java;68;72;C;null;[];0;[];[];
;;guava;adce8999989d80c80fda3607dac324cbd47681c1;/home/luna/TG/java-projects/guava/guava-tests/test/com/google/common/reflect/ImmutableTypeToInstanceMapTest.java;36;181;ImmutableTypeToInstanceMapTest;TestCase;[];0;[];[];
;;guava;adce8999989d80c80fda3607dac324cbd47681c1;/home/luna/TG/java-projects/guava/guava-tests/test/com/google/common/reflect/ImmutableTypeToInstanceMapTest.java;145;180;TestTypeToInstanceMapGenerator;null;[TestMapGenerator<TypeToken,Object>];0;[];[];
;;guava;adce8999989d80c80fda3607dac324cbd47681c1;/home/luna/TG/java-projects/guava/guava-tests/test/com/google/common/reflect/ParameterTest.java;24;54;ParameterTest;TestCase;[];0;[];[];
;;guava;adce8999989d80c80fda3607dac324cbd47681c1;/home/luna/TG/java-projects/guava/guava-tests/test/com/google/common/reflect/SubtypeTester.java;33;165;SubtypeTester;null;[Cloneable];0;[];[AndroidIncompatible];
;;guava;adce8999989d80c80fda3607dac324cbd47681c1;/home/luna/TG/java-projects/guava/guava-tests/test/com/google/common/reflect/TypeTokenSubtypeTest.java;23;261;TypeTokenSubtypeTest;TestCase;[];0;[];[AndroidIncompatible];
;;guava;adce8999989d80c80fda3607dac324cbd47681c1;/home/luna/TG/java-projects/guava/guava-tests/test/com/google/common/reflect/TypeTokenSubtypeTest.java;72;200;OwnerTypeSubtypingTests;SubtypeTester;[];0;[];[];
;;guava;adce8999989d80c80fda3607dac324cbd47681c1;/home/luna/TG/java-projects/guava/guava-tests/test/com/google/common/reflect/TypeTokenSubtypeTest.java;202;244;WildcardSubtypingTests;SubtypeTester;[];0;[];[];
;;guava;adce8999989d80c80fda3607dac324cbd47681c1;/home/luna/TG/java-projects/guava/guava-tests/test/com/google/common/reflect/TypeTokenSubtypeTest.java;248;248;Outdoor;null;[];0;[];[];
;;guava;adce8999989d80c80fda3607dac324cbd47681c1;/home/luna/TG/java-projects/guava/guava-tests/test/com/google/common/reflect/TypeTokenSubtypeTest.java;249;249;Indoor;null;[];0;[];[];
;;guava;adce8999989d80c80fda3607dac324cbd47681c1;/home/luna/TG/java-projects/guava/guava-tests/test/com/google/common/reflect/TypeTokenSubtypeTest.java;250;250;Grocery;null;[];0;[];[];
;;guava;adce8999989d80c80fda3607dac324cbd47681c1;/home/luna/TG/java-projects/guava/guava-tests/test/com/google/common/reflect/TypeTokenSubtypeTest.java;251;251;Electronics;null;[];0;[];[];
;;guava;adce8999989d80c80fda3607dac324cbd47681c1;/home/luna/TG/java-projects/guava/guava-tests/test/com/google/common/reflect/TypeTokenSubtypeTest.java;252;252;ConsumerFacing;null;[];1;[[T]];[];
;;guava;adce8999989d80c80fda3607dac324cbd47681c1;/home/luna/TG/java-projects/guava/guava-tests/test/com/google/common/reflect/TypeTokenSubtypeTest.java;254;258;Mall;null;[];1;[[T]];[];
;;guava;adce8999989d80c80fda3607dac324cbd47681c1;/home/luna/TG/java-projects/guava/guava-tests/test/com/google/common/reflect/TypeTokenSubtypeTest.java;255;255;Shop;null;[];1;[[ProductT]];[];
;;guava;adce8999989d80c80fda3607dac324cbd47681c1;/home/luna/TG/java-projects/guava/guava-tests/test/com/google/common/reflect/TypeTokenSubtypeTest.java;256;257;Retailer;Shop<ProductT>;[Comparator<ProductT>, ConsumerFacing<ProductT>];1;[[ProductT]];[];
;;guava;adce8999989d80c80fda3607dac324cbd47681c1;/home/luna/TG/java-projects/guava/guava-tests/test/com/google/common/reflect/TypeTokenSubtypeTest.java;260;260;Outlet;Mall<T>;[];1;[[T]];[];
;;guava;adce8999989d80c80fda3607dac324cbd47681c1;/home/luna/TG/java-projects/guava/guava-tests/test/com/google/common/reflect/TypeResolverTest.java;25;260;TypeResolverTest;TestCase;[];0;[];[AndroidIncompatible];
;;guava;adce8999989d80c80fda3607dac324cbd47681c1;/home/luna/TG/java-projects/guava/guava-tests/test/com/google/common/reflect/TypeResolverTest.java;248;248;TypedKeyMap;null;[Map<Integer,T>];1;[[T]];[];
;;guava;adce8999989d80c80fda3607dac324cbd47681c1;/home/luna/TG/java-projects/guava/guava-tests/test/com/google/common/reflect/TypeResolverTest.java;249;249;TypedListKeyMap;null;[Map<List<Integer>,T>];1;[[T]];[];
;;guava;adce8999989d80c80fda3607dac324cbd47681c1;/home/luna/TG/java-projects/guava/guava-tests/test/com/google/common/reflect/PackageSanityTests.java;21;25;PackageSanityTests;AbstractPackageSanityTests;[];0;[];[];
;;guava;adce8999989d80c80fda3607dac324cbd47681c1;/home/luna/TG/java-projects/guava/guava-tests/test/com/google/common/net/MediaTypeTest.java;52;439;MediaTypeTest;TestCase;[];0;[];[GwtCompatible];
;;guava;adce8999989d80c80fda3607dac324cbd47681c1;/home/luna/TG/java-projects/guava/guava-tests/test/com/google/common/net/InetAddressesTest.java;28;774;InetAddressesTest;TestCase;[];0;[];[];
;;guava;adce8999989d80c80fda3607dac324cbd47681c1;/home/luna/TG/java-projects/guava/guava-tests/test/com/google/common/net/HostSpecifierTest.java;28;121;HostSpecifierTest;TestCase;[];0;[];[];
;;guava;adce8999989d80c80fda3607dac324cbd47681c1;/home/luna/TG/java-projects/guava/guava-tests/test/com/google/common/net/HostAndPortTest.java;24;251;HostAndPortTest;TestCase;[];0;[];[GwtCompatible];
;;guava;adce8999989d80c80fda3607dac324cbd47681c1;/home/luna/TG/java-projects/guava/guava-tests/test/com/google/common/net/TestPlatform.java;21;26;TestPlatform;null;[];0;[];[GwtCompatible];
;;guava;adce8999989d80c80fda3607dac324cbd47681c1;/home/luna/TG/java-projects/guava/guava-tests/test/com/google/common/net/PercentEscaperTest.java;29;157;PercentEscaperTest;TestCase;[];0;[];[GwtCompatible];
;;guava;adce8999989d80c80fda3607dac324cbd47681c1;/home/luna/TG/java-projects/guava/guava-tests/test/com/google/common/net/InternetDomainNameTest.java;29;408;InternetDomainNameTest;TestCase;[];0;[];[GwtCompatible];
;;guava;adce8999989d80c80fda3607dac324cbd47681c1;/home/luna/TG/java-projects/guava/guava-tests/test/com/google/common/net/HttpHeadersTest.java;29;88;HttpHeadersTest;TestCase;[];0;[];[];
;;guava;adce8999989d80c80fda3607dac324cbd47681c1;/home/luna/TG/java-projects/guava/guava-tests/test/com/google/common/net/UrlEscapersTest.java;30;143;UrlEscapersTest;TestCase;[];0;[];[GwtCompatible];
;;guava;adce8999989d80c80fda3607dac324cbd47681c1;/home/luna/TG/java-projects/guava/guava-tests/test/com/google/common/net/PackageSanityTests.java;21;31;PackageSanityTests;AbstractPackageSanityTests;[];0;[];[];
;;guava;adce8999989d80c80fda3607dac324cbd47681c1;/home/luna/TG/java-projects/guava/guava-tests/test/com/google/common/cache/TestingCacheLoaders.java;28;175;TestingCacheLoaders;null;[];0;[];[GwtCompatible];
;;guava;adce8999989d80c80fda3607dac324cbd47681c1;/home/luna/TG/java-projects/guava/guava-tests/test/com/google/common/cache/TestingCacheLoaders.java;106;122;CountingLoader;CacheLoader<Object,Object>;[];0;[];[];
;;guava;adce8999989d80c80fda3607dac324cbd47681c1;/home/luna/TG/java-projects/guava/guava-tests/test/com/google/common/cache/TestingCacheLoaders.java;124;135;ConstantLoader;CacheLoader<K,V>;[];2;[[K, V], [K, V]];[];
;;guava;adce8999989d80c80fda3607dac324cbd47681c1;/home/luna/TG/java-projects/guava/guava-tests/test/com/google/common/cache/TestingCacheLoaders.java;137;167;IncrementingLoader;CacheLoader<Integer,Integer>;[];0;[];[];
;;guava;adce8999989d80c80fda3607dac324cbd47681c1;/home/luna/TG/java-projects/guava/guava-tests/test/com/google/common/cache/TestingCacheLoaders.java;169;174;IdentityLoader;CacheLoader<T,T>;[];1;[[T]];[];
;;guava;adce8999989d80c80fda3607dac324cbd47681c1;/home/luna/TG/java-projects/guava/guava-tests/test/com/google/common/cache/CacheEvictionTest.java;33;425;CacheEvictionTest;TestCase;[];0;[];[];
;;guava;adce8999989d80c80fda3607dac324cbd47681c1;/home/luna/TG/java-projects/guava/guava-tests/test/com/google/common/cache/CacheReferencesTest.java;29;175;CacheReferencesTest;TestCase;[];0;[];[];
;;guava;adce8999989d80c80fda3607dac324cbd47681c1;/home/luna/TG/java-projects/guava/guava-tests/test/com/google/common/cache/CacheReferencesTest.java;154;174;Key;null;[];0;[];[];
;;guava;adce8999989d80c80fda3607dac324cbd47681c1;/home/luna/TG/java-projects/guava/guava-tests/test/com/google/common/cache/ForwardingCacheTest.java;28;109;ForwardingCacheTest;TestCase;[];0;[];[];
;;guava;adce8999989d80c80fda3607dac324cbd47681c1;/home/luna/TG/java-projects/guava/guava-tests/test/com/google/common/cache/ForwardingCacheTest.java;100;108;OnlyGet;ForwardingCache<K,V>;[];2;[[K, V], [K, V]];[];
;;guava;adce8999989d80c80fda3607dac324cbd47681c1;/home/luna/TG/java-projects/guava/guava-tests/test/com/google/common/cache/RemovalNotificationTest.java;22;40;RemovalNotificationTest;TestCase;[];0;[];[];
;;guava;adce8999989d80c80fda3607dac324cbd47681c1;/home/luna/TG/java-projects/guava/guava-tests/test/com/google/common/cache/EmptyCachesTest.java;36;389;EmptyCachesTest;TestCase;[];0;[];[];
;;guava;adce8999989d80c80fda3607dac324cbd47681c1;/home/luna/TG/java-projects/guava/guava-tests/test/com/google/common/cache/ForwardingLoadingCacheTest.java;28;117;ForwardingLoadingCacheTest;TestCase;[];0;[];[];
;;guava;adce8999989d80c80fda3607dac324cbd47681c1;/home/luna/TG/java-projects/guava/guava-tests/test/com/google/common/cache/ForwardingLoadingCacheTest.java;108;116;OnlyGet;ForwardingLoadingCache<K,V>;[];2;[[K, V], [K, V]];[];
;;guava;adce8999989d80c80fda3607dac324cbd47681c1;/home/luna/TG/java-projects/guava/guava-tests/test/com/google/common/cache/CacheExpirationTest.java;36;494;CacheExpirationTest;TestCase;[];0;[];[SuppressWarnings];
;;guava;adce8999989d80c80fda3607dac324cbd47681c1;/home/luna/TG/java-projects/guava/guava-tests/test/com/google/common/cache/CacheExpirationTest.java;465;493;WatchedCreatorLoader;CacheLoader<String,Integer>;[];0;[];[];
;;guava;adce8999989d80c80fda3607dac324cbd47681c1;/home/luna/TG/java-projects/guava/guava-tests/test/com/google/common/cache/CacheTesting.java;50;496;CacheTesting;null;[];0;[];[];
;;guava;adce8999989d80c80fda3607dac324cbd47681c1;/home/luna/TG/java-projects/guava/guava-tests/test/com/google/common/cache/CacheTesting.java;369;371;Receiver;null;[];1;[[T]];[];
;;guava;adce8999989d80c80fda3607dac324cbd47681c1;/home/luna/TG/java-projects/guava/guava-tests/test/com/google/common/cache/TestingWeighers.java;17;72;TestingWeighers;null;[];0;[];[];
;;guava;adce8999989d80c80fda3607dac324cbd47681c1;/home/luna/TG/java-projects/guava/guava-tests/test/com/google/common/cache/TestingWeighers.java;45;56;ConstantWeigher;null;[Weigher<Object,Object>];0;[];[];
;;guava;adce8999989d80c80fda3607dac324cbd47681c1;/home/luna/TG/java-projects/guava/guava-tests/test/com/google/common/cache/TestingWeighers.java;58;63;IntKeyWeigher;null;[Weigher<Integer,Object>];0;[];[];
;;guava;adce8999989d80c80fda3607dac324cbd47681c1;/home/luna/TG/java-projects/guava/guava-tests/test/com/google/common/cache/TestingWeighers.java;65;70;IntValueWeigher;null;[Weigher<Object,Integer>];0;[];[];
;;guava;adce8999989d80c80fda3607dac324cbd47681c1;/home/luna/TG/java-projects/guava/guava-tests/test/com/google/common/cache/NullCacheTest.java;28;123;NullCacheTest;TestCase;[];0;[];[];
;;guava;adce8999989d80c80fda3607dac324cbd47681c1;/home/luna/TG/java-projects/guava/guava-tests/test/com/google/common/cache/AbstractLoadingCacheTest.java;25;155;AbstractLoadingCacheTest;TestCase;[];0;[];[];
;;guava;adce8999989d80c80fda3607dac324cbd47681c1;/home/luna/TG/java-projects/guava/guava-tests/test/com/google/common/cache/CacheLoaderTest.java;30;102;CacheLoaderTest;TestCase;[];0;[];[];
;;guava;adce8999989d80c80fda3607dac324cbd47681c1;/home/luna/TG/java-projects/guava/guava-tests/test/com/google/common/cache/CacheLoaderTest.java;37;48;QueuingExecutor;null;[Executor];0;[];[];
;;guava;adce8999989d80c80fda3607dac324cbd47681c1;/home/luna/TG/java-projects/guava/guava-tests/test/com/google/common/cache/CacheLoadingTest.java;57;2512;CacheLoadingTest;TestCase;[];0;[];[];
;;guava;adce8999989d80c80fda3607dac324cbd47681c1;/home/luna/TG/java-projects/guava/guava-tests/test/com/google/common/cache/CacheStatsTest.java;21;101;CacheStatsTest;TestCase;[];0;[];[];
;;guava;adce8999989d80c80fda3607dac324cbd47681c1;/home/luna/TG/java-projects/guava/guava-tests/test/com/google/common/cache/LocalCacheTest.java;81;2945;LocalCacheTest;TestCase;[];0;[];[];
;;guava;adce8999989d80c80fda3607dac324cbd47681c1;/home/luna/TG/java-projects/guava/guava-tests/test/com/google/common/cache/LocalCacheTest.java;85;100;TestStringCacheGenerator;TestStringMapGenerator;[];0;[];[];
;;guava;adce8999989d80c80fda3607dac324cbd47681c1;/home/luna/TG/java-projects/guava/guava-tests/test/com/google/common/cache/LocalCacheTest.java;2690;2807;DummyEntry;null;[ReferenceEntry<K,V>];2;[[K, V], [K, V]];[];
;;guava;adce8999989d80c80fda3607dac324cbd47681c1;/home/luna/TG/java-projects/guava/guava-tests/test/com/google/common/cache/LocalCacheTest.java;2809;2875;DummyValueReference;null;[ValueReference<K,V>];2;[[K, V], [K, V]];[];
;;guava;adce8999989d80c80fda3607dac324cbd47681c1;/home/luna/TG/java-projects/guava/guava-tests/test/com/google/common/cache/LocalCacheTest.java;2877;2893;SerializableCacheLoader;CacheLoader<Object,Object>;[Serializable];0;[];[];
;;guava;adce8999989d80c80fda3607dac324cbd47681c1;/home/luna/TG/java-projects/guava/guava-tests/test/com/google/common/cache/LocalCacheTest.java;2895;2909;SerializableRemovalListener;null;[RemovalListener<K,V>, Serializable];2;[[K, V], [K, V]];[];
;;guava;adce8999989d80c80fda3607dac324cbd47681c1;/home/luna/TG/java-projects/guava/guava-tests/test/com/google/common/cache/LocalCacheTest.java;2911;2926;SerializableTicker;Ticker;[Serializable];0;[];[];
;;guava;adce8999989d80c80fda3607dac324cbd47681c1;/home/luna/TG/java-projects/guava/guava-tests/test/com/google/common/cache/LocalCacheTest.java;2928;2943;SerializableWeigher;null;[Weigher<K,V>, Serializable];2;[[K, V], [K, V]];[];
;;guava;adce8999989d80c80fda3607dac324cbd47681c1;/home/luna/TG/java-projects/guava/guava-tests/test/com/google/common/cache/CacheBuilderFactory.java;31;216;CacheBuilderFactory;null;[];0;[];[];
;;guava;adce8999989d80c80fda3607dac324cbd47681c1;/home/luna/TG/java-projects/guava/guava-tests/test/com/google/common/cache/CacheBuilderFactory.java;181;215;DurationSpec;null;[];0;[];[];
;;guava;adce8999989d80c80fda3607dac324cbd47681c1;/home/luna/TG/java-projects/guava/guava-tests/test/com/google/common/cache/LongAdderTest.java;17;24;LongAdderTest;null;[];0;[];[];
;;guava;adce8999989d80c80fda3607dac324cbd47681c1;/home/luna/TG/java-projects/guava/guava-tests/test/com/google/common/cache/CacheBuilderTest.java;48;630;CacheBuilderTest;TestCase;[];0;[];[GwtCompatible];
;;guava;adce8999989d80c80fda3607dac324cbd47681c1;/home/luna/TG/java-projects/guava/guava-tests/test/com/google/common/cache/CacheBuilderTest.java;613;629;DelayingIdentityLoader;CacheLoader<T,T>;[];1;[[T]];[GwtIncompatible];
;;guava;adce8999989d80c80fda3607dac324cbd47681c1;/home/luna/TG/java-projects/guava/guava-tests/test/com/google/common/cache/CacheBuilderSpecTest.java;28;563;CacheBuilderSpecTest;TestCase;[];0;[];[];
;;guava;adce8999989d80c80fda3607dac324cbd47681c1;/home/luna/TG/java-projects/guava/guava-tests/test/com/google/common/cache/TestingRemovalListeners.java;22;103;TestingRemovalListeners;null;[];0;[];[GwtCompatible];
;;guava;adce8999989d80c80fda3607dac324cbd47681c1;/home/luna/TG/java-projects/guava/guava-tests/test/com/google/common/cache/TestingRemovalListeners.java;52;63;QueuingRemovalListener;ConcurrentLinkedQueue<RemovalNotification<K,V>>;[RemovalListener<K,V>];2;[[K, V], [K, V]];[GwtIncompatible];
;;guava;adce8999989d80c80fda3607dac324cbd47681c1;/home/luna/TG/java-projects/guava/guava-tests/test/com/google/common/cache/TestingRemovalListeners.java;65;94;CountingRemovalListener;null;[RemovalListener<K,V>];2;[[K, V], [K, V]];[];
;;guava;adce8999989d80c80fda3607dac324cbd47681c1;/home/luna/TG/java-projects/guava/guava-tests/test/com/google/common/cache/TestingRemovalListeners.java;96;102;NullRemovalListener;null;[RemovalListener<K,V>];2;[[K, V], [K, V]];[];
;;guava;adce8999989d80c80fda3607dac324cbd47681c1;/home/luna/TG/java-projects/guava/guava-tests/test/com/google/common/cache/PopulatedCachesTest.java;41;385;PopulatedCachesTest;TestCase;[];0;[];[];
;;guava;adce8999989d80c80fda3607dac324cbd47681c1;/home/luna/TG/java-projects/guava/guava-tests/test/com/google/common/cache/CacheBuilderGwtTest.java;35;500;CacheBuilderGwtTest;TestCase;[];0;[];[GwtCompatible];
;;guava;adce8999989d80c80fda3607dac324cbd47681c1;/home/luna/TG/java-projects/guava/guava-tests/test/com/google/common/cache/CacheManualTest.java;23;154;CacheManualTest;TestCase;[];0;[];[];
;;guava;adce8999989d80c80fda3607dac324cbd47681c1;/home/luna/TG/java-projects/guava/guava-tests/test/com/google/common/cache/AbstractCacheTest.java;28;193;AbstractCacheTest;TestCase;[];0;[];[];
;;guava;adce8999989d80c80fda3607dac324cbd47681c1;/home/luna/TG/java-projects/guava/guava-tests/test/com/google/common/cache/LocalLoadingCacheTest.java;38;368;LocalLoadingCacheTest;TestCase;[];0;[];[];
;;guava;adce8999989d80c80fda3607dac324cbd47681c1;/home/luna/TG/java-projects/guava/guava-tests/test/com/google/common/cache/PackageSanityTests.java;21;36;PackageSanityTests;AbstractPackageSanityTests;[];0;[];[];
;;guava;adce8999989d80c80fda3607dac324cbd47681c1;/home/luna/TG/java-projects/guava/guava-tests/test/com/google/common/cache/CacheRefreshTest.java;24;99;CacheRefreshTest;TestCase;[];0;[];[];
;;guava;adce8999989d80c80fda3607dac324cbd47681c1;/home/luna/TG/java-projects/guava/guava-tests/test/com/google/common/graph/AbstractNetworkTest.java;34;665;AbstractNetworkTest;null;[];0;[];[];
;;guava;adce8999989d80c80fda3607dac324cbd47681c1;/home/luna/TG/java-projects/guava/guava-tests/test/com/google/common/graph/GraphsTest.java;33;663;GraphsTest;null;[];0;[];[RunWith];
;;guava;adce8999989d80c80fda3607dac324cbd47681c1;/home/luna/TG/java-projects/guava/guava-tests/test/com/google/common/graph/AbstractImmutableGraphTest.java;26;149;AbstractImmutableGraphTest;AbstractGraphTest;[];0;[];[];
;;guava;adce8999989d80c80fda3607dac324cbd47681c1;/home/luna/TG/java-projects/guava/guava-tests/test/com/google/common/graph/IncidenceSetSimpleDirectedGraphTest.java;29;214;IncidenceSetSimpleDirectedGraphTest;AbstractDirectedGraphTest;[];0;[];[RunWith];
;;guava;adce8999989d80c80fda3607dac324cbd47681c1;/home/luna/TG/java-projects/guava/guava-tests/test/com/google/common/graph/ConfigurableSimpleDirectedNetworkTest.java;28;210;ConfigurableSimpleDirectedNetworkTest;AbstractDirectedNetworkTest;[];0;[];[RunWith];
;;guava;adce8999989d80c80fda3607dac324cbd47681c1;/home/luna/TG/java-projects/guava/guava-tests/test/com/google/common/graph/GraphEquivalenceTest.java;28;159;GraphEquivalenceTest;null;[];0;[];[AndroidIncompatible, RunWith];
;;guava;adce8999989d80c80fda3607dac324cbd47681c1;/home/luna/TG/java-projects/guava/guava-tests/test/com/google/common/graph/ValueGraphTest.java;28;199;ValueGraphTest;null;[];0;[];[RunWith];
;;guava;adce8999989d80c80fda3607dac324cbd47681c1;/home/luna/TG/java-projects/guava/guava-tests/test/com/google/common/graph/ConfigurableUndirectedMultiNetworkTest.java;26;100;ConfigurableUndirectedMultiNetworkTest;ConfigurableUndirectedNetworkTest;[];0;[];[RunWith];
;;guava;adce8999989d80c80fda3607dac324cbd47681c1;/home/luna/TG/java-projects/guava/guava-tests/test/com/google/common/graph/AbstractUndirectedNetworkTest.java;27;156;AbstractUndirectedNetworkTest;AbstractNetworkTest;[];0;[];[];
;;guava;adce8999989d80c80fda3607dac324cbd47681c1;/home/luna/TG/java-projects/guava/guava-tests/test/com/google/common/graph/GraphPropertiesTest.java;28;179;GraphPropertiesTest;null;[];0;[];[RunWith];
;;guava;adce8999989d80c80fda3607dac324cbd47681c1;/home/luna/TG/java-projects/guava/guava-tests/test/com/google/common/graph/ImmutableUndirectedMultigraphTest.java;26;92;ImmutableUndirectedMultigraphTest;ImmutableUndirectedGraphTest;[];0;[];[RunWith];
;;guava;adce8999989d80c80fda3607dac324cbd47681c1;/home/luna/TG/java-projects/guava/guava-tests/test/com/google/common/graph/IncidenceSetDirectedMultigraphTest.java;26;84;IncidenceSetDirectedMultigraphTest;IncidenceSetDirectedGraphTest;[];0;[];[RunWith];
;;guava;adce8999989d80c80fda3607dac324cbd47681c1;/home/luna/TG/java-projects/guava/guava-tests/test/com/google/common/graph/GraphEqualsTest.java;27;160;GraphEqualsTest;null;[];0;[];[AndroidIncompatible, RunWith];
;;guava;adce8999989d80c80fda3607dac324cbd47681c1;/home/luna/TG/java-projects/guava/guava-tests/test/com/google/common/graph/ConfigurableSimpleDirectedGraphTest.java;28;126;ConfigurableSimpleDirectedGraphTest;AbstractDirectedGraphTest;[];0;[];[RunWith];
;;guava;adce8999989d80c80fda3607dac324cbd47681c1;/home/luna/TG/java-projects/guava/guava-tests/test/com/google/common/graph/AbstractImmutableDirectedGraphTest.java;23;169;AbstractImmutableDirectedGraphTest;AbstractDirectedGraphTest;[];0;[];[];
;;guava;adce8999989d80c80fda3607dac324cbd47681c1;/home/luna/TG/java-projects/guava/guava-tests/test/com/google/common/graph/MapCacheTest.java;33;114;MapCacheTest;null;[];0;[];[AndroidIncompatible, RunWith];
;;guava;adce8999989d80c80fda3607dac324cbd47681c1;/home/luna/TG/java-projects/guava/guava-tests/test/com/google/common/graph/ImmutableSimpleDirectedGraphTest.java;28;326;ImmutableSimpleDirectedGraphTest;AbstractImmutableGraphTest;[];0;[];[RunWith];
;;guava;adce8999989d80c80fda3607dac324cbd47681c1;/home/luna/TG/java-projects/guava/guava-tests/test/com/google/common/graph/ConfigurableDirectedNetworkTest.java;27;213;ConfigurableDirectedNetworkTest;ConfigurableSimpleDirectedNetworkTest;[];0;[];[RunWith];
;;guava;adce8999989d80c80fda3607dac324cbd47681c1;/home/luna/TG/java-projects/guava/guava-tests/test/com/google/common/graph/ConfigurableDirectedGraphTest.java;25;110;ConfigurableDirectedGraphTest;ConfigurableSimpleDirectedGraphTest;[];0;[];[RunWith];
;;guava;adce8999989d80c80fda3607dac324cbd47681c1;/home/luna/TG/java-projects/guava/guava-tests/test/com/google/common/graph/GraphMutationTest.java;30;120;GraphMutationTest;null;[];0;[];[RunWith];
;;guava;adce8999989d80c80fda3607dac324cbd47681c1;/home/luna/TG/java-projects/guava/guava-tests/test/com/google/common/graph/ConfigurableUndirectedGraphTest.java;25;109;ConfigurableUndirectedGraphTest;ConfigurableSimpleUndirectedGraphTest;[];0;[];[RunWith];
;;guava;adce8999989d80c80fda3607dac324cbd47681c1;/home/luna/TG/java-projects/guava/guava-tests/test/com/google/common/graph/AbstractDirectedGraphTest.java;23;94;AbstractDirectedGraphTest;AbstractGraphTest;[];0;[];[];
;;guava;adce8999989d80c80fda3607dac324cbd47681c1;/home/luna/TG/java-projects/guava/guava-tests/test/com/google/common/graph/IncidenceSetDirectedGraphTest.java;32;244;IncidenceSetDirectedGraphTest;IncidenceSetSimpleDirectedGraphTest;[];0;[];[RunWith];
;;guava;adce8999989d80c80fda3607dac324cbd47681c1;/home/luna/TG/java-projects/guava/guava-tests/test/com/google/common/graph/ConfigurableUndirectedMultigraphTest.java;26;90;ConfigurableUndirectedMultigraphTest;ConfigurableUndirectedGraphTest;[];0;[];[RunWith];
;;guava;adce8999989d80c80fda3607dac324cbd47681c1;/home/luna/TG/java-projects/guava/guava-tests/test/com/google/common/graph/GraphConfigTest.java;27;66;GraphConfigTest;null;[];0;[];[RunWith];
;;guava;adce8999989d80c80fda3607dac324cbd47681c1;/home/luna/TG/java-projects/guava/guava-tests/test/com/google/common/graph/NetworkEquivalenceTest.java;28;193;NetworkEquivalenceTest;null;[];0;[];[AndroidIncompatible, RunWith];
;;guava;adce8999989d80c80fda3607dac324cbd47681c1;/home/luna/TG/java-projects/guava/guava-tests/test/com/google/common/graph/GraphTest.java;28;185;GraphTest;null;[];0;[];[RunWith];
;;guava;adce8999989d80c80fda3607dac324cbd47681c1;/home/luna/TG/java-projects/guava/guava-tests/test/com/google/common/graph/ImmutableSimpleUndirectedGraphTest.java;28;289;ImmutableSimpleUndirectedGraphTest;AbstractImmutableGraphTest;[];0;[];[RunWith];
;;guava;adce8999989d80c80fda3607dac324cbd47681c1;/home/luna/TG/java-projects/guava/guava-tests/test/com/google/common/graph/EndpointPairTest.java;31;229;EndpointPairTest;null;[];0;[];[RunWith];
;;guava;adce8999989d80c80fda3607dac324cbd47681c1;/home/luna/TG/java-projects/guava/guava-tests/test/com/google/common/graph/ImmutableNetworkTest.java;25;77;ImmutableNetworkTest;null;[];0;[];[RunWith];
;;guava;adce8999989d80c80fda3607dac324cbd47681c1;/home/luna/TG/java-projects/guava/guava-tests/test/com/google/common/graph/ImmutableGraphTest.java;25;72;ImmutableGraphTest;null;[];0;[];[RunWith];
;;guava;adce8999989d80c80fda3607dac324cbd47681c1;/home/luna/TG/java-projects/guava/guava-tests/test/com/google/common/graph/IncidenceSetUndirectedMultigraphTest.java;26;83;IncidenceSetUndirectedMultigraphTest;IncidenceSetUndirectedGraphTest;[];0;[];[RunWith];
;;guava;adce8999989d80c80fda3607dac324cbd47681c1;/home/luna/TG/java-projects/guava/guava-tests/test/com/google/common/graph/ConfigurableUndirectedNetworkTest.java;27;202;ConfigurableUndirectedNetworkTest;ConfigurableSimpleUndirectedNetworkTest;[];0;[];[RunWith];
;;guava;adce8999989d80c80fda3607dac324cbd47681c1;/home/luna/TG/java-projects/guava/guava-tests/test/com/google/common/graph/DirectedIncidentNodesTest.java;25;36;DirectedIncidentNodesTest;null;[];0;[];[RunWith];
;;guava;adce8999989d80c80fda3607dac324cbd47681c1;/home/luna/TG/java-projects/guava/guava-tests/test/com/google/common/graph/ConfigurableDirectedMultiNetworkTest.java;26;98;ConfigurableDirectedMultiNetworkTest;ConfigurableDirectedNetworkTest;[];0;[];[RunWith];
;;guava;adce8999989d80c80fda3607dac324cbd47681c1;/home/luna/TG/java-projects/guava/guava-tests/test/com/google/common/graph/ConfigurableDirectedMultigraphTest.java;26;89;ConfigurableDirectedMultigraphTest;ConfigurableDirectedGraphTest;[];0;[];[RunWith];
;;guava;adce8999989d80c80fda3607dac324cbd47681c1;/home/luna/TG/java-projects/guava/guava-tests/test/com/google/common/graph/ConfigurableSimpleUndirectedNetworkTest.java;28;209;ConfigurableSimpleUndirectedNetworkTest;AbstractUndirectedNetworkTest;[];0;[];[RunWith];
;;guava;adce8999989d80c80fda3607dac324cbd47681c1;/home/luna/TG/java-projects/guava/guava-tests/test/com/google/common/graph/ImmutableDirectedMultigraphTest.java;26;92;ImmutableDirectedMultigraphTest;ImmutableDirectedGraphTest;[];0;[];[RunWith];
;;guava;adce8999989d80c80fda3607dac324cbd47681c1;/home/luna/TG/java-projects/guava/guava-tests/test/com/google/common/graph/IncidenceSetSimpleUndirectedGraphTest.java;29;214;IncidenceSetSimpleUndirectedGraphTest;AbstractUndirectedGraphTest;[];0;[];[RunWith];
;;guava;adce8999989d80c80fda3607dac324cbd47681c1;/home/luna/TG/java-projects/guava/guava-tests/test/com/google/common/graph/ImmutableUndirectedGraphTest.java;28;199;ImmutableUndirectedGraphTest;ImmutableSimpleUndirectedGraphTest;[];0;[];[RunWith];
;;guava;adce8999989d80c80fda3607dac324cbd47681c1;/home/luna/TG/java-projects/guava/guava-tests/test/com/google/common/graph/AbstractImmutableUndirectedGraphTest.java;23;170;AbstractImmutableUndirectedGraphTest;AbstractUndirectedGraphTest;[];0;[];[];
;;guava;adce8999989d80c80fda3607dac324cbd47681c1;/home/luna/TG/java-projects/guava/guava-tests/test/com/google/common/graph/EndpointsTest.java;29;93;EndpointsTest;null;[];0;[];[RunWith];
;;guava;adce8999989d80c80fda3607dac324cbd47681c1;/home/luna/TG/java-projects/guava/guava-tests/test/com/google/common/graph/ElementOrderTest.java;30;254;ElementOrderTest;null;[];0;[];[RunWith];
;;guava;adce8999989d80c80fda3607dac324cbd47681c1;/home/luna/TG/java-projects/guava/guava-tests/test/com/google/common/graph/ElementOrderTest.java;229;240;NonComparableSuperClass;null;[];0;[];[];
;;guava;adce8999989d80c80fda3607dac324cbd47681c1;/home/luna/TG/java-projects/guava/guava-tests/test/com/google/common/graph/ElementOrderTest.java;242;253;ComparableSubClass;NonComparableSuperClass;[Comparable<NonComparableSuperClass>];0;[];[];
;;guava;adce8999989d80c80fda3607dac324cbd47681c1;/home/luna/TG/java-projects/guava/guava-tests/test/com/google/common/graph/ConfigurableSimpleUndirectedGraphTest.java;28;126;ConfigurableSimpleUndirectedGraphTest;AbstractUndirectedGraphTest;[];0;[];[RunWith];
;;guava;adce8999989d80c80fda3607dac324cbd47681c1;/home/luna/TG/java-projects/guava/guava-tests/test/com/google/common/graph/ImmutableDirectedGraphTest.java;28;209;ImmutableDirectedGraphTest;ImmutableSimpleDirectedGraphTest;[];0;[];[RunWith];
;;guava;adce8999989d80c80fda3607dac324cbd47681c1;/home/luna/TG/java-projects/guava/guava-tests/test/com/google/common/graph/AbstractGraphTest.java;32;422;AbstractGraphTest;null;[];0;[];[];
;;guava;adce8999989d80c80fda3607dac324cbd47681c1;/home/luna/TG/java-projects/guava/guava-tests/test/com/google/common/graph/AbstractDirectedNetworkTest.java;28;210;AbstractDirectedNetworkTest;AbstractNetworkTest;[];0;[];[];
;;guava;adce8999989d80c80fda3607dac324cbd47681c1;/home/luna/TG/java-projects/guava/guava-tests/test/com/google/common/graph/IncidenceSetUndirectedGraphTest.java;32;232;IncidenceSetUndirectedGraphTest;IncidenceSetSimpleUndirectedGraphTest;[];0;[];[RunWith];
;;guava;adce8999989d80c80fda3607dac324cbd47681c1;/home/luna/TG/java-projects/guava/guava-tests/test/com/google/common/graph/AbstractMutableGraphTest.java;27;94;AbstractMutableGraphTest;AbstractGraphTest;[];0;[];[];
;;guava;adce8999989d80c80fda3607dac324cbd47681c1;/home/luna/TG/java-projects/guava/guava-tests/test/com/google/common/graph/TestUtil.java;26;71;TestUtil;null;[];0;[];[];
;;guava;adce8999989d80c80fda3607dac324cbd47681c1;/home/luna/TG/java-projects/guava/guava-tests/test/com/google/common/graph/AbstractUndirectedGraphTest.java;25;99;AbstractUndirectedGraphTest;AbstractGraphTest;[];0;[];[];
;;guava;adce8999989d80c80fda3607dac324cbd47681c1;/home/luna/TG/java-projects/guava/guava-tests/test/com/google/common/graph/UndirectedIncidentNodesTest.java;26;41;UndirectedIncidentNodesTest;null;[];0;[];[RunWith];
;;guava;adce8999989d80c80fda3607dac324cbd47681c1;/home/luna/TG/java-projects/guava/guava-tests/test/com/google/common/graph/NetworkEqualsTest.java;27;191;NetworkEqualsTest;null;[];0;[];[AndroidIncompatible, RunWith];
;;guava;adce8999989d80c80fda3607dac324cbd47681c1;/home/luna/TG/java-projects/guava/guava-tests/test/com/google/common/graph/IncidentNodesTest.java;25;35;IncidentNodesTest;null;[];0;[];[RunWith];
;;guava;adce8999989d80c80fda3607dac324cbd47681c1;/home/luna/TG/java-projects/guava/guava-tests/test/com/google/common/graph/NetworkMutationTest.java;30;127;NetworkMutationTest;null;[];0;[];[RunWith];
;;guava;adce8999989d80c80fda3607dac324cbd47681c1;/home/luna/TG/java-projects/guava/guava-tests/test/com/google/common/graph/PackageSanityTests.java;24;77;PackageSanityTests;AbstractPackageSanityTests;[];0;[];[];
;;guava;adce8999989d80c80fda3607dac324cbd47681c1;/home/luna/TG/java-projects/guava/guava-gwt/src-super/java/nio/charset/Charset.java;23;101;Charset;null;[Comparable<Charset>];0;[];[];
;;guava;adce8999989d80c80fda3607dac324cbd47681c1;/home/luna/TG/java-projects/guava/guava-gwt/src-super/java/nio/charset/UnsupportedCharsetException.java;19;35;UnsupportedCharsetException;IllegalArgumentException;[];0;[];[];
;;guava;adce8999989d80c80fda3607dac324cbd47681c1;/home/luna/TG/java-projects/guava/guava-gwt/src-super/java/nio/charset/IllegalCharsetNameException.java;19;35;IllegalCharsetNameException;IllegalArgumentException;[];0;[];[];
;;guava;adce8999989d80c80fda3607dac324cbd47681c1;/home/luna/TG/java-projects/guava/guava-gwt/src-super/java/util/super/java/util/concurrent/Executor.java;19;24;Executor;null;[];0;[];[];
;;guava;adce8999989d80c80fda3607dac324cbd47681c1;/home/luna/TG/java-projects/guava/guava-gwt/src-super/java/util/super/java/util/concurrent/ScheduledFuture.java;13;19;ScheduledFuture;null;[Delayed, Future<V>];1;[[V]];[];
;;guava;adce8999989d80c80fda3607dac324cbd47681c1;/home/luna/TG/java-projects/guava/guava-gwt/src-super/java/util/super/java/util/concurrent/Callable.java;19;26;Callable;null;[];1;[[V]];[];
;;guava;adce8999989d80c80fda3607dac324cbd47681c1;/home/luna/TG/java-projects/guava/guava-gwt/src-super/java/util/super/java/util/concurrent/Future.java;19;36;Future;null;[];1;[[V]];[];
;;guava;adce8999989d80c80fda3607dac324cbd47681c1;/home/luna/TG/java-projects/guava/guava-gwt/src-super/java/util/super/java/util/concurrent/Delayed.java;13;18;Delayed;null;[Comparable<Delayed>];0;[];[];
;;guava;adce8999989d80c80fda3607dac324cbd47681c1;/home/luna/TG/java-projects/guava/guava-gwt/src-super/java/util/super/java/util/concurrent/RunnableFuture.java;19;23;RunnableFuture;null;[Runnable, Future<V>];1;[[V]];[];
;;guava;adce8999989d80c80fda3607dac324cbd47681c1;/home/luna/TG/java-projects/guava/guava-gwt/src-super/java/util/super/java/util/concurrent/RejectedExecutionException.java;19;37;RejectedExecutionException;RuntimeException;[];0;[];[];
;;guava;adce8999989d80c80fda3607dac324cbd47681c1;/home/luna/TG/java-projects/guava/guava-gwt/src-super/java/util/super/java/util/concurrent/CountDownLatch.java;13;55;CountDownLatch;null;[];0;[];[];
;;guava;adce8999989d80c80fda3607dac324cbd47681c1;/home/luna/TG/java-projects/guava/guava-gwt/src-super/java/util/super/java/util/concurrent/ConcurrentMap.java;21;35;ConcurrentMap;null;[Map<K,V>];2;[[K, V], [K, V]];[];
;;guava;adce8999989d80c80fda3607dac324cbd47681c1;/home/luna/TG/java-projects/guava/guava-gwt/src-super/java/util/super/java/util/concurrent/Executors.java;13;50;Executors;null;[];0;[];[];
;;guava;adce8999989d80c80fda3607dac324cbd47681c1;/home/luna/TG/java-projects/guava/guava-gwt/src-super/java/util/super/java/util/concurrent/Executors.java;32;46;RunnableAdapter;null;[Callable<T>];1;[[T]];[];
;;guava;adce8999989d80c80fda3607dac324cbd47681c1;/home/luna/TG/java-projects/guava/guava-gwt/src-super/java/util/super/java/util/concurrent/atomic/AtomicBoolean.java;30;77;AtomicBoolean;null;[java.io.Serializable];0;[];[];
;;guava;adce8999989d80c80fda3607dac324cbd47681c1;/home/luna/TG/java-projects/guava/guava-gwt/src-super/java/util/super/java/util/concurrent/atomic/AtomicLong.java;19;109;AtomicLong;Number;[java.io.Serializable];0;[];[];
;;guava;adce8999989d80c80fda3607dac324cbd47681c1;/home/luna/TG/java-projects/guava/guava-gwt/src-super/java/util/super/java/util/concurrent/atomic/AtomicInteger.java;19;109;AtomicInteger;Number;[java.io.Serializable];0;[];[];
;;guava;adce8999989d80c80fda3607dac324cbd47681c1;/home/luna/TG/java-projects/guava/guava-gwt/src-super/java/util/super/java/util/concurrent/TimeoutException.java;19;28;TimeoutException;Exception;[];0;[];[];
;;guava;adce8999989d80c80fda3607dac324cbd47681c1;/home/luna/TG/java-projects/guava/guava-gwt/src-super/java/util/super/java/util/concurrent/CancellationException.java;19;29;CancellationException;IllegalStateException;[];0;[];[];
;;guava;adce8999989d80c80fda3607dac324cbd47681c1;/home/luna/TG/java-projects/guava/guava-gwt/src-super/java/util/super/java/util/concurrent/ExecutionException.java;19;38;ExecutionException;Exception;[];0;[];[];
;;guava;adce8999989d80c80fda3607dac324cbd47681c1;/home/luna/TG/java-projects/guava/guava-gwt/src-super/java/util/super/java/util/concurrent/ConcurrentHashMap.java;26;144;ConcurrentHashMap;AbstractMap<K,V>;[ConcurrentMap<K,V>];2;[[K, V], [K, V]];[];
;;guava;adce8999989d80c80fda3607dac324cbd47681c1;/home/luna/TG/java-projects/guava/guava-gwt/src-super/java/lang/super/java/lang/InterruptedException.java;19;32;InterruptedException;Exception;[];0;[];[];
;;guava;adce8999989d80c80fda3607dac324cbd47681c1;/home/luna/TG/java-projects/guava/guava-gwt/src-super/java/lang/super/java/lang/reflect/UndeclaredThrowableException.java;19;34;UndeclaredThrowableException;RuntimeException;[];0;[];[];
;;guava;adce8999989d80c80fda3607dac324cbd47681c1;/home/luna/TG/java-projects/guava/guava-gwt/src-super/com/google/common/io/super/com/google/common/io/BaseEncoding.java;44;794;BaseEncoding;null;[];0;[];[Beta, GwtCompatible];
;;guava;adce8999989d80c80fda3607dac324cbd47681c1;/home/luna/TG/java-projects/guava/guava-gwt/src-super/com/google/common/io/super/com/google/common/io/BaseEncoding.java;359;474;Alphabet;CharMatcher;[];0;[];[];
;;guava;adce8999989d80c80fda3607dac324cbd47681c1;/home/luna/TG/java-projects/guava/guava-gwt/src-super/com/google/common/io/super/com/google/common/io/BaseEncoding.java;476;667;StandardBaseEncoding;BaseEncoding;[];0;[];[];
;;guava;adce8999989d80c80fda3607dac324cbd47681c1;/home/luna/TG/java-projects/guava/guava-gwt/src-super/com/google/common/io/super/com/google/common/io/BaseEncoding.java;721;793;SeparatedBaseEncoding;BaseEncoding;[];0;[];[];
;;guava;adce8999989d80c80fda3607dac324cbd47681c1;/home/luna/TG/java-projects/guava/guava-gwt/src-super/com/google/common/io/super/com/google/common/io/GwtWorkarounds.java;23;117;GwtWorkarounds;null;[];0;[];[GwtCompatible];
;;guava;adce8999989d80c80fda3607dac324cbd47681c1;/home/luna/TG/java-projects/guava/guava-gwt/src-super/com/google/common/io/super/com/google/common/io/GwtWorkarounds.java;34;40;CharInput;null;[];0;[];[];
;;guava;adce8999989d80c80fda3607dac324cbd47681c1;/home/luna/TG/java-projects/guava/guava-gwt/src-super/com/google/common/io/super/com/google/common/io/GwtWorkarounds.java;66;72;ByteInput;null;[];0;[];[];
;;guava;adce8999989d80c80fda3607dac324cbd47681c1;/home/luna/TG/java-projects/guava/guava-gwt/src-super/com/google/common/io/super/com/google/common/io/GwtWorkarounds.java;74;81;ByteOutput;null;[];0;[];[];
;;guava;adce8999989d80c80fda3607dac324cbd47681c1;/home/luna/TG/java-projects/guava/guava-gwt/src-super/com/google/common/io/super/com/google/common/io/GwtWorkarounds.java;83;90;CharOutput;null;[];0;[];[];
;;guava;adce8999989d80c80fda3607dac324cbd47681c1;/home/luna/TG/java-projects/guava/guava-gwt/src-super/com/google/common/escape/super/com/google/common/escape/Platform.java;19;35;Platform;null;[];0;[];[];
;;guava;adce8999989d80c80fda3607dac324cbd47681c1;/home/luna/TG/java-projects/guava/guava-gwt/src-super/com/google/common/primitives/super/com/google/common/primitives/Shorts.java;34;541;Shorts;null;[];0;[];[GwtCompatible];
;;guava;adce8999989d80c80fda3607dac324cbd47681c1;/home/luna/TG/java-projects/guava/guava-gwt/src-super/com/google/common/primitives/super/com/google/common/primitives/Shorts.java;419;540;ShortArrayAsList;AbstractList<Short>;[RandomAccess, Serializable];0;[];[GwtCompatible];
;;guava;adce8999989d80c80fda3607dac324cbd47681c1;/home/luna/TG/java-projects/guava/guava-gwt/src-super/com/google/common/primitives/super/com/google/common/primitives/Ints.java;34;539;Ints;null;[];0;[];[GwtCompatible];
;;guava;adce8999989d80c80fda3607dac324cbd47681c1;/home/luna/TG/java-projects/guava/guava-gwt/src-super/com/google/common/primitives/super/com/google/common/primitives/Ints.java;417;538;IntArrayAsList;AbstractList<Integer>;[RandomAccess, Serializable];0;[];[GwtCompatible];
;;guava;adce8999989d80c80fda3607dac324cbd47681c1;/home/luna/TG/java-projects/guava/guava-gwt/src-super/com/google/common/primitives/super/com/google/common/primitives/UnsignedInteger.java;31;311;UnsignedInteger;Number;[Comparable<UnsignedInteger>];0;[];[GwtCompatible];
;;guava;adce8999989d80c80fda3607dac324cbd47681c1;/home/luna/TG/java-projects/guava/guava-gwt/src-super/com/google/common/primitives/super/com/google/common/primitives/Floats.java;36;530;Floats;null;[];0;[];[GwtCompatible];
;;guava;adce8999989d80c80fda3607dac324cbd47681c1;/home/luna/TG/java-projects/guava/guava-gwt/src-super/com/google/common/primitives/super/com/google/common/primitives/Floats.java;408;529;FloatArrayAsList;AbstractList<Float>;[RandomAccess, Serializable];0;[];[GwtCompatible];
;;guava;adce8999989d80c80fda3607dac324cbd47681c1;/home/luna/TG/java-projects/guava/guava-gwt/src-super/com/google/common/primitives/super/com/google/common/primitives/Doubles.java;36;533;Doubles;null;[];0;[];[GwtCompatible];
;;guava;adce8999989d80c80fda3607dac324cbd47681c1;/home/luna/TG/java-projects/guava/guava-gwt/src-super/com/google/common/primitives/super/com/google/common/primitives/Doubles.java;411;532;DoubleArrayAsList;AbstractList<Double>;[RandomAccess, Serializable];0;[];[GwtCompatible];
;;guava;adce8999989d80c80fda3607dac324cbd47681c1;/home/luna/TG/java-projects/guava/guava-gwt/src-super/com/google/common/primitives/super/com/google/common/primitives/Chars.java;34;536;Chars;null;[];0;[];[GwtCompatible];
;;guava;adce8999989d80c80fda3607dac324cbd47681c1;/home/luna/TG/java-projects/guava/guava-gwt/src-super/com/google/common/primitives/super/com/google/common/primitives/Chars.java;414;535;CharArrayAsList;AbstractList<Character>;[RandomAccess, Serializable];0;[];[GwtCompatible];
;;guava;adce8999989d80c80fda3607dac324cbd47681c1;/home/luna/TG/java-projects/guava/guava-gwt/src-super/com/google/common/math/super/com/google/common/math/IntMath.java;34;419;IntMath;null;[];0;[];[GwtCompatible];
;;guava;adce8999989d80c80fda3607dac324cbd47681c1;/home/luna/TG/java-projects/guava/guava-gwt/src-super/com/google/common/math/super/com/google/common/math/LongMath.java;32;298;LongMath;null;[];0;[];[GwtCompatible];
;;guava;adce8999989d80c80fda3607dac324cbd47681c1;/home/luna/TG/java-projects/guava/guava-gwt/src-super/com/google/common/math/super/com/google/common/math/BigIntegerMath.java;36;266;BigIntegerMath;null;[];0;[];[GwtCompatible];
;;guava;adce8999989d80c80fda3607dac324cbd47681c1;/home/luna/TG/java-projects/guava/guava-gwt/src-super/com/google/common/math/super/com/google/common/math/DoubleMath.java;26;172;DoubleMath;null;[];0;[];[GwtCompatible];
;;guava;adce8999989d80c80fda3607dac324cbd47681c1;/home/luna/TG/java-projects/guava/guava-gwt/src-super/com/google/common/base/super/com/google/common/base/Splitter.java;32;533;Splitter;null;[];0;[];[GwtCompatible];
;;guava;adce8999989d80c80fda3607dac324cbd47681c1;/home/luna/TG/java-projects/guava/guava-gwt/src-super/com/google/common/base/super/com/google/common/base/Splitter.java;381;432;MapSplitter;null;[];0;[];[Beta];
;;guava;adce8999989d80c80fda3607dac324cbd47681c1;/home/luna/TG/java-projects/guava/guava-gwt/src-super/com/google/common/base/super/com/google/common/base/Splitter.java;434;436;Strategy;null;[];0;[];[];
;;guava;adce8999989d80c80fda3607dac324cbd47681c1;/home/luna/TG/java-projects/guava/guava-gwt/src-super/com/google/common/base/super/com/google/common/base/Splitter.java;438;532;SplittingIterator;AbstractIterator<String>;[];0;[];[];
;;guava;adce8999989d80c80fda3607dac324cbd47681c1;/home/luna/TG/java-projects/guava/guava-gwt/src-super/com/google/common/base/super/com/google/common/base/Enums.java;28;108;Enums;null;[];0;[];[GwtCompatible, Beta];
;;guava;adce8999989d80c80fda3607dac324cbd47681c1;/home/luna/TG/java-projects/guava/guava-gwt/src-super/com/google/common/base/super/com/google/common/base/Enums.java;53;89;ValueOfFunction;null;[Function<String,T>, Serializable];1;[[T extends Enum<T>]];[];
;;guava;adce8999989d80c80fda3607dac324cbd47681c1;/home/luna/TG/java-projects/guava/guava-gwt/src-super/com/google/common/base/super/com/google/common/base/CharMatcher.java;29;1244;CharMatcher;null;[Predicate<Character>];0;[];[Beta, GwtCompatible];
;;guava;adce8999989d80c80fda3607dac324cbd47681c1;/home/luna/TG/java-projects/guava/guava-gwt/src-super/com/google/common/base/super/com/google/common/base/CharMatcher.java;99;126;RangesMatcher;CharMatcher;[];0;[];[];
;;guava;adce8999989d80c80fda3607dac324cbd47681c1;/home/luna/TG/java-projects/guava/guava-gwt/src-super/com/google/common/base/super/com/google/common/base/CharMatcher.java;589;625;NegatedMatcher;CharMatcher;[];0;[];[];
;;guava;adce8999989d80c80fda3607dac324cbd47681c1;/home/luna/TG/java-projects/guava/guava-gwt/src-super/com/google/common/base/super/com/google/common/base/CharMatcher.java;634;657;And;CharMatcher;[];0;[];[];
;;guava;adce8999989d80c80fda3607dac324cbd47681c1;/home/luna/TG/java-projects/guava/guava-gwt/src-super/com/google/common/base/super/com/google/common/base/CharMatcher.java;666;689;Or;CharMatcher;[];0;[];[];
;;guava;adce8999989d80c80fda3607dac324cbd47681c1;/home/luna/TG/java-projects/guava/guava-gwt/src-super/com/google/common/base/super/com/google/common/base/CharMatcher.java;716;737;FastMatcher;CharMatcher;[];0;[];[];
;;guava;adce8999989d80c80fda3607dac324cbd47681c1;/home/luna/TG/java-projects/guava/guava-gwt/src-super/com/google/common/base/super/com/google/common/base/CharMatcher.java;739;757;NegatedFastMatcher;NegatedMatcher;[];0;[];[];
;;guava;adce8999989d80c80fda3607dac324cbd47681c1;/home/luna/TG/java-projects/guava/guava-gwt/src-super/com/google/common/base/super/com/google/common/base/ExtraObjectsMethodsForWeb.java;21;29;ExtraObjectsMethodsForWeb;null;[];0;[];[];
;;guava;adce8999989d80c80fda3607dac324cbd47681c1;/home/luna/TG/java-projects/guava/guava-gwt/src-super/com/google/common/base/super/com/google/common/base/Charsets.java;23;51;Charsets;null;[];0;[];[GwtCompatible];
;;guava;adce8999989d80c80fda3607dac324cbd47681c1;/home/luna/TG/java-projects/guava/guava-gwt/src-super/com/google/common/base/super/com/google/common/base/Platform.java;26;75;Platform;null;[];0;[];[];
;;guava;adce8999989d80c80fda3607dac324cbd47681c1;/home/luna/TG/java-projects/guava/guava-gwt/src-super/com/google/common/base/super/com/google/common/base/Platform.java;61;64;Number;null;[];0;[];[JsType];
;;guava;adce8999989d80c80fda3607dac324cbd47681c1;/home/luna/TG/java-projects/guava/guava-gwt/src-super/com/google/common/base/super/com/google/common/base/Predicates.java;31;454;Predicates;null;[];0;[];[GwtCompatible];
;;guava;adce8999989d80c80fda3607dac324cbd47681c1;/home/luna/TG/java-projects/guava/guava-gwt/src-super/com/google/common/base/super/com/google/common/base/Predicates.java;240;265;NotPredicate;null;[Predicate<T>, Serializable];1;[[T]];[];
;;guava;adce8999989d80c80fda3607dac324cbd47681c1;/home/luna/TG/java-projects/guava/guava-gwt/src-super/com/google/common/base/super/com/google/common/base/Predicates.java;269;301;AndPredicate;null;[Predicate<T>, Serializable];1;[[T]];[];
;;guava;adce8999989d80c80fda3607dac324cbd47681c1;/home/luna/TG/java-projects/guava/guava-gwt/src-super/com/google/common/base/super/com/google/common/base/Predicates.java;303;335;OrPredicate;null;[Predicate<T>, Serializable];1;[[T]];[];
;;guava;adce8999989d80c80fda3607dac324cbd47681c1;/home/luna/TG/java-projects/guava/guava-gwt/src-super/com/google/common/base/super/com/google/common/base/Predicates.java;337;363;IsEqualToPredicate;null;[Predicate<T>, Serializable];1;[[T]];[];
;;guava;adce8999989d80c80fda3607dac324cbd47681c1;/home/luna/TG/java-projects/guava/guava-gwt/src-super/com/google/common/base/super/com/google/common/base/Predicates.java;365;400;InPredicate;null;[Predicate<T>, Serializable];1;[[T]];[];
;;guava;adce8999989d80c80fda3607dac324cbd47681c1;/home/luna/TG/java-projects/guava/guava-gwt/src-super/com/google/common/base/super/com/google/common/base/Predicates.java;402;435;CompositionPredicate;null;[Predicate<A>, Serializable];2;[[A, B], [A, B]];[];
;;guava;adce8999989d80c80fda3607dac324cbd47681c1;/home/luna/TG/java-projects/guava/guava-gwt/src-super/com/google/common/base/super/com/google/common/base/Stopwatch.java;31;217;Stopwatch;null;[];0;[];[Beta, GwtCompatible];
;;guava;adce8999989d80c80fda3607dac324cbd47681c1;/home/luna/TG/java-projects/guava/guava-gwt/src-super/com/google/common/util/concurrent/super/com/google/common/util/concurrent/Futures.java;45;848;Futures;null;[];0;[];[Beta, GwtCompatible];
;;guava;adce8999989d80c80fda3607dac324cbd47681c1;/home/luna/TG/java-projects/guava/guava-gwt/src-super/com/google/common/util/concurrent/super/com/google/common/util/concurrent/Futures.java;108;151;ImmediateFuture;null;[ListenableFuture<V>];1;[[V]];[];
;;guava;adce8999989d80c80fda3607dac324cbd47681c1;/home/luna/TG/java-projects/guava/guava-gwt/src-super/com/google/common/util/concurrent/super/com/google/common/util/concurrent/Futures.java;153;165;ImmediateSuccessfulFuture;ImmediateFuture<V>;[];1;[[V]];[];
;;guava;adce8999989d80c80fda3607dac324cbd47681c1;/home/luna/TG/java-projects/guava/guava-gwt/src-super/com/google/common/util/concurrent/super/com/google/common/util/concurrent/Futures.java;178;291;TimeoutFuture;AbstractFuture.TrustedFuture<V>;[];1;[[V]];[];
;;guava;adce8999989d80c80fda3607dac324cbd47681c1;/home/luna/TG/java-projects/guava/guava-gwt/src-super/com/google/common/util/concurrent/super/com/google/common/util/concurrent/Futures.java;212;267;Fire;null;[Runnable];1;[[V]];[];
;;guava;adce8999989d80c80fda3607dac324cbd47681c1;/home/luna/TG/java-projects/guava/guava-gwt/src-super/com/google/common/util/concurrent/super/com/google/common/util/concurrent/Futures.java;551;637;ChainingListenableFuture;AbstractFuture.TrustedFuture<O>;[Runnable];2;[[I, O], [I, O]];[];
;;guava;adce8999989d80c80fda3607dac324cbd47681c1;/home/luna/TG/java-projects/guava/guava-gwt/src-super/com/google/common/util/concurrent/super/com/google/common/util/concurrent/Futures.java;676;712;CombinedFuture;TrustedListenableFutureTask<V>;[];1;[[V]];[];
;;guava;adce8999989d80c80fda3607dac324cbd47681c1;/home/luna/TG/java-projects/guava/guava-gwt/src-super/com/google/common/util/concurrent/super/com/google/common/util/concurrent/AggregateFutureState.java;23;49;AggregateFutureState;null;[];0;[];[];
;;guava;adce8999989d80c80fda3607dac324cbd47681c1;/home/luna/TG/java-projects/guava/guava-gwt/src-super/com/google/common/util/concurrent/super/com/google/common/util/concurrent/Callables.java;25;46;Callables;null;[];0;[];[GwtCompatible];
;;guava;adce8999989d80c80fda3607dac324cbd47681c1;/home/luna/TG/java-projects/guava/guava-gwt/src-super/com/google/common/util/concurrent/super/com/google/common/util/concurrent/TrustedListenableFutureTask.java;27;72;TrustedListenableFutureTask;AbstractFuture.TrustedFuture<V>;[RunnableFuture<V>];1;[[V]];[];
;;guava;adce8999989d80c80fda3607dac324cbd47681c1;/home/luna/TG/java-projects/guava/guava-gwt/src-super/com/google/common/util/concurrent/super/com/google/common/util/concurrent/ImmediateFuture.java;29;109;ImmediateFuture;null;[ListenableFuture<V>];1;[[V]];[GwtCompatible];
;;guava;adce8999989d80c80fda3607dac324cbd47681c1;/home/luna/TG/java-projects/guava/guava-gwt/src-super/com/google/common/util/concurrent/super/com/google/common/util/concurrent/ImmediateFuture.java;81;95;ImmediateSuccessfulFuture;ImmediateFuture<V>;[];1;[[V]];[];
;;guava;adce8999989d80c80fda3607dac324cbd47681c1;/home/luna/TG/java-projects/guava/guava-gwt/src-super/com/google/common/util/concurrent/super/com/google/common/util/concurrent/ImmediateFuture.java;97;108;ImmediateFailedFuture;ImmediateFuture<V>;[];1;[[V]];[];
;;guava;adce8999989d80c80fda3607dac324cbd47681c1;/home/luna/TG/java-projects/guava/guava-gwt/src-super/com/google/common/util/concurrent/super/com/google/common/util/concurrent/AbstractFuture.java;36;323;AbstractFuture;null;[ListenableFuture<V>];1;[[V]];[];
;;guava;adce8999989d80c80fda3607dac324cbd47681c1;/home/luna/TG/java-projects/guava/guava-gwt/src-super/com/google/common/util/concurrent/super/com/google/common/util/concurrent/AbstractFuture.java;41;46;TrustedFuture;AbstractFuture<V>;[];1;[[V]];[];
;;guava;adce8999989d80c80fda3607dac324cbd47681c1;/home/luna/TG/java-projects/guava/guava-gwt/src-super/com/google/common/util/concurrent/super/com/google/common/util/concurrent/AbstractFuture.java;265;282;Listener;null;[];0;[];[];
;;guava;adce8999989d80c80fda3607dac324cbd47681c1;/home/luna/TG/java-projects/guava/guava-gwt/src-super/com/google/common/util/concurrent/super/com/google/common/util/concurrent/AbstractFuture.java;284;322;SetFuture;null;[Runnable];0;[];[];
;;guava;adce8999989d80c80fda3607dac324cbd47681c1;/home/luna/TG/java-projects/guava/guava-gwt/src-super/com/google/common/util/concurrent/super/com/google/common/util/concurrent/CollectionFuture.java;37;224;CollectionFuture;AbstractFuture.TrustedFuture<C>;[];2;[[V, C], [V, C]];[];
;;guava;adce8999989d80c80fda3607dac324cbd47681c1;/home/luna/TG/java-projects/guava/guava-gwt/src-super/com/google/common/util/concurrent/super/com/google/common/util/concurrent/CollectionFuture.java;221;223;FutureCollector;null;[];2;[[V, C], [V, C]];[];
;;guava;adce8999989d80c80fda3607dac324cbd47681c1;/home/luna/TG/java-projects/guava/guava-gwt/src-super/com/google/common/util/concurrent/super/com/google/common/util/concurrent/InterruptibleTask.java;19;32;InterruptibleTask;null;[Runnable];0;[];[];
;;guava;adce8999989d80c80fda3607dac324cbd47681c1;/home/luna/TG/java-projects/guava/guava-gwt/src-super/com/google/common/util/concurrent/super/com/google/common/util/concurrent/GwtFuturesCatchingSpecialization.java;21;62;GwtFuturesCatchingSpecialization;null;[];0;[];[];
;;guava;adce8999989d80c80fda3607dac324cbd47681c1;/home/luna/TG/java-projects/guava/guava-gwt/src-super/com/google/common/util/concurrent/super/com/google/common/util/concurrent/Platform.java;19;32;Platform;null;[];0;[];[];
;;guava;adce8999989d80c80fda3607dac324cbd47681c1;/home/luna/TG/java-projects/guava/guava-gwt/src-super/com/google/common/util/concurrent/super/com/google/common/util/concurrent/MoreExecutors.java;23;81;MoreExecutors;null;[];0;[];[GwtCompatible];
;;guava;adce8999989d80c80fda3607dac324cbd47681c1;/home/luna/TG/java-projects/guava/guava-gwt/src-super/com/google/common/util/concurrent/super/com/google/common/util/concurrent/Uninterruptibles.java;22;38;Uninterruptibles;null;[];0;[];[];
;;guava;adce8999989d80c80fda3607dac324cbd47681c1;/home/luna/TG/java-projects/guava/guava-gwt/src-super/com/google/common/collect/super/com/google/common/collect/SortedMultiset.java;23;56;SortedMultiset;null;[Multiset<E>, SortedIterable<E>];1;[[E]];[Beta];
;;guava;adce8999989d80c80fda3607dac324cbd47681c1;/home/luna/TG/java-projects/guava/guava-gwt/src-super/com/google/common/collect/super/com/google/common/collect/ImmutableMultisetGwtSerializationDependencies.java;21;24;ImmutableMultisetGwtSerializationDependencies;ImmutableCollection<E>;[];1;[[E]];[GwtCompatible];
;;guava;adce8999989d80c80fda3607dac324cbd47681c1;/home/luna/TG/java-projects/guava/guava-gwt/src-super/com/google/common/collect/super/com/google/common/collect/EnumHashBiMap.java;28;100;EnumHashBiMap;AbstractBiMap<K,V>;[];2;[[K extends Enum<K>, V], [K extends Enum<K>, V]];[GwtCompatible];
;;guava;adce8999989d80c80fda3607dac324cbd47681c1;/home/luna/TG/java-projects/guava/guava-gwt/src-super/com/google/common/collect/super/com/google/common/collect/EmptyImmutableList.java;23;37;EmptyImmutableList;ForwardingImmutableList<Object>;[];0;[];[];
;;guava;adce8999989d80c80fda3607dac324cbd47681c1;/home/luna/TG/java-projects/guava/guava-gwt/src-super/com/google/common/collect/super/com/google/common/collect/TreeMultiset.java;34;946;TreeMultiset;AbstractSortedMultiset<E>;[Serializable];1;[[E]];[GwtCompatible];
;;guava;adce8999989d80c80fda3607dac324cbd47681c1;/home/luna/TG/java-projects/guava/guava-gwt/src-super/com/google/common/collect/super/com/google/common/collect/TreeMultiset.java;498;511;Reference;null;[];1;[[T]];[];
;;guava;adce8999989d80c80fda3607dac324cbd47681c1;/home/luna/TG/java-projects/guava/guava-gwt/src-super/com/google/common/collect/super/com/google/common/collect/TreeMultiset.java;513;929;AvlNode;Multisets.AbstractEntry<E>;[];1;[[E]];[];
;;guava;adce8999989d80c80fda3607dac324cbd47681c1;/home/luna/TG/java-projects/guava/guava-gwt/src-super/com/google/common/collect/super/com/google/common/collect/RegularImmutableAsList.java;21;81;RegularImmutableAsList;ImmutableAsList<E>;[];1;[[E]];[GwtCompatible, SuppressWarnings];
;;guava;adce8999989d80c80fda3607dac324cbd47681c1;/home/luna/TG/java-projects/guava/guava-gwt/src-super/com/google/common/collect/super/com/google/common/collect/EmptyImmutableBiMap.java;21;36;EmptyImmutableBiMap;ImmutableBiMap<Object,Object>;[];0;[];[SuppressWarnings];
;;guava;adce8999989d80c80fda3607dac324cbd47681c1;/home/luna/TG/java-projects/guava/guava-gwt/src-super/com/google/common/collect/super/com/google/common/collect/ImmutableMapKeySet.java;25;84;ImmutableMapKeySet;ImmutableSet<K>;[];2;[[K, V], [K, V]];[GwtCompatible];
;;guava;adce8999989d80c80fda3607dac324cbd47681c1;/home/luna/TG/java-projects/guava/guava-gwt/src-super/com/google/common/collect/super/com/google/common/collect/ForwardingImmutableCollection.java;22;68;ForwardingImmutableCollection;ImmutableCollection<E>;[];1;[[E]];[];
;;guava;adce8999989d80c80fda3607dac324cbd47681c1;/home/luna/TG/java-projects/guava/guava-gwt/src-super/com/google/common/collect/super/com/google/common/collect/ForwardingImmutableMap.java;26;124;ForwardingImmutableMap;ImmutableMap<K,V>;[];2;[[K, V], [K, V]];[];
;;guava;adce8999989d80c80fda3607dac324cbd47681c1;/home/luna/TG/java-projects/guava/guava-gwt/src-super/com/google/common/collect/super/com/google/common/collect/ImmutableMapValues.java;23;70;ImmutableMapValues;ImmutableCollection<V>;[];2;[[K, V], [K, V]];[GwtCompatible];
;;guava;adce8999989d80c80fda3607dac324cbd47681c1;/home/luna/TG/java-projects/guava/guava-gwt/src-super/com/google/common/collect/super/com/google/common/collect/RangeGwtSerializationDependencies.java;22;25;RangeGwtSerializationDependencies;null;[Serializable];1;[[C extends Comparable]];[GwtCompatible];
;;guava;adce8999989d80c80fda3607dac324cbd47681c1;/home/luna/TG/java-projects/guava/guava-gwt/src-super/com/google/common/collect/super/com/google/common/collect/EnumMultiset.java;24;78;EnumMultiset;AbstractMapBasedMultiset<E>;[];1;[[E extends Enum<E>]];[GwtCompatible];
;;guava;adce8999989d80c80fda3607dac324cbd47681c1;/home/luna/TG/java-projects/guava/guava-gwt/src-super/com/google/common/collect/super/com/google/common/collect/Iterators.java;46;1361;Iterators;null;[];0;[];[GwtCompatible];
;;guava;adce8999989d80c80fda3607dac324cbd47681c1;/home/luna/TG/java-projects/guava/guava-gwt/src-super/com/google/common/collect/super/com/google/common/collect/Iterators.java;1165;1208;PeekingImpl;null;[PeekingIterator<E>];1;[[E]];[];
;;guava;adce8999989d80c80fda3607dac324cbd47681c1;/home/luna/TG/java-projects/guava/guava-gwt/src-super/com/google/common/collect/super/com/google/common/collect/Iterators.java;1294;1345;MergingIterator;AbstractIterator<T>;[];1;[[T]];[];
;;guava;adce8999989d80c80fda3607dac324cbd47681c1;/home/luna/TG/java-projects/guava/guava-gwt/src-super/com/google/common/collect/super/com/google/common/collect/RegularImmutableList.java;23;39;RegularImmutableList;ForwardingImmutableList<E>;[];1;[[E]];[];
;;guava;adce8999989d80c80fda3607dac324cbd47681c1;/home/luna/TG/java-projects/guava/guava-gwt/src-super/com/google/common/collect/super/com/google/common/collect/Iterables.java;42;1046;Iterables;null;[];0;[];[GwtCompatible];
;;guava;adce8999989d80c80fda3607dac324cbd47681c1;/home/luna/TG/java-projects/guava/guava-gwt/src-super/com/google/common/collect/super/com/google/common/collect/Iterables.java;85;102;UnmodifiableIterable;FluentIterable<T>;[];1;[[T]];[];
;;guava;adce8999989d80c80fda3607dac324cbd47681c1;/home/luna/TG/java-projects/guava/guava-gwt/src-super/com/google/common/collect/super/com/google/common/collect/Iterables.java;972;986;ConsumingQueueIterator;AbstractIterator<T>;[];1;[[T]];[];
;;guava;adce8999989d80c80fda3607dac324cbd47681c1;/home/luna/TG/java-projects/guava/guava-gwt/src-super/com/google/common/collect/super/com/google/common/collect/EmptyImmutableSortedMap.java;22;42;EmptyImmutableSortedMap;ImmutableSortedMap<K,V>;[];2;[[K, V], [K, V]];[];
;;guava;adce8999989d80c80fda3607dac324cbd47681c1;/home/luna/TG/java-projects/guava/guava-gwt/src-super/com/google/common/collect/super/com/google/common/collect/BinaryTreeTraverser.java;26;135;BinaryTreeTraverser;TreeTraverser<T>;[];1;[[T]];[];
;;guava;adce8999989d80c80fda3607dac324cbd47681c1;/home/luna/TG/java-projects/guava/guava-gwt/src-super/com/google/common/collect/super/com/google/common/collect/BinaryTreeTraverser.java;95;103;InOrderNode;null;[];1;[[T]];[];
;;guava;adce8999989d80c80fda3607dac324cbd47681c1;/home/luna/TG/java-projects/guava/guava-gwt/src-super/com/google/common/collect/super/com/google/common/collect/BinaryTreeTraverser.java;105;134;InOrderIterator;AbstractIterator<T>;[];0;[];[];
;;guava;adce8999989d80c80fda3607dac324cbd47681c1;/home/luna/TG/java-projects/guava/guava-gwt/src-super/com/google/common/collect/super/com/google/common/collect/ImmutableSortedMap.java;36;377;ImmutableSortedMap;ForwardingImmutableMap<K,V>;[SortedMap<K,V>];2;[[K, V], [K, V]];[];
;;guava;adce8999989d80c80fda3607dac324cbd47681c1;/home/luna/TG/java-projects/guava/guava-gwt/src-super/com/google/common/collect/super/com/google/common/collect/ImmutableSortedMap.java;213;259;Builder;ImmutableMap.Builder<K,V>;[];2;[[K, V], [K, V]];[];
;;guava;adce8999989d80c80fda3607dac324cbd47681c1;/home/luna/TG/java-projects/guava/guava-gwt/src-super/com/google/common/collect/super/com/google/common/collect/TreeTraverser.java;25;209;TreeTraverser;null;[];1;[[T]];[];
;;guava;adce8999989d80c80fda3607dac324cbd47681c1;/home/luna/TG/java-projects/guava/guava-gwt/src-super/com/google/common/collect/super/com/google/common/collect/TreeTraverser.java;76;102;PreOrderIterator;UnmodifiableIterator<T>;[];0;[];[];
;;guava;adce8999989d80c80fda3607dac324cbd47681c1;/home/luna/TG/java-projects/guava/guava-gwt/src-super/com/google/common/collect/super/com/google/common/collect/TreeTraverser.java;126;134;PostOrderNode;null;[];1;[[T]];[];
;;guava;adce8999989d80c80fda3607dac324cbd47681c1;/home/luna/TG/java-projects/guava/guava-gwt/src-super/com/google/common/collect/super/com/google/common/collect/TreeTraverser.java;136;162;PostOrderIterator;AbstractIterator<T>;[];0;[];[];
;;guava;adce8999989d80c80fda3607dac324cbd47681c1;/home/luna/TG/java-projects/guava/guava-gwt/src-super/com/google/common/collect/super/com/google/common/collect/TreeTraverser.java;181;208;BreadthFirstIterator;UnmodifiableIterator<T>;[PeekingIterator<T>];0;[];[];
;;guava;adce8999989d80c80fda3607dac324cbd47681c1;/home/luna/TG/java-projects/guava/guava-gwt/src-super/com/google/common/collect/super/com/google/common/collect/FluentIterable.java;35;508;FluentIterable;null;[Iterable<E>];1;[[E]];[GwtCompatible];
;;guava;adce8999989d80c80fda3607dac324cbd47681c1;/home/luna/TG/java-projects/guava/guava-gwt/src-super/com/google/common/collect/super/com/google/common/collect/FluentIterable.java;498;507;FromIterableFunction;null;[Function<Iterable<E>,FluentIterable<E>>];1;[[E]];[];
;;guava;adce8999989d80c80fda3607dac324cbd47681c1;/home/luna/TG/java-projects/guava/guava-gwt/src-super/com/google/common/collect/super/com/google/common/collect/ImmutableCollection.java;29;135;ImmutableCollection;AbstractCollection<E>;[Serializable];1;[[E]];[SuppressWarnings];
;;guava;adce8999989d80c80fda3607dac324cbd47681c1;/home/luna/TG/java-projects/guava/guava-gwt/src-super/com/google/common/collect/super/com/google/common/collect/ImmutableCollection.java;100;134;Builder;null;[];1;[[E]];[];
;;guava;adce8999989d80c80fda3607dac324cbd47681c1;/home/luna/TG/java-projects/guava/guava-gwt/src-super/com/google/common/collect/super/com/google/common/collect/ImmutableSetMultimap.java;35;430;ImmutableSetMultimap;ImmutableMultimap<K,V>;[SetMultimap<K,V>];2;[[K, V], [K, V]];[GwtCompatible];
;;guava;adce8999989d80c80fda3607dac324cbd47681c1;/home/luna/TG/java-projects/guava/guava-gwt/src-super/com/google/common/collect/super/com/google/common/collect/ImmutableSetMultimap.java;145;157;BuilderMultimap;AbstractMapBasedMultimap<K,V>;[];2;[[K, V], [K, V]];[];
;;guava;adce8999989d80c80fda3607dac324cbd47681c1;/home/luna/TG/java-projects/guava/guava-gwt/src-super/com/google/common/collect/super/com/google/common/collect/ImmutableSetMultimap.java;159;280;Builder;ImmutableMultimap.Builder<K,V>;[];2;[[K, V], [K, V]];[];
;;guava;adce8999989d80c80fda3607dac324cbd47681c1;/home/luna/TG/java-projects/guava/guava-gwt/src-super/com/google/common/collect/super/com/google/common/collect/ImmutableListMultimap.java;27;332;ImmutableListMultimap;ImmutableMultimap<K,V>;[ListMultimap<K,V>];2;[[K, V], [K, V]];[GwtCompatible];
;;guava;adce8999989d80c80fda3607dac324cbd47681c1;/home/luna/TG/java-projects/guava/guava-gwt/src-super/com/google/common/collect/super/com/google/common/collect/ImmutableListMultimap.java;135;221;Builder;ImmutableMultimap.Builder<K,V>;[];2;[[K, V], [K, V]];[];
;;guava;adce8999989d80c80fda3607dac324cbd47681c1;/home/luna/TG/java-projects/guava/guava-gwt/src-super/com/google/common/collect/super/com/google/common/collect/MapMaker.java;24;150;MapMaker;null;[];0;[];[];
;;guava;adce8999989d80c80fda3607dac324cbd47681c1;/home/luna/TG/java-projects/guava/guava-gwt/src-super/com/google/common/collect/super/com/google/common/collect/MapMaker.java;35;117;ComputingMap;LinkedHashMap<K,V>;[ConcurrentMap<K,V>];2;[[K, V], [K, V]];[];
;;guava;adce8999989d80c80fda3607dac324cbd47681c1;/home/luna/TG/java-projects/guava/guava-gwt/src-super/com/google/common/collect/super/com/google/common/collect/Lists.java;49;1122;Lists;null;[];0;[];[GwtCompatible];
;;guava;adce8999989d80c80fda3607dac324cbd47681c1;/home/luna/TG/java-projects/guava/guava-gwt/src-super/com/google/common/collect/super/com/google/common/collect/Lists.java;247;266;OnePlusArrayList;AbstractList<E>;[Serializable, RandomAccess];1;[[E]];[];
;;guava;adce8999989d80c80fda3607dac324cbd47681c1;/home/luna/TG/java-projects/guava/guava-gwt/src-super/com/google/common/collect/super/com/google/common/collect/Lists.java;290;318;TwoPlusArrayList;AbstractList<E>;[Serializable, RandomAccess];1;[[E]];[];
;;guava;adce8999989d80c80fda3607dac324cbd47681c1;/home/luna/TG/java-projects/guava/guava-gwt/src-super/com/google/common/collect/super/com/google/common/collect/Lists.java;481;517;TransformingSequentialList;AbstractSequentialList<T>;[Serializable];2;[[F, T], [F, T]];[];
;;guava;adce8999989d80c80fda3607dac324cbd47681c1;/home/luna/TG/java-projects/guava/guava-gwt/src-super/com/google/common/collect/super/com/google/common/collect/Lists.java;519;553;TransformingRandomAccessList;AbstractList<T>;[RandomAccess, Serializable];2;[[F, T], [F, T]];[];
;;guava;adce8999989d80c80fda3607dac324cbd47681c1;/home/luna/TG/java-projects/guava/guava-gwt/src-super/com/google/common/collect/super/com/google/common/collect/Lists.java;581;610;Partition;AbstractList<List<T>>;[];1;[[T]];[];
;;guava;adce8999989d80c80fda3607dac324cbd47681c1;/home/luna/TG/java-projects/guava/guava-gwt/src-super/com/google/common/collect/super/com/google/common/collect/Lists.java;612;617;RandomAccessPartition;Partition<T>;[RandomAccess];1;[[T]];[];
;;guava;adce8999989d80c80fda3607dac324cbd47681c1;/home/luna/TG/java-projects/guava/guava-gwt/src-super/com/google/common/collect/super/com/google/common/collect/Lists.java;629;701;StringAsImmutableList;ImmutableList<Character>;[];0;[];[SuppressWarnings];
;;guava;adce8999989d80c80fda3607dac324cbd47681c1;/home/luna/TG/java-projects/guava/guava-gwt/src-super/com/google/common/collect/super/com/google/common/collect/Lists.java;718;795;CharSequenceAsList;AbstractList<Character>;[];0;[];[];
;;guava;adce8999989d80c80fda3607dac324cbd47681c1;/home/luna/TG/java-projects/guava/guava-gwt/src-super/com/google/common/collect/super/com/google/common/collect/Lists.java;819;960;ReverseList;AbstractList<T>;[];1;[[T]];[];
;;guava;adce8999989d80c80fda3607dac324cbd47681c1;/home/luna/TG/java-projects/guava/guava-gwt/src-super/com/google/common/collect/super/com/google/common/collect/Lists.java;962;967;RandomAccessReverseList;ReverseList<T>;[RandomAccess];1;[[T]];[];
;;guava;adce8999989d80c80fda3607dac324cbd47681c1;/home/luna/TG/java-projects/guava/guava-gwt/src-super/com/google/common/collect/super/com/google/common/collect/Lists.java;1073;1107;AbstractListWrapper;AbstractList<E>;[];1;[[E]];[];
;;guava;adce8999989d80c80fda3607dac324cbd47681c1;/home/luna/TG/java-projects/guava/guava-gwt/src-super/com/google/common/collect/super/com/google/common/collect/Lists.java;1109;1114;RandomAccessListWrapper;AbstractListWrapper<E>;[RandomAccess];1;[[E]];[];
;;guava;adce8999989d80c80fda3607dac324cbd47681c1;/home/luna/TG/java-projects/guava/guava-gwt/src-super/com/google/common/collect/super/com/google/common/collect/SingletonImmutableBiMap.java;23;69;SingletonImmutableBiMap;ImmutableBiMap<K,V>;[];2;[[K, V], [K, V]];[];
;;guava;adce8999989d80c80fda3607dac324cbd47681c1;/home/luna/TG/java-projects/guava/guava-gwt/src-super/com/google/common/collect/super/com/google/common/collect/RegularImmutableSet.java;22;34;RegularImmutableSet;ForwardingImmutableSet<E>;[];1;[[E]];[];
;;guava;adce8999989d80c80fda3607dac324cbd47681c1;/home/luna/TG/java-projects/guava/guava-gwt/src-super/com/google/common/collect/super/com/google/common/collect/ImmutableMultiset.java;34;557;ImmutableMultiset;ImmutableCollection<E>;[Multiset<E>];1;[[E]];[GwtCompatible, SuppressWarnings];
;;guava;adce8999989d80c80fda3607dac324cbd47681c1;/home/luna/TG/java-projects/guava/guava-gwt/src-super/com/google/common/collect/super/com/google/common/collect/ImmutableMultiset.java;336;368;EntrySet;ImmutableSet<Entry<E>>;[];0;[];[];
;;guava;adce8999989d80c80fda3607dac324cbd47681c1;/home/luna/TG/java-projects/guava/guava-gwt/src-super/com/google/common/collect/super/com/google/common/collect/ImmutableMultiset.java;370;380;EntrySetSerializedForm;null;[Serializable];1;[[E]];[];
;;guava;adce8999989d80c80fda3607dac324cbd47681c1;/home/luna/TG/java-projects/guava/guava-gwt/src-super/com/google/common/collect/super/com/google/common/collect/ImmutableMultiset.java;382;408;SerializedForm;null;[Serializable];0;[];[];
;;guava;adce8999989d80c80fda3607dac324cbd47681c1;/home/luna/TG/java-projects/guava/guava-gwt/src-super/com/google/common/collect/super/com/google/common/collect/ImmutableMultiset.java;424;556;Builder;ImmutableCollection.Builder<E>;[];1;[[E]];[];
;;guava;adce8999989d80c80fda3607dac324cbd47681c1;/home/luna/TG/java-projects/guava/guava-gwt/src-super/com/google/common/collect/super/com/google/common/collect/Sets.java;46;1288;Sets;null;[];0;[];[GwtCompatible];
;;guava;adce8999989d80c80fda3607dac324cbd47681c1;/home/luna/TG/java-projects/guava/guava-gwt/src-super/com/google/common/collect/super/com/google/common/collect/Sets.java;63;77;ImprovedAbstractSet;AbstractSet<E>;[];1;[[E]];[];
;;guava;adce8999989d80c80fda3607dac324cbd47681c1;/home/luna/TG/java-projects/guava/guava-gwt/src-super/com/google/common/collect/super/com/google/common/collect/Sets.java;460;518;SetFromMap;AbstractSet<E>;[Set<E>, Serializable];1;[[E]];[];
;;guava;adce8999989d80c80fda3607dac324cbd47681c1;/home/luna/TG/java-projects/guava/guava-gwt/src-super/com/google/common/collect/super/com/google/common/collect/Sets.java;520;559;SetView;AbstractSet<E>;[];1;[[E]];[];
;;guava;adce8999989d80c80fda3607dac324cbd47681c1;/home/luna/TG/java-projects/guava/guava-gwt/src-super/com/google/common/collect/super/com/google/common/collect/Sets.java;766;779;FilteredSet;FilteredCollection<E>;[Set<E>];1;[[E]];[];
;;guava;adce8999989d80c80fda3607dac324cbd47681c1;/home/luna/TG/java-projects/guava/guava-gwt/src-super/com/google/common/collect/super/com/google/common/collect/Sets.java;831;875;FilteredSortedSet;FilteredSet<E>;[SortedSet<E>];1;[[E]];[];
;;guava;adce8999989d80c80fda3607dac324cbd47681c1;/home/luna/TG/java-projects/guava/guava-gwt/src-super/com/google/common/collect/super/com/google/common/collect/Sets.java;1002;1080;CartesianSet;ForwardingCollection<List<E>>;[Set<List<E>>];1;[[E]];[];
;;guava;adce8999989d80c80fda3607dac324cbd47681c1;/home/luna/TG/java-projects/guava/guava-gwt/src-super/com/google/common/collect/super/com/google/common/collect/Sets.java;1119;1207;PowerSet;AbstractSet<Set<E>>;[];1;[[E]];[];
;;guava;adce8999989d80c80fda3607dac324cbd47681c1;/home/luna/TG/java-projects/guava/guava-gwt/src-super/com/google/common/collect/super/com/google/common/collect/Sets.java;1153;1177;BitFilteredSetIterator;UnmodifiableIterator<E>;[];1;[[E]];[];
;;guava;adce8999989d80c80fda3607dac324cbd47681c1;/home/luna/TG/java-projects/guava/guava-gwt/src-super/com/google/common/collect/super/com/google/common/collect/ImmutableEnumSet.java;21;42;ImmutableEnumSet;ForwardingImmutableSet<E>;[];1;[[E]];[];
;;guava;adce8999989d80c80fda3607dac324cbd47681c1;/home/luna/TG/java-projects/guava/guava-gwt/src-super/com/google/common/collect/super/com/google/common/collect/HashMultimapGwtSerializationDependencies.java;23;31;HashMultimapGwtSerializationDependencies;AbstractSetMultimap<K,V>;[];2;[[K, V], [K, V]];[GwtCompatible];
;;guava;adce8999989d80c80fda3607dac324cbd47681c1;/home/luna/TG/java-projects/guava/guava-gwt/src-super/com/google/common/collect/super/com/google/common/collect/ArrayTable.java;39;816;ArrayTable;null;[Table<R,C,V>, Serializable];3;[[R, C, V], [R, C, V], [R, C, V]];[Beta, GwtCompatible];
;;guava;adce8999989d80c80fda3607dac324cbd47681c1;/home/luna/TG/java-projects/guava/guava-gwt/src-super/com/google/common/collect/super/com/google/common/collect/ArrayTable.java;202;303;ArrayMap;Maps.ImprovedAbstractMap<K,V>;[];2;[[K, V], [K, V]];[];
;;guava;adce8999989d80c80fda3607dac324cbd47681c1;/home/luna/TG/java-projects/guava/guava-gwt/src-super/com/google/common/collect/super/com/google/common/collect/ArrayTable.java;563;603;CellSet;AbstractSet<Cell<R,C,V>>;[];0;[];[];
;;guava;adce8999989d80c80fda3607dac324cbd47681c1;/home/luna/TG/java-projects/guava/guava-gwt/src-super/com/google/common/collect/super/com/google/common/collect/ArrayTable.java;625;647;Column;ArrayMap<R,V>;[];0;[];[];
;;guava;adce8999989d80c80fda3607dac324cbd47681c1;/home/luna/TG/java-projects/guava/guava-gwt/src-super/com/google/common/collect/super/com/google/common/collect/ArrayTable.java;668;692;ColumnMap;ArrayMap<C,Map<R,V>>;[];0;[];[];
;;guava;adce8999989d80c80fda3607dac324cbd47681c1;/home/luna/TG/java-projects/guava/guava-gwt/src-super/com/google/common/collect/super/com/google/common/collect/ArrayTable.java;714;736;Row;ArrayMap<C,V>;[];0;[];[];
;;guava;adce8999989d80c80fda3607dac324cbd47681c1;/home/luna/TG/java-projects/guava/guava-gwt/src-super/com/google/common/collect/super/com/google/common/collect/ArrayTable.java;757;781;RowMap;ArrayMap<R,Map<C,V>>;[];0;[];[];
;;guava;adce8999989d80c80fda3607dac324cbd47681c1;/home/luna/TG/java-projects/guava/guava-gwt/src-super/com/google/common/collect/super/com/google/common/collect/ArrayTable.java;800;813;Values;AbstractCollection<V>;[];0;[];[];
;;guava;adce8999989d80c80fda3607dac324cbd47681c1;/home/luna/TG/java-projects/guava/guava-gwt/src-super/com/google/common/collect/super/com/google/common/collect/ArrayListMultimapGwtSerializationDependencies.java;23;32;ArrayListMultimapGwtSerializationDependencies;AbstractListMultimap<K,V>;[];2;[[K, V], [K, V]];[GwtCompatible];
;;guava;adce8999989d80c80fda3607dac324cbd47681c1;/home/luna/TG/java-projects/guava/guava-gwt/src-super/com/google/common/collect/super/com/google/common/collect/Multimaps.java;48;1976;Multimaps;null;[];0;[];[GwtCompatible];
;;guava;adce8999989d80c80fda3607dac324cbd47681c1;/home/luna/TG/java-projects/guava/guava-gwt/src-super/com/google/common/collect/super/com/google/common/collect/Multimaps.java;113;128;CustomMultimap;AbstractMapBasedMultimap<K,V>;[];2;[[K, V], [K, V]];[];
;;guava;adce8999989d80c80fda3607dac324cbd47681c1;/home/luna/TG/java-projects/guava/guava-gwt/src-super/com/google/common/collect/super/com/google/common/collect/Multimaps.java;173;186;CustomListMultimap;AbstractListMultimap<K,V>;[];2;[[K, V], [K, V]];[];
;;guava;adce8999989d80c80fda3607dac324cbd47681c1;/home/luna/TG/java-projects/guava/guava-gwt/src-super/com/google/common/collect/super/com/google/common/collect/Multimaps.java;230;243;CustomSetMultimap;AbstractSetMultimap<K,V>;[];2;[[K, V], [K, V]];[];
;;guava;adce8999989d80c80fda3607dac324cbd47681c1;/home/luna/TG/java-projects/guava/guava-gwt/src-super/com/google/common/collect/super/com/google/common/collect/Multimaps.java;287;306;CustomSortedSetMultimap;AbstractSortedSetMultimap<K,V>;[];2;[[K, V], [K, V]];[];
;;guava;adce8999989d80c80fda3607dac324cbd47681c1;/home/luna/TG/java-projects/guava/guava-gwt/src-super/com/google/common/collect/super/com/google/common/collect/Multimaps.java;403;531;UnmodifiableMultimap;ForwardingMultimap<K,V>;[Serializable];2;[[K, V], [K, V]];[];
;;guava;adce8999989d80c80fda3607dac324cbd47681c1;/home/luna/TG/java-projects/guava/guava-gwt/src-super/com/google/common/collect/super/com/google/common/collect/Multimaps.java;533;567;UnmodifiableAsMapValues;ForwardingCollection<Collection<V>>;[];1;[[V]];[];
;;guava;adce8999989d80c80fda3607dac324cbd47681c1;/home/luna/TG/java-projects/guava/guava-gwt/src-super/com/google/common/collect/super/com/google/common/collect/Multimaps.java;569;588;UnmodifiableListMultimap;UnmodifiableMultimap<K,V>;[ListMultimap<K,V>];2;[[K, V], [K, V]];[];
;;guava;adce8999989d80c80fda3607dac324cbd47681c1;/home/luna/TG/java-projects/guava/guava-gwt/src-super/com/google/common/collect/super/com/google/common/collect/Multimaps.java;590;616;UnmodifiableSetMultimap;UnmodifiableMultimap<K,V>;[SetMultimap<K,V>];2;[[K, V], [K, V]];[];
;;guava;adce8999989d80c80fda3607dac324cbd47681c1;/home/luna/TG/java-projects/guava/guava-gwt/src-super/com/google/common/collect/super/com/google/common/collect/Multimaps.java;618;641;UnmodifiableSortedSetMultimap;UnmodifiableSetMultimap<K,V>;[SortedSetMultimap<K,V>];2;[[K, V], [K, V]];[];
;;guava;adce8999989d80c80fda3607dac324cbd47681c1;/home/luna/TG/java-projects/guava/guava-gwt/src-super/com/google/common/collect/super/com/google/common/collect/Multimaps.java;872;915;UnmodifiableAsMapEntries;ForwardingSet<Entry<K,Collection<V>>>;[];2;[[K, V], [K, V]];[];
;;guava;adce8999989d80c80fda3607dac324cbd47681c1;/home/luna/TG/java-projects/guava/guava-gwt/src-super/com/google/common/collect/super/com/google/common/collect/Multimaps.java;938;1183;MapMultimap;null;[SetMultimap<K,V>, Serializable];2;[[K, V], [K, V]];[];
;;guava;adce8999989d80c80fda3607dac324cbd47681c1;/home/luna/TG/java-projects/guava/guava-gwt/src-super/com/google/common/collect/super/com/google/common/collect/Multimaps.java;1106;1157;AsMapEntries;Sets.ImprovedAbstractSet<Entry<K,Collection<V>>>;[];0;[];[];
;;guava;adce8999989d80c80fda3607dac324cbd47681c1;/home/luna/TG/java-projects/guava/guava-gwt/src-super/com/google/common/collect/super/com/google/common/collect/Multimaps.java;1159;1181;AsMap;Maps.ImprovedAbstractMap<K,Collection<V>>;[];0;[];[];
;;guava;adce8999989d80c80fda3607dac324cbd47681c1;/home/luna/TG/java-projects/guava/guava-gwt/src-super/com/google/common/collect/super/com/google/common/collect/Multimaps.java;1303;1316;ValueFunction;null;[Function<V1,V2>];3;[[K, V1, V2], [K, V1, V2], [K, V1, V2]];[];
;;guava;adce8999989d80c80fda3607dac324cbd47681c1;/home/luna/TG/java-projects/guava/guava-gwt/src-super/com/google/common/collect/super/com/google/common/collect/Multimaps.java;1318;1447;TransformedEntriesMultimap;AbstractMultimap<K,V2>;[];3;[[K, V1, V2], [K, V1, V2], [K, V1, V2]];[];
;;guava;adce8999989d80c80fda3607dac324cbd47681c1;/home/luna/TG/java-projects/guava/guava-gwt/src-super/com/google/common/collect/super/com/google/common/collect/Multimaps.java;1562;1592;TransformedEntriesListMultimap;TransformedEntriesMultimap<K,V1,V2>;[ListMultimap<K,V2>];3;[[K, V1, V2], [K, V1, V2], [K, V1, V2]];[];
;;guava;adce8999989d80c80fda3607dac324cbd47681c1;/home/luna/TG/java-projects/guava/guava-gwt/src-super/com/google/common/collect/super/com/google/common/collect/Multimaps.java;1697;1829;Keys;AbstractMultiset<K>;[];2;[[K, V], [K, V]];[];
;;guava;adce8999989d80c80fda3607dac324cbd47681c1;/home/luna/TG/java-projects/guava/guava-gwt/src-super/com/google/common/collect/super/com/google/common/collect/Multimaps.java;1729;1766;KeysEntrySet;Multisets.EntrySet<K>;[];0;[];[];
;;guava;adce8999989d80c80fda3607dac324cbd47681c1;/home/luna/TG/java-projects/guava/guava-gwt/src-super/com/google/common/collect/super/com/google/common/collect/Multimaps.java;1831;1849;Values;AbstractCollection<V>;[];2;[[K, V], [K, V]];[];
;;guava;adce8999989d80c80fda3607dac324cbd47681c1;/home/luna/TG/java-projects/guava/guava-gwt/src-super/com/google/common/collect/super/com/google/common/collect/Multimaps.java;1851;1881;Entries;AbstractCollection<Map.Entry<K,V>>;[];2;[[K, V], [K, V]];[];
;;guava;adce8999989d80c80fda3607dac324cbd47681c1;/home/luna/TG/java-projects/guava/guava-gwt/src-super/com/google/common/collect/super/com/google/common/collect/Multimaps.java;1883;1895;EntrySet;Entries<K,V>;[Set<Map.Entry<K,V>>];2;[[K, V], [K, V]];[];
;;guava;adce8999989d80c80fda3607dac324cbd47681c1;/home/luna/TG/java-projects/guava/guava-gwt/src-super/com/google/common/collect/super/com/google/common/collect/Multimaps.java;1897;1959;AsMap;Maps.ImprovedAbstractMap<K,Collection<V>>;[];2;[[K, V], [K, V]];[];
;;guava;adce8999989d80c80fda3607dac324cbd47681c1;/home/luna/TG/java-projects/guava/guava-gwt/src-super/com/google/common/collect/super/com/google/common/collect/Multimaps.java;1916;1933;EntrySet;Maps.EntrySet<K,Collection<V>>;[];0;[];[];
;;guava;adce8999989d80c80fda3607dac324cbd47681c1;/home/luna/TG/java-projects/guava/guava-gwt/src-super/com/google/common/collect/super/com/google/common/collect/HashMultimap.java;27;111;HashMultimap;AbstractSetMultimap<K,V>;[];2;[[K, V], [K, V]];[GwtCompatible];
;;guava;adce8999989d80c80fda3607dac324cbd47681c1;/home/luna/TG/java-projects/guava/guava-gwt/src-super/com/google/common/collect/super/com/google/common/collect/ForwardingImmutableList.java;23;93;ForwardingImmutableList;ImmutableList<E>;[];1;[[E]];[];
;;guava;adce8999989d80c80fda3607dac324cbd47681c1;/home/luna/TG/java-projects/guava/guava-gwt/src-super/com/google/common/collect/super/com/google/common/collect/SingletonImmutableList.java;24;45;SingletonImmutableList;ForwardingImmutableList<E>;[];1;[[E]];[];
;;guava;adce8999989d80c80fda3607dac324cbd47681c1;/home/luna/TG/java-projects/guava/guava-gwt/src-super/com/google/common/collect/super/com/google/common/collect/ForwardingImmutableSet.java;24;75;ForwardingImmutableSet;ImmutableSet<E>;[];1;[[E]];[SuppressWarnings];
;;guava;adce8999989d80c80fda3607dac324cbd47681c1;/home/luna/TG/java-projects/guava/guava-gwt/src-super/com/google/common/collect/super/com/google/common/collect/GwtPlatform.java;23;44;GwtPlatform;null;[];0;[];[GwtCompatible, GwtScriptOnly];
;;guava;adce8999989d80c80fda3607dac324cbd47681c1;/home/luna/TG/java-projects/guava/guava-gwt/src-super/com/google/common/collect/super/com/google/common/collect/RegularContiguousSet.java;27;170;RegularContiguousSet;ContiguousSet<C>;[];1;[[C extends Comparable]];[GwtCompatible, SuppressWarnings];
;;guava;adce8999989d80c80fda3607dac324cbd47681c1;/home/luna/TG/java-projects/guava/guava-gwt/src-super/com/google/common/collect/super/com/google/common/collect/ImmutableMultimap.java;38;656;ImmutableMultimap;AbstractMultimap<K,V>;[Serializable];2;[[K, V], [K, V]];[GwtCompatible];
;;guava;adce8999989d80c80fda3607dac324cbd47681c1;/home/luna/TG/java-projects/guava/guava-gwt/src-super/com/google/common/collect/super/com/google/common/collect/ImmutableMultimap.java;120;133;BuilderMultimap;AbstractMapBasedMultimap<K,V>;[];2;[[K, V], [K, V]];[];
;;guava;adce8999989d80c80fda3607dac324cbd47681c1;/home/luna/TG/java-projects/guava/guava-gwt/src-super/com/google/common/collect/super/com/google/common/collect/ImmutableMultimap.java;135;274;Builder;null;[];2;[[K, V], [K, V]];[];
;;guava;adce8999989d80c80fda3607dac324cbd47681c1;/home/luna/TG/java-projects/guava/guava-gwt/src-super/com/google/common/collect/super/com/google/common/collect/ImmutableMultimap.java;477;507;EntryCollection;ImmutableCollection<Entry<K,V>>;[];2;[[K, V], [K, V]];[];
;;guava;adce8999989d80c80fda3607dac324cbd47681c1;/home/luna/TG/java-projects/guava/guava-gwt/src-super/com/google/common/collect/super/com/google/common/collect/ImmutableMultimap.java;553;615;Keys;ImmutableMultiset<K>;[];0;[];[SuppressWarnings];
;;guava;adce8999989d80c80fda3607dac324cbd47681c1;/home/luna/TG/java-projects/guava/guava-gwt/src-super/com/google/common/collect/super/com/google/common/collect/ImmutableMultimap.java;581;609;KeysEntrySet;ImmutableMultiset<K>.EntrySet;[];0;[];[];
;;guava;adce8999989d80c80fda3607dac324cbd47681c1;/home/luna/TG/java-projects/guava/guava-gwt/src-super/com/google/common/collect/super/com/google/common/collect/ImmutableMultimap.java;632;653;Values;ImmutableCollection<V>;[];1;[[V]];[];
;;guava;adce8999989d80c80fda3607dac324cbd47681c1;/home/luna/TG/java-projects/guava/guava-gwt/src-super/com/google/common/collect/super/com/google/common/collect/LinkedHashMultimap.java;38;563;LinkedHashMultimap;AbstractSetMultimap<K,V>;[];2;[[K, V], [K, V]];[GwtCompatible];
;;guava;adce8999989d80c80fda3607dac324cbd47681c1;/home/luna/TG/java-projects/guava/guava-gwt/src-super/com/google/common/collect/super/com/google/common/collect/LinkedHashMultimap.java;120;126;ValueSetLink;null;[];2;[[K, V], [K, V]];[];
;;guava;adce8999989d80c80fda3607dac324cbd47681c1;/home/luna/TG/java-projects/guava/guava-gwt/src-super/com/google/common/collect/super/com/google/common/collect/LinkedHashMultimap.java;147;220;ValueEntry;AbstractMapEntry<K,V>;[ValueSetLink<K,V>];2;[[K, V], [K, V]];[];
;;guava;adce8999989d80c80fda3607dac324cbd47681c1;/home/luna/TG/java-projects/guava/guava-gwt/src-super/com/google/common/collect/super/com/google/common/collect/LinkedHashMultimap.java;309;525;ValueSet;Sets.ImprovedAbstractSet<V>;[ValueSetLink<K,V>];0;[];[VisibleForTesting];
;;guava;adce8999989d80c80fda3607dac324cbd47681c1;/home/luna/TG/java-projects/guava/guava-gwt/src-super/com/google/common/collect/super/com/google/common/collect/ImmutableSortedAsList.java;21;52;ImmutableSortedAsList;RegularImmutableAsList<E>;[SortedIterable<E>];1;[[E]];[GwtCompatible, SuppressWarnings];
;;guava;adce8999989d80c80fda3607dac324cbd47681c1;/home/luna/TG/java-projects/guava/guava-gwt/src-super/com/google/common/collect/super/com/google/common/collect/ImmutableBiMap.java;28;161;ImmutableBiMap;ForwardingImmutableMap<K,V>;[BiMap<K,V>];2;[[K, V], [K, V]];[];
;;guava;adce8999989d80c80fda3607dac324cbd47681c1;/home/luna/TG/java-projects/guava/guava-gwt/src-super/com/google/common/collect/super/com/google/common/collect/ImmutableBiMap.java;79;125;Builder;ImmutableMap.Builder<K,V>;[];2;[[K, V], [K, V]];[];
;;guava;adce8999989d80c80fda3607dac324cbd47681c1;/home/luna/TG/java-projects/guava/guava-gwt/src-super/com/google/common/collect/super/com/google/common/collect/RegularImmutableSortedSet.java;21;39;RegularImmutableSortedSet;ImmutableSortedSet<E>;[];1;[[E]];[];
;;guava;adce8999989d80c80fda3607dac324cbd47681c1;/home/luna/TG/java-projects/guava/guava-gwt/src-super/com/google/common/collect/super/com/google/common/collect/ObjectArrays.java;25;166;ObjectArrays;null;[];0;[];[GwtCompatible];
;;guava;adce8999989d80c80fda3607dac324cbd47681c1;/home/luna/TG/java-projects/guava/guava-gwt/src-super/com/google/common/collect/super/com/google/common/collect/HashMultiset.java;23;74;HashMultiset;AbstractMapBasedMultiset<E>;[];1;[[E]];[GwtCompatible];
;;guava;adce8999989d80c80fda3607dac324cbd47681c1;/home/luna/TG/java-projects/guava/guava-gwt/src-super/com/google/common/collect/super/com/google/common/collect/ArrayListMultimap.java;29;137;ArrayListMultimap;AbstractListMultimap<K,V>;[];2;[[K, V], [K, V]];[GwtCompatible];
;;guava;adce8999989d80c80fda3607dac324cbd47681c1;/home/luna/TG/java-projects/guava/guava-gwt/src-super/com/google/common/collect/super/com/google/common/collect/LinkedListMultimap.java;42;999;LinkedListMultimap;null;[ListMultimap<K,V>, Serializable];2;[[K, V], [K, V]];[GwtCompatible];
;;guava;adce8999989d80c80fda3607dac324cbd47681c1;/home/luna/TG/java-projects/guava/guava-gwt/src-super/com/google/common/collect/super/com/google/common/collect/LinkedListMultimap.java;108;124;Node;null;[];2;[[K, V], [K, V]];[];
;;guava;adce8999989d80c80fda3607dac324cbd47681c1;/home/luna/TG/java-projects/guava/guava-gwt/src-super/com/google/common/collect/super/com/google/common/collect/LinkedListMultimap.java;126;138;KeyList;null;[];2;[[K, V], [K, V]];[];
;;guava;adce8999989d80c80fda3607dac324cbd47681c1;/home/luna/TG/java-projects/guava/guava-gwt/src-super/com/google/common/collect/super/com/google/common/collect/LinkedListMultimap.java;302;397;NodeIterator;null;[ListIterator<Node<K,V>>];0;[];[];
;;guava;adce8999989d80c80fda3607dac324cbd47681c1;/home/luna/TG/java-projects/guava/guava-gwt/src-super/com/google/common/collect/super/com/google/common/collect/LinkedListMultimap.java;399;435;DistinctKeyIterator;null;[Iterator<K>];0;[];[];
;;guava;adce8999989d80c80fda3607dac324cbd47681c1;/home/luna/TG/java-projects/guava/guava-gwt/src-super/com/google/common/collect/super/com/google/common/collect/LinkedListMultimap.java;437;545;ValueForKeyIterator;null;[ListIterator<V>];0;[];[];
;;guava;adce8999989d80c80fda3607dac324cbd47681c1;/home/luna/TG/java-projects/guava/guava-gwt/src-super/com/google/common/collect/super/com/google/common/collect/LinkedListMultimap.java;759;821;MultisetView;AbstractMultiset<K>;[];0;[];[];
;;guava;adce8999989d80c80fda3607dac324cbd47681c1;/home/luna/TG/java-projects/guava/guava-gwt/src-super/com/google/common/collect/super/com/google/common/collect/ImmutableEnumMap.java;23;41;ImmutableEnumMap;ForwardingImmutableMap<K,V>;[];2;[[K, V], [K, V]];[];
;;guava;adce8999989d80c80fda3607dac324cbd47681c1;/home/luna/TG/java-projects/guava/guava-gwt/src-super/com/google/common/collect/super/com/google/common/collect/LinkedHashMultiset.java;23;86;LinkedHashMultiset;AbstractMapBasedMultiset<E>;[];1;[[E]];[GwtCompatible, SuppressWarnings];
;;guava;adce8999989d80c80fda3607dac324cbd47681c1;/home/luna/TG/java-projects/guava/guava-gwt/src-super/com/google/common/collect/super/com/google/common/collect/SortedMultisets.java;31;92;SortedMultisets;null;[];0;[];[GwtCompatible];
;;guava;adce8999989d80c80fda3607dac324cbd47681c1;/home/luna/TG/java-projects/guava/guava-gwt/src-super/com/google/common/collect/super/com/google/common/collect/SortedMultisets.java;42;80;ElementSet;Multisets.ElementSet<E>;[SortedSet<E>];1;[[E]];[];
;;guava;adce8999989d80c80fda3607dac324cbd47681c1;/home/luna/TG/java-projects/guava/guava-gwt/src-super/com/google/common/collect/super/com/google/common/collect/ForwardingSortedMultiset.java;21;219;ForwardingSortedMultiset;ForwardingMultiset<E>;[SortedMultiset<E>];1;[[E]];[];
;;guava;adce8999989d80c80fda3607dac324cbd47681c1;/home/luna/TG/java-projects/guava/guava-gwt/src-super/com/google/common/collect/super/com/google/common/collect/ForwardingSortedMultiset.java;51;67;StandardElementSet;SortedMultisets.ElementSet<E>;[];0;[];[];
;;guava;adce8999989d80c80fda3607dac324cbd47681c1;/home/luna/TG/java-projects/guava/guava-gwt/src-super/com/google/common/collect/super/com/google/common/collect/ForwardingSortedMultiset.java;79;98;StandardDescendingMultiset;DescendingMultiset<E>;[];0;[];[];
;;guava;adce8999989d80c80fda3607dac324cbd47681c1;/home/luna/TG/java-projects/guava/guava-gwt/src-super/com/google/common/collect/super/com/google/common/collect/EmptyImmutableSortedSet.java;21;30;EmptyImmutableSortedSet;ImmutableSortedSet<E>;[];1;[[E]];[];
;;guava;adce8999989d80c80fda3607dac324cbd47681c1;/home/luna/TG/java-projects/guava/guava-gwt/src-super/com/google/common/collect/super/com/google/common/collect/GenericMapMaker.java;26;80;GenericMapMaker;null;[];2;[[K0, V0], [K0, V0]];[Beta, GwtCompatible];
;;guava;adce8999989d80c80fda3607dac324cbd47681c1;/home/luna/TG/java-projects/guava/guava-gwt/src-super/com/google/common/collect/super/com/google/common/collect/ImmutableList.java;35;348;ImmutableList;ImmutableCollection<E>;[List<E>, RandomAccess];1;[[E]];[SuppressWarnings];
;;guava;adce8999989d80c80fda3607dac324cbd47681c1;/home/luna/TG/java-projects/guava/guava-gwt/src-super/com/google/common/collect/super/com/google/common/collect/ImmutableList.java;301;347;Builder;ImmutableCollection.Builder<E>;[];1;[[E]];[];
;;guava;adce8999989d80c80fda3607dac324cbd47681c1;/home/luna/TG/java-projects/guava/guava-gwt/src-super/com/google/common/collect/super/com/google/common/collect/ImmutableMapEntrySet.java;25;56;ImmutableMapEntrySet;ImmutableSet<Entry<K,V>>;[];2;[[K, V], [K, V]];[GwtCompatible];
;;guava;adce8999989d80c80fda3607dac324cbd47681c1;/home/luna/TG/java-projects/guava/guava-gwt/src-super/com/google/common/collect/super/com/google/common/collect/ImmutableSortedSet.java;34;437;ImmutableSortedSet;ForwardingImmutableSet<E>;[SortedSet<E>, SortedIterable<E>];1;[[E]];[];
;;guava;adce8999989d80c80fda3607dac324cbd47681c1;/home/luna/TG/java-projects/guava/guava-gwt/src-super/com/google/common/collect/super/com/google/common/collect/ImmutableSortedSet.java;401;436;Builder;ImmutableSet.Builder<E>;[];1;[[E]];[];
;;guava;adce8999989d80c80fda3607dac324cbd47681c1;/home/luna/TG/java-projects/guava/guava-gwt/src-super/com/google/common/collect/super/com/google/common/collect/LinkedHashMultimapGwtSerializationDependencies.java;23;32;LinkedHashMultimapGwtSerializationDependencies;AbstractSetMultimap<K,V>;[];2;[[K, V], [K, V]];[GwtCompatible];
;;guava;adce8999989d80c80fda3607dac324cbd47681c1;/home/luna/TG/java-projects/guava/guava-gwt/src-super/com/google/common/collect/super/com/google/common/collect/DescendingMultiset.java;25;139;DescendingMultiset;ForwardingMultiset<E>;[SortedMultiset<E>];1;[[E]];[GwtCompatible];
;;guava;adce8999989d80c80fda3607dac324cbd47681c1;/home/luna/TG/java-projects/guava/guava-gwt/src-super/com/google/common/collect/super/com/google/common/collect/AbstractSortedMultiset.java;25;140;AbstractSortedMultiset;AbstractMultiset<E>;[SortedMultiset<E>];1;[[E]];[GwtCompatible];
;;guava;adce8999989d80c80fda3607dac324cbd47681c1;/home/luna/TG/java-projects/guava/guava-gwt/src-super/com/google/common/collect/super/com/google/common/collect/HashBiMap.java;29;129;HashBiMap;AbstractBiMap<K,V>;[];2;[[K, V], [K, V]];[];
;;guava;adce8999989d80c80fda3607dac324cbd47681c1;/home/luna/TG/java-projects/guava/guava-gwt/src-super/com/google/common/collect/super/com/google/common/collect/UnmodifiableSortedMultiset.java;24;111;UnmodifiableSortedMultiset;UnmodifiableMultiset<E>;[SortedMultiset<E>];1;[[E]];[];
;;guava;adce8999989d80c80fda3607dac324cbd47681c1;/home/luna/TG/java-projects/guava/guava-gwt/src-super/com/google/common/collect/super/com/google/common/collect/Synchronized.java;40;1262;Synchronized;null;[];0;[];[GwtCompatible];
;;guava;adce8999989d80c80fda3607dac324cbd47681c1;/home/luna/TG/java-projects/guava/guava-gwt/src-super/com/google/common/collect/super/com/google/common/collect/Synchronized.java;57;82;SynchronizedObject;null;[Serializable];0;[];[];
;;guava;adce8999989d80c80fda3607dac324cbd47681c1;/home/luna/TG/java-projects/guava/guava-gwt/src-super/com/google/common/collect/super/com/google/common/collect/Synchronized.java;89;191;SynchronizedCollection;SynchronizedObject;[Collection<E>];1;[[E]];[VisibleForTesting];
;;guava;adce8999989d80c80fda3607dac324cbd47681c1;/home/luna/TG/java-projects/guava/guava-gwt/src-super/com/google/common/collect/super/com/google/common/collect/Synchronized.java;197;224;SynchronizedSet;SynchronizedCollection<E>;[Set<E>];1;[[E]];[];
;;guava;adce8999989d80c80fda3607dac324cbd47681c1;/home/luna/TG/java-projects/guava/guava-gwt/src-super/com/google/common/collect/super/com/google/common/collect/Synchronized.java;231;284;SynchronizedSortedSet;SynchronizedSet<E>;[SortedSet<E>];1;[[E]];[];
;;guava;adce8999989d80c80fda3607dac324cbd47681c1;/home/luna/TG/java-projects/guava/guava-gwt/src-super/com/google/common/collect/super/com/google/common/collect/Synchronized.java;292;384;SynchronizedList;SynchronizedCollection<E>;[List<E>];1;[[E]];[];
;;guava;adce8999989d80c80fda3607dac324cbd47681c1;/home/luna/TG/java-projects/guava/guava-gwt/src-super/com/google/common/collect/super/com/google/common/collect/Synchronized.java;386;392;SynchronizedRandomAccessList;SynchronizedList<E>;[RandomAccess];1;[[E]];[];
;;guava;adce8999989d80c80fda3607dac324cbd47681c1;/home/luna/TG/java-projects/guava/guava-gwt/src-super/com/google/common/collect/super/com/google/common/collect/Synchronized.java;403;487;SynchronizedMultiset;SynchronizedCollection<E>;[Multiset<E>];1;[[E]];[];
;;guava;adce8999989d80c80fda3607dac324cbd47681c1;/home/luna/TG/java-projects/guava/guava-gwt/src-super/com/google/common/collect/super/com/google/common/collect/Synchronized.java;498;672;SynchronizedMultimap;SynchronizedObject;[Multimap<K,V>];2;[[K, V], [K, V]];[];
;;guava;adce8999989d80c80fda3607dac324cbd47681c1;/home/luna/TG/java-projects/guava/guava-gwt/src-super/com/google/common/collect/super/com/google/common/collect/Synchronized.java;683;709;SynchronizedListMultimap;SynchronizedMultimap<K,V>;[ListMultimap<K,V>];2;[[K, V], [K, V]];[];
;;guava;adce8999989d80c80fda3607dac324cbd47681c1;/home/luna/TG/java-projects/guava/guava-gwt/src-super/com/google/common/collect/super/com/google/common/collect/Synchronized.java;720;756;SynchronizedSetMultimap;SynchronizedMultimap<K,V>;[SetMultimap<K,V>];2;[[K, V], [K, V]];[];
;;guava;adce8999989d80c80fda3607dac324cbd47681c1;/home/luna/TG/java-projects/guava/guava-gwt/src-super/com/google/common/collect/super/com/google/common/collect/Synchronized.java;766;798;SynchronizedSortedSetMultimap;SynchronizedSetMultimap<K,V>;[SortedSetMultimap<K,V>];2;[[K, V], [K, V]];[];
;;guava;adce8999989d80c80fda3607dac324cbd47681c1;/home/luna/TG/java-projects/guava/guava-gwt/src-super/com/google/common/collect/super/com/google/common/collect/Synchronized.java;823;899;SynchronizedAsMapEntries;SynchronizedSet<Map.Entry<K,Collection<V>>>;[];2;[[K, V], [K, V]];[];
;;guava;adce8999989d80c80fda3607dac324cbd47681c1;/home/luna/TG/java-projects/guava/guava-gwt/src-super/com/google/common/collect/super/com/google/common/collect/Synchronized.java;906;1030;SynchronizedMap;SynchronizedObject;[Map<K,V>];2;[[K, V], [K, V]];[];
;;guava;adce8999989d80c80fda3607dac324cbd47681c1;/home/luna/TG/java-projects/guava/guava-gwt/src-super/com/google/common/collect/super/com/google/common/collect/Synchronized.java;1037;1085;SynchronizedSortedMap;SynchronizedMap<K,V>;[SortedMap<K,V>];2;[[K, V], [K, V]];[];
;;guava;adce8999989d80c80fda3607dac324cbd47681c1;/home/luna/TG/java-projects/guava/guava-gwt/src-super/com/google/common/collect/super/com/google/common/collect/Synchronized.java;1095;1138;SynchronizedBiMap;SynchronizedMap<K,V>;[BiMap<K,V>, Serializable];2;[[K, V], [K, V]];[VisibleForTesting];
;;guava;adce8999989d80c80fda3607dac324cbd47681c1;/home/luna/TG/java-projects/guava/guava-gwt/src-super/com/google/common/collect/super/com/google/common/collect/Synchronized.java;1140;1183;SynchronizedAsMap;SynchronizedMap<K,Collection<V>>;[];2;[[K, V], [K, V]];[];
;;guava;adce8999989d80c80fda3607dac324cbd47681c1;/home/luna/TG/java-projects/guava/guava-gwt/src-super/com/google/common/collect/super/com/google/common/collect/Synchronized.java;1185;1206;SynchronizedAsMapValues;SynchronizedCollection<Collection<V>>;[];1;[[V]];[];
;;guava;adce8999989d80c80fda3607dac324cbd47681c1;/home/luna/TG/java-projects/guava/guava-gwt/src-super/com/google/common/collect/super/com/google/common/collect/Synchronized.java;1214;1261;SynchronizedQueue;SynchronizedCollection<E>;[Queue<E>];1;[[E]];[];
;;guava;adce8999989d80c80fda3607dac324cbd47681c1;/home/luna/TG/java-projects/guava/guava-gwt/src-super/com/google/common/collect/super/com/google/common/collect/AbstractMapBasedMultiset.java;35;297;AbstractMapBasedMultiset;AbstractMultiset<E>;[Serializable];1;[[E]];[GwtCompatible];
;;guava;adce8999989d80c80fda3607dac324cbd47681c1;/home/luna/TG/java-projects/guava/guava-gwt/src-super/com/google/common/collect/super/com/google/common/collect/AbstractMapBasedMultiset.java;156;196;MapBasedMultisetIterator;null;[Iterator<E>];0;[];[];
;;guava;adce8999989d80c80fda3607dac324cbd47681c1;/home/luna/TG/java-projects/guava/guava-gwt/src-super/com/google/common/collect/super/com/google/common/collect/EmptyContiguousSet.java;23;103;EmptyContiguousSet;ContiguousSet<C>;[];1;[[C extends Comparable]];[GwtCompatible, SuppressWarnings];
;;guava;adce8999989d80c80fda3607dac324cbd47681c1;/home/luna/TG/java-projects/guava/guava-gwt/src-super/com/google/common/collect/super/com/google/common/collect/ImmutableAsList.java;21;53;ImmutableAsList;ImmutableList<E>;[];1;[[E]];[GwtCompatible, SuppressWarnings];
;;guava;adce8999989d80c80fda3607dac324cbd47681c1;/home/luna/TG/java-projects/guava/guava-gwt/src-super/com/google/common/collect/super/com/google/common/collect/AbstractMapBasedMultimap.java;42;1266;AbstractMapBasedMultimap;AbstractMultimap<K,V>;[Serializable];2;[[K, V], [K, V]];[GwtCompatible];
;;guava;adce8999989d80c80fda3607dac324cbd47681c1;/home/luna/TG/java-projects/guava/guava-gwt/src-super/com/google/common/collect/super/com/google/common/collect/AbstractMapBasedMultimap.java;332;587;WrappedCollection;AbstractCollection<V>;[];0;[];[];
;;guava;adce8999989d80c80fda3607dac324cbd47681c1;/home/luna/TG/java-projects/guava/guava-gwt/src-super/com/google/common/collect/super/com/google/common/collect/AbstractMapBasedMultimap.java;448;495;WrappedIterator;null;[Iterator<V>];0;[];[];
;;guava;adce8999989d80c80fda3607dac324cbd47681c1;/home/luna/TG/java-projects/guava/guava-gwt/src-super/com/google/common/collect/super/com/google/common/collect/AbstractMapBasedMultimap.java;595;619;WrappedSet;WrappedCollection;[Set<V>];0;[];[];
;;guava;adce8999989d80c80fda3607dac324cbd47681c1;/home/luna/TG/java-projects/guava/guava-gwt/src-super/com/google/common/collect/super/com/google/common/collect/AbstractMapBasedMultimap.java;621;675;WrappedSortedSet;WrappedCollection;[SortedSet<V>];0;[];[];
;;guava;adce8999989d80c80fda3607dac324cbd47681c1;/home/luna/TG/java-projects/guava/guava-gwt/src-super/com/google/common/collect/super/com/google/common/collect/AbstractMapBasedMultimap.java;677;817;WrappedList;WrappedCollection;[List<V>];0;[];[];
;;guava;adce8999989d80c80fda3607dac324cbd47681c1;/home/luna/TG/java-projects/guava/guava-gwt/src-super/com/google/common/collect/super/com/google/common/collect/AbstractMapBasedMultimap.java;769;816;WrappedListIterator;WrappedIterator;[ListIterator<V>];0;[];[];
;;guava;adce8999989d80c80fda3607dac324cbd47681c1;/home/luna/TG/java-projects/guava/guava-gwt/src-super/com/google/common/collect/super/com/google/common/collect/AbstractMapBasedMultimap.java;819;829;RandomAccessWrappedList;WrappedList;[RandomAccess];0;[];[];
;;guava;adce8999989d80c80fda3607dac324cbd47681c1;/home/luna/TG/java-projects/guava/guava-gwt/src-super/com/google/common/collect/super/com/google/common/collect/AbstractMapBasedMultimap.java;839;911;KeySet;Maps.KeySet<K,Collection<V>>;[];0;[];[];
;;guava;adce8999989d80c80fda3607dac324cbd47681c1;/home/luna/TG/java-projects/guava/guava-gwt/src-super/com/google/common/collect/super/com/google/common/collect/AbstractMapBasedMultimap.java;913;952;SortedKeySet;KeySet;[SortedSet<K>];0;[];[];
;;guava;adce8999989d80c80fda3607dac324cbd47681c1;/home/luna/TG/java-projects/guava/guava-gwt/src-super/com/google/common/collect/super/com/google/common/collect/AbstractMapBasedMultimap.java;1021;1065;EntryIterator;null;[Iterator<Map.Entry<K,V>>];0;[];[];
;;guava;adce8999989d80c80fda3607dac324cbd47681c1;/home/luna/TG/java-projects/guava/guava-gwt/src-super/com/google/common/collect/super/com/google/common/collect/AbstractMapBasedMultimap.java;1075;1209;AsMap;AbstractMap<K,Collection<V>>;[];0;[];[];
;;guava;adce8999989d80c80fda3607dac324cbd47681c1;/home/luna/TG/java-projects/guava/guava-gwt/src-super/com/google/common/collect/super/com/google/common/collect/AbstractMapBasedMultimap.java;1158;1182;AsMapEntries;Maps.EntrySet<K,Collection<V>>;[];0;[];[];
;;guava;adce8999989d80c80fda3607dac324cbd47681c1;/home/luna/TG/java-projects/guava/guava-gwt/src-super/com/google/common/collect/super/com/google/common/collect/AbstractMapBasedMultimap.java;1184;1208;AsMapIterator;null;[Iterator<Map.Entry<K,Collection<V>>>];0;[];[];
;;guava;adce8999989d80c80fda3607dac324cbd47681c1;/home/luna/TG/java-projects/guava/guava-gwt/src-super/com/google/common/collect/super/com/google/common/collect/AbstractMapBasedMultimap.java;1211;1263;SortedAsMap;AsMap;[SortedMap<K,Collection<V>>];0;[];[];
;;guava;adce8999989d80c80fda3607dac324cbd47681c1;/home/luna/TG/java-projects/guava/guava-gwt/src-super/com/google/common/collect/super/com/google/common/collect/ImmutableSet.java;30;252;ImmutableSet;ImmutableCollection<E>;[Set<E>];1;[[E]];[SuppressWarnings];
;;guava;adce8999989d80c80fda3607dac324cbd47681c1;/home/luna/TG/java-projects/guava/guava-gwt/src-super/com/google/common/collect/super/com/google/common/collect/ImmutableSet.java;177;199;Indexed;ImmutableSet<E>;[];1;[[E]];[];
;;guava;adce8999989d80c80fda3607dac324cbd47681c1;/home/luna/TG/java-projects/guava/guava-gwt/src-super/com/google/common/collect/super/com/google/common/collect/ImmutableSet.java;205;251;Builder;ImmutableCollection.Builder<E>;[];1;[[E]];[];
;;guava;adce8999989d80c80fda3607dac324cbd47681c1;/home/luna/TG/java-projects/guava/guava-gwt/src-super/com/google/common/collect/super/com/google/common/collect/RegularImmutableBiMap.java;21;61;RegularImmutableBiMap;ImmutableBiMap<K,V>;[];2;[[K, V], [K, V]];[SuppressWarnings];
;;guava;adce8999989d80c80fda3607dac324cbd47681c1;/home/luna/TG/java-projects/guava/guava-gwt/src-super/com/google/common/collect/super/com/google/common/collect/ContiguousSet.java;25;141;ContiguousSet;ImmutableSortedSet<C>;[];1;[[C extends Comparable]];[Beta, GwtCompatible, SuppressWarnings];
;;guava;adce8999989d80c80fda3607dac324cbd47681c1;/home/luna/TG/java-projects/guava/guava-gwt/src-super/com/google/common/collect/super/com/google/common/collect/Platform.java;24;55;Platform;null;[];0;[];[];
;;guava;adce8999989d80c80fda3607dac324cbd47681c1;/home/luna/TG/java-projects/guava/guava-gwt/src-super/com/google/common/collect/super/com/google/common/collect/Platform.java;44;48;NativeArray;null;[];0;[];[JsType];
;;guava;adce8999989d80c80fda3607dac324cbd47681c1;/home/luna/TG/java-projects/guava/guava-gwt/src-super/com/google/common/collect/super/com/google/common/collect/EmptyImmutableSet.java;21;32;EmptyImmutableSet;ForwardingImmutableSet<Object>;[];0;[];[];
;;guava;adce8999989d80c80fda3607dac324cbd47681c1;/home/luna/TG/java-projects/guava/guava-gwt/src-super/com/google/common/collect/super/com/google/common/collect/Maps.java;55;2798;Maps;null;[];0;[];[GwtCompatible];
;;guava;adce8999989d80c80fda3607dac324cbd47681c1;/home/luna/TG/java-projects/guava/guava-gwt/src-super/com/google/common/collect/super/com/google/common/collect/Maps.java;417;495;MapDifferenceImpl;null;[MapDifference<K,V>];2;[[K, V], [K, V]];[];
;;guava;adce8999989d80c80fda3607dac324cbd47681c1;/home/luna/TG/java-projects/guava/guava-gwt/src-super/com/google/common/collect/super/com/google/common/collect/Maps.java;497;538;ValueDifferenceImpl;null;[MapDifference.ValueDifference<V>];1;[[V]];[];
;;guava;adce8999989d80c80fda3607dac324cbd47681c1;/home/luna/TG/java-projects/guava/guava-gwt/src-super/com/google/common/collect/super/com/google/common/collect/Maps.java;605;628;SortedMapDifferenceImpl;MapDifferenceImpl<K,V>;[SortedMapDifference<K,V>];2;[[K, V], [K, V]];[];
;;guava;adce8999989d80c80fda3607dac324cbd47681c1;/home/luna/TG/java-projects/guava/guava-gwt/src-super/com/google/common/collect/super/com/google/common/collect/Maps.java;717;814;AsMapView;ImprovedAbstractMap<K,V>;[];2;[[K, V], [K, V]];[];
;;guava;adce8999989d80c80fda3607dac324cbd47681c1;/home/luna/TG/java-projects/guava/guava-gwt/src-super/com/google/common/collect/super/com/google/common/collect/Maps.java;816;862;SortedAsMapView;AsMapView<K,V>;[SortedMap<K,V>];2;[[K, V], [K, V]];[];
;;guava;adce8999989d80c80fda3607dac324cbd47681c1;/home/luna/TG/java-projects/guava/guava-gwt/src-super/com/google/common/collect/super/com/google/common/collect/Maps.java;1056;1120;UnmodifiableEntries;ForwardingCollection<Entry<K,V>>;[];2;[[K, V], [K, V]];[];
;;guava;adce8999989d80c80fda3607dac324cbd47681c1;/home/luna/TG/java-projects/guava/guava-gwt/src-super/com/google/common/collect/super/com/google/common/collect/Maps.java;1122;1138;UnmodifiableEntrySet;UnmodifiableEntries<K,V>;[Set<Entry<K,V>>];2;[[K, V], [K, V]];[];
;;guava;adce8999989d80c80fda3607dac324cbd47681c1;/home/luna/TG/java-projects/guava/guava-gwt/src-super/com/google/common/collect/super/com/google/common/collect/Maps.java;1190;1230;UnmodifiableBiMap;ForwardingMap<K,V>;[BiMap<K,V>, Serializable];2;[[K, V], [K, V]];[];
;;guava;adce8999989d80c80fda3607dac324cbd47681c1;/home/luna/TG/java-projects/guava/guava-gwt/src-super/com/google/common/collect/super/com/google/common/collect/Maps.java;1452;1481;EntryTransformer;null;[];3;[[K, V1, V2], [K, V1, V2], [K, V1, V2]];[];
;;guava;adce8999989d80c80fda3607dac324cbd47681c1;/home/luna/TG/java-projects/guava/guava-gwt/src-super/com/google/common/collect/super/com/google/common/collect/Maps.java;1483;1575;TransformedEntriesMap;AbstractMap<K,V2>;[];3;[[K, V1, V2], [K, V1, V2], [K, V1, V2]];[];
;;guava;adce8999989d80c80fda3607dac324cbd47681c1;/home/luna/TG/java-projects/guava/guava-gwt/src-super/com/google/common/collect/super/com/google/common/collect/Maps.java;1577;1613;TransformedEntriesSortedMap;TransformedEntriesMap<K,V1,V2>;[SortedMap<K,V2>];3;[[K, V1, V2], [K, V1, V2], [K, V1, V2]];[];
;;guava;adce8999989d80c80fda3607dac324cbd47681c1;/home/luna/TG/java-projects/guava/guava-gwt/src-super/com/google/common/collect/super/com/google/common/collect/Maps.java;1615;1626;KeyPredicate;null;[Predicate<Entry<K,V>>];2;[[K, V], [K, V]];[];
;;guava;adce8999989d80c80fda3607dac324cbd47681c1;/home/luna/TG/java-projects/guava/guava-gwt/src-super/com/google/common/collect/super/com/google/common/collect/Maps.java;1628;1639;ValuePredicate;null;[Predicate<Entry<K,V>>];2;[[K, V], [K, V]];[];
;;guava;adce8999989d80c80fda3607dac324cbd47681c1;/home/luna/TG/java-projects/guava/guava-gwt/src-super/com/google/common/collect/super/com/google/common/collect/Maps.java;1995;2128;AbstractFilteredMap;AbstractMap<K,V>;[];2;[[K, V], [K, V]];[];
;;guava;adce8999989d80c80fda3607dac324cbd47681c1;/home/luna/TG/java-projects/guava/guava-gwt/src-super/com/google/common/collect/super/com/google/common/collect/Maps.java;2050;2127;Values;AbstractCollection<V>;[];0;[];[];
;;guava;adce8999989d80c80fda3607dac324cbd47681c1;/home/luna/TG/java-projects/guava/guava-gwt/src-super/com/google/common/collect/super/com/google/common/collect/Maps.java;2142;2188;FilteredEntrySortedMap;FilteredEntryMap<K,V>;[SortedMap<K,V>];2;[[K, V], [K, V]];[];
;;guava;adce8999989d80c80fda3607dac324cbd47681c1;/home/luna/TG/java-projects/guava/guava-gwt/src-super/com/google/common/collect/super/com/google/common/collect/Maps.java;2200;2248;FilteredEntryBiMap;FilteredEntryMap<K,V>;[BiMap<K,V>];2;[[K, V], [K, V]];[];
;;guava;adce8999989d80c80fda3607dac324cbd47681c1;/home/luna/TG/java-projects/guava/guava-gwt/src-super/com/google/common/collect/super/com/google/common/collect/Maps.java;2250;2284;FilteredKeyMap;AbstractFilteredMap<K,V>;[];2;[[K, V], [K, V]];[];
;;guava;adce8999989d80c80fda3607dac324cbd47681c1;/home/luna/TG/java-projects/guava/guava-gwt/src-super/com/google/common/collect/super/com/google/common/collect/Maps.java;2286;2407;FilteredEntryMap;AbstractFilteredMap<K,V>;[];2;[[K, V], [K, V]];[];
;;guava;adce8999989d80c80fda3607dac324cbd47681c1;/home/luna/TG/java-projects/guava/guava-gwt/src-super/com/google/common/collect/super/com/google/common/collect/Maps.java;2306;2335;EntrySet;ForwardingSet<Entry<K,V>>;[];0;[];[];
;;guava;adce8999989d80c80fda3607dac324cbd47681c1;/home/luna/TG/java-projects/guava/guava-gwt/src-super/com/google/common/collect/super/com/google/common/collect/Maps.java;2348;2406;KeySet;Sets.ImprovedAbstractSet<K>;[];0;[];[];
;;guava;adce8999989d80c80fda3607dac324cbd47681c1;/home/luna/TG/java-projects/guava/guava-gwt/src-super/com/google/common/collect/super/com/google/common/collect/Maps.java;2413;2466;ImprovedAbstractMap;AbstractMap<K,V>;[];2;[[K, V], [K, V]];[GwtCompatible];
;;guava;adce8999989d80c80fda3607dac324cbd47681c1;/home/luna/TG/java-projects/guava/guava-gwt/src-super/com/google/common/collect/super/com/google/common/collect/Maps.java;2602;2632;KeySet;Sets.ImprovedAbstractSet<K>;[];2;[[K, V], [K, V]];[];
;;guava;adce8999989d80c80fda3607dac324cbd47681c1;/home/luna/TG/java-projects/guava/guava-gwt/src-super/com/google/common/collect/super/com/google/common/collect/Maps.java;2668;2732;Values;AbstractCollection<V>;[];2;[[K, V], [K, V]];[];
;;guava;adce8999989d80c80fda3607dac324cbd47681c1;/home/luna/TG/java-projects/guava/guava-gwt/src-super/com/google/common/collect/super/com/google/common/collect/Maps.java;2734;2797;EntrySet;Sets.ImprovedAbstractSet<Entry<K,V>>;[];2;[[K, V], [K, V]];[];
;;guava;adce8999989d80c80fda3607dac324cbd47681c1;/home/luna/TG/java-projects/guava/guava-gwt/src-super/com/google/common/collect/super/com/google/common/collect/RegularImmutableSortedMap.java;22;31;RegularImmutableSortedMap;ImmutableSortedMap<K,V>;[];2;[[K, V], [K, V]];[];
;;guava;adce8999989d80c80fda3607dac324cbd47681c1;/home/luna/TG/java-projects/guava/guava-gwt/src-super/com/google/common/collect/super/com/google/common/collect/SingletonImmutableSet.java;21;53;SingletonImmutableSet;ImmutableSet<E>;[];1;[[E]];[];
;;guava;adce8999989d80c80fda3607dac324cbd47681c1;/home/luna/TG/java-projects/guava/guava-gwt/src-super/com/google/common/collect/super/com/google/common/collect/EmptyImmutableMultiset.java;25;104;EmptyImmutableMultiset;ImmutableMultiset<Object>;[];0;[];[GwtCompatible];
;;guava;adce8999989d80c80fda3607dac324cbd47681c1;/home/luna/TG/java-projects/guava/guava-gwt/src-super/com/google/common/collect/super/com/google/common/collect/AbstractBiMap.java;33;372;AbstractBiMap;ForwardingMap<K,V>;[BiMap<K,V>, Serializable];2;[[K, V], [K, V]];[GwtCompatible];
;;guava;adce8999989d80c80fda3607dac324cbd47681c1;/home/luna/TG/java-projects/guava/guava-gwt/src-super/com/google/common/collect/super/com/google/common/collect/AbstractBiMap.java;180;208;KeySet;ForwardingSet<K>;[];0;[];[];
;;guava;adce8999989d80c80fda3607dac324cbd47681c1;/home/luna/TG/java-projects/guava/guava-gwt/src-super/com/google/common/collect/super/com/google/common/collect/AbstractBiMap.java;221;243;ValueSet;ForwardingSet<V>;[];0;[];[];
;;guava;adce8999989d80c80fda3607dac324cbd47681c1;/home/luna/TG/java-projects/guava/guava-gwt/src-super/com/google/common/collect/super/com/google/common/collect/AbstractBiMap.java;252;345;EntrySet;ForwardingSet<Entry<K,V>>;[];0;[];[];
;;guava;adce8999989d80c80fda3607dac324cbd47681c1;/home/luna/TG/java-projects/guava/guava-gwt/src-super/com/google/common/collect/super/com/google/common/collect/AbstractBiMap.java;347;371;Inverse;AbstractBiMap<K,V>;[];2;[[K, V], [K, V]];[];
;;guava;adce8999989d80c80fda3607dac324cbd47681c1;/home/luna/TG/java-projects/guava/guava-gwt/src-super/com/google/common/collect/super/com/google/common/collect/RegularImmutableMap.java;21;35;RegularImmutableMap;ForwardingImmutableMap<K,V>;[];2;[[K, V], [K, V]];[];
;;guava;adce8999989d80c80fda3607dac324cbd47681c1;/home/luna/TG/java-projects/guava/guava-gwt/src-super/com/google/common/collect/super/com/google/common/collect/TreeMultimap.java;31;164;TreeMultimap;AbstractSortedKeySortedSetMultimap<K,V>;[];2;[[K, V], [K, V]];[GwtCompatible];
;;guava;adce8999989d80c80fda3607dac324cbd47681c1;/home/luna/TG/java-projects/guava/guava-gwt/src-super/com/google/common/collect/super/com/google/common/collect/EnumBiMap.java;27;119;EnumBiMap;AbstractBiMap<K,V>;[];2;[[K extends Enum<K>, V extends Enum<V>], [K extends Enum<K>, V extends Enum<V>]];[GwtCompatible];
;;guava;adce8999989d80c80fda3607dac324cbd47681c1;/home/luna/TG/java-projects/guava/guava-gwt/src-super/com/google/common/collect/super/com/google/common/collect/ImmutableMap.java;44;427;ImmutableMap;null;[Map<K,V>, Serializable];2;[[K, V], [K, V]];[];
;;guava;adce8999989d80c80fda3607dac324cbd47681c1;/home/luna/TG/java-projects/guava/guava-gwt/src-super/com/google/common/collect/super/com/google/common/collect/ImmutableMap.java;55;72;IteratorBasedImmutableMap;ImmutableMap<K,V>;[];2;[[K, V], [K, V]];[];
;;guava;adce8999989d80c80fda3607dac324cbd47681c1;/home/luna/TG/java-projects/guava/guava-gwt/src-super/com/google/common/collect/super/com/google/common/collect/ImmutableMap.java;137;198;Builder;null;[];2;[[K, V], [K, V]];[];
;;guava;adce8999989d80c80fda3607dac324cbd47681c1;/home/luna/TG/java-projects/guava/guava-gwt/src-super/com/google/common/collect/super/com/google/common/collect/ImmutableMap.java;357;408;MapViewOfValuesAsSingletonSets;IteratorBasedImmutableMap<K,ImmutableSet<V>>;[];0;[];[];
;;guava;adce8999989d80c80fda3607dac324cbd47681c1;/home/luna/TG/java-projects/guava/guava-gwt/src-super/com/google/common/cache/super/com/google/common/cache/CacheBuilder.java;41;621;CacheBuilder;null;[];2;[[K, V], [K, V]];[GwtCompatible];
;;guava;adce8999989d80c80fda3607dac324cbd47681c1;/home/luna/TG/java-projects/guava/guava-gwt/src-super/com/google/common/cache/super/com/google/common/cache/CacheLoader.java;29;166;CacheLoader;null;[];2;[[K, V], [K, V]];[GwtCompatible];
;;guava;adce8999989d80c80fda3607dac324cbd47681c1;/home/luna/TG/java-projects/guava/guava-gwt/src-super/com/google/common/cache/super/com/google/common/cache/CacheLoader.java;107;121;FunctionToCacheLoader;CacheLoader<K,V>;[Serializable];2;[[K, V], [K, V]];[];
;;guava;adce8999989d80c80fda3607dac324cbd47681c1;/home/luna/TG/java-projects/guava/guava-gwt/src-super/com/google/common/cache/super/com/google/common/cache/CacheLoader.java;137;152;SupplierToCacheLoader;CacheLoader<Object,V>;[Serializable];1;[[V]];[];
;;guava;adce8999989d80c80fda3607dac324cbd47681c1;/home/luna/TG/java-projects/guava/guava-gwt/src-super/com/google/common/cache/super/com/google/common/cache/CacheLoader.java;154;154;UnsupportedLoadingOperationException;UnsupportedOperationException;[];0;[];[];
;;guava;adce8999989d80c80fda3607dac324cbd47681c1;/home/luna/TG/java-projects/guava/guava-gwt/src-super/com/google/common/cache/super/com/google/common/cache/CacheLoader.java;156;165;InvalidCacheLoadException;RuntimeException;[];0;[];[];
;;guava;adce8999989d80c80fda3607dac324cbd47681c1;/home/luna/TG/java-projects/guava/guava-gwt/src-super/com/google/common/cache/super/com/google/common/cache/LocalCache.java;44;832;LocalCache;null;[ConcurrentMap<K,V>];2;[[K, V], [K, V]];[];
;;guava;adce8999989d80c80fda3607dac324cbd47681c1;/home/luna/TG/java-projects/guava/guava-gwt/src-super/com/google/common/cache/super/com/google/common/cache/LocalCache.java;302;338;Timestamped;null;[];1;[[V]];[];
;;guava;adce8999989d80c80fda3607dac324cbd47681c1;/home/luna/TG/java-projects/guava/guava-gwt/src-super/com/google/common/cache/super/com/google/common/cache/LocalCache.java;340;407;LocalManualCache;AbstractCache<K,V>;[];2;[[K, V], [K, V]];[];
;;guava;adce8999989d80c80fda3607dac324cbd47681c1;/home/luna/TG/java-projects/guava/guava-gwt/src-super/com/google/common/cache/super/com/google/common/cache/LocalCache.java;409;457;LocalLoadingCache;LocalManualCache<K,V>;[LoadingCache<K,V>];2;[[K, V], [K, V]];[];
;;guava;adce8999989d80c80fda3607dac324cbd47681c1;/home/luna/TG/java-projects/guava/guava-gwt/src-super/com/google/common/cache/super/com/google/common/cache/LocalCache.java;459;497;CapacityEnforcingLinkedHashMap;LinkedHashMap<K,Timestamped<V>>;[];2;[[K, V], [K, V]];[];
;;guava;adce8999989d80c80fda3607dac324cbd47681c1;/home/luna/TG/java-projects/guava/guava-gwt/src-super/com/google/common/cache/super/com/google/common/cache/LocalCache.java;533;584;EntryIterator;null;[Iterator<Entry<K,V>>];0;[];[];
;;guava;adce8999989d80c80fda3607dac324cbd47681c1;/home/luna/TG/java-projects/guava/guava-gwt/src-super/com/google/common/cache/super/com/google/common/cache/LocalCache.java;586;610;KeyIterator;null;[Iterator<K>];0;[];[];
;;guava;adce8999989d80c80fda3607dac324cbd47681c1;/home/luna/TG/java-projects/guava/guava-gwt/src-super/com/google/common/cache/super/com/google/common/cache/LocalCache.java;612;636;ValueIterator;null;[Iterator<V>];0;[];[];
;;guava;adce8999989d80c80fda3607dac324cbd47681c1;/home/luna/TG/java-projects/guava/guava-gwt/src-super/com/google/common/cache/super/com/google/common/cache/LocalCache.java;665;713;WriteThroughEntry;null;[Entry<K,V>];0;[];[];
;;guava;adce8999989d80c80fda3607dac324cbd47681c1;/home/luna/TG/java-projects/guava/guava-gwt/src-super/com/google/common/cache/super/com/google/common/cache/LocalCache.java;718;739;AbstractCacheSet;AbstractSet<T>;[];1;[[T]];[];
;;guava;adce8999989d80c80fda3607dac324cbd47681c1;/home/luna/TG/java-projects/guava/guava-gwt/src-super/com/google/common/cache/super/com/google/common/cache/LocalCache.java;741;761;KeySet;AbstractCacheSet<K>;[];0;[];[];
;;guava;adce8999989d80c80fda3607dac324cbd47681c1;/home/luna/TG/java-projects/guava/guava-gwt/src-super/com/google/common/cache/super/com/google/common/cache/LocalCache.java;763;794;Values;AbstractCollection<V>;[];0;[];[];
;;guava;adce8999989d80c80fda3607dac324cbd47681c1;/home/luna/TG/java-projects/guava/guava-gwt/src-super/com/google/common/cache/super/com/google/common/cache/LocalCache.java;796;831;EntrySet;AbstractCacheSet<Entry<K,V>>;[];0;[];[];
;;guava;adce8999989d80c80fda3607dac324cbd47681c1;/home/luna/TG/java-projects/guava/guava-gwt/src-super/com/google/common/cache/super/com/google/common/cache/LongAdder.java;19;40;LongAdder;null;[LongAddable];0;[];[];
;;guava;adce8999989d80c80fda3607dac324cbd47681c1;/home/luna/TG/java-projects/guava/guava-gwt/src-super/com/google/common/cache/super/com/google/common/cache/LongAddables.java;19;28;LongAddables;null;[];0;[];[];
;;guava;adce8999989d80c80fda3607dac324cbd47681c1;/home/luna/TG/java-projects/guava/guava-gwt/src/com/google/common/primitives/UnsignedLong_CustomFieldSerializer.java;21;38;UnsignedLong_CustomFieldSerializer;null;[];0;[];[];
;;guava;adce8999989d80c80fda3607dac324cbd47681c1;/home/luna/TG/java-projects/guava/guava-gwt/src/com/google/common/ForceGuavaCompilationEntryPoint.java;21;29;ForceGuavaCompilationEntryPoint;null;[EntryPoint];0;[];[];
;;guava;adce8999989d80c80fda3607dac324cbd47681c1;/home/luna/TG/java-projects/guava/guava-gwt/src/com/google/common/base/GwtSerializationDependencies.java;23;98;GwtSerializationDependencies;null;[];0;[];[GwtCompatible];
;;guava;adce8999989d80c80fda3607dac324cbd47681c1;/home/luna/TG/java-projects/guava/guava-gwt/src/com/google/common/base/GwtSerializationDependencies.java;36;97;OptionalDependencies;Optional<T>;[];1;[[T]];[];
;;guava;adce8999989d80c80fda3607dac324cbd47681c1;/home/luna/TG/java-projects/guava/guava-gwt/src/com/google/common/base/Absent_CustomFieldSerializer.java;23;41;Absent_CustomFieldSerializer;null;[];0;[];[GwtCompatible];
;;guava;adce8999989d80c80fda3607dac324cbd47681c1;/home/luna/TG/java-projects/guava/guava-gwt/src/com/google/common/base/PairwiseEquivalence_CustomFieldSerializer.java;23;48;PairwiseEquivalence_CustomFieldSerializer;null;[];0;[];[];
;;guava;adce8999989d80c80fda3607dac324cbd47681c1;/home/luna/TG/java-projects/guava/guava-gwt/src/com/google/common/base/Present_CustomFieldSerializer.java;24;42;Present_CustomFieldSerializer;null;[];0;[];[GwtCompatible];
;;guava;adce8999989d80c80fda3607dac324cbd47681c1;/home/luna/TG/java-projects/guava/guava-gwt/src/com/google/common/collect/Multiset_CustomFieldSerializerBase.java;23;55;Multiset_CustomFieldSerializerBase;null;[];0;[];[];
;;guava;adce8999989d80c80fda3607dac324cbd47681c1;/home/luna/TG/java-projects/guava/guava-gwt/src/com/google/common/collect/ForwardingImmutableList_CustomFieldSerializer.java;19;25;ForwardingImmutableList_CustomFieldSerializer;null;[];0;[];[];
;;guava;adce8999989d80c80fda3607dac324cbd47681c1;/home/luna/TG/java-projects/guava/guava-gwt/src/com/google/common/collect/LinkedHashMultimap_CustomFieldSerializer.java;26;68;LinkedHashMultimap_CustomFieldSerializer;null;[];0;[];[];
;;guava;adce8999989d80c80fda3607dac324cbd47681c1;/home/luna/TG/java-projects/guava/guava-gwt/src/com/google/common/collect/EmptyImmutableTable_CustomFieldSerializer.java;20;35;EmptyImmutableTable_CustomFieldSerializer;null;[];0;[];[];
;;guava;adce8999989d80c80fda3607dac324cbd47681c1;/home/luna/TG/java-projects/guava/guava-gwt/src/com/google/common/collect/RegularImmutableSortedMap_CustomFieldSerializer.java;23;44;RegularImmutableSortedMap_CustomFieldSerializer;null;[];0;[];[];
;;guava;adce8999989d80c80fda3607dac324cbd47681c1;/home/luna/TG/java-projects/guava/guava-gwt/src/com/google/common/collect/LinkedHashMultiset_CustomFieldSerializer.java;23;43;LinkedHashMultiset_CustomFieldSerializer;null;[];0;[];[];
;;guava;adce8999989d80c80fda3607dac324cbd47681c1;/home/luna/TG/java-projects/guava/guava-gwt/src/com/google/common/collect/ArrayListMultimap_CustomFieldSerializer.java;23;42;ArrayListMultimap_CustomFieldSerializer;null;[];0;[];[];
;;guava;adce8999989d80c80fda3607dac324cbd47681c1;/home/luna/TG/java-projects/guava/guava-gwt/src/com/google/common/collect/SparseImmutableTable_CustomFieldSerializer.java;21;41;SparseImmutableTable_CustomFieldSerializer;null;[];0;[];[];
;;guava;adce8999989d80c80fda3607dac324cbd47681c1;/home/luna/TG/java-projects/guava/guava-gwt/src/com/google/common/collect/EmptyImmutableMultiset_CustomFieldSerializer.java;22;42;EmptyImmutableMultiset_CustomFieldSerializer;null;[];0;[];[];
;;guava;adce8999989d80c80fda3607dac324cbd47681c1;/home/luna/TG/java-projects/guava/guava-gwt/src/com/google/common/collect/DenseImmutableTable_CustomFieldSerializer.java;21;41;DenseImmutableTable_CustomFieldSerializer;null;[];0;[];[];
;;guava;adce8999989d80c80fda3607dac324cbd47681c1;/home/luna/TG/java-projects/guava/guava-gwt/src/com/google/common/collect/ByFunctionOrdering_CustomFieldSerializer.java;24;46;ByFunctionOrdering_CustomFieldSerializer;null;[];0;[];[];
;;guava;adce8999989d80c80fda3607dac324cbd47681c1;/home/luna/TG/java-projects/guava/guava-gwt/src/com/google/common/collect/ImmutableTable_CustomFieldSerializerBase.java;22;54;ImmutableTable_CustomFieldSerializerBase;null;[];0;[];[];
;;guava;adce8999989d80c80fda3607dac324cbd47681c1;/home/luna/TG/java-projects/guava/guava-gwt/src/com/google/common/collect/ImmutableSortedMap_CustomFieldSerializerBase.java;27;57;ImmutableSortedMap_CustomFieldSerializerBase;null;[];0;[];[];
;;guava;adce8999989d80c80fda3607dac324cbd47681c1;/home/luna/TG/java-projects/guava/guava-gwt/src/com/google/common/collect/ImmutableEntry_CustomFieldSerializer.java;23;45;ImmutableEntry_CustomFieldSerializer;null;[];0;[];[];
;;guava;adce8999989d80c80fda3607dac324cbd47681c1;/home/luna/TG/java-projects/guava/guava-gwt/src/com/google/common/collect/ImmutableEnumMap_CustomFieldSerializer.java;25;51;ImmutableEnumMap_CustomFieldSerializer;null;[];0;[];[];
;;guava;adce8999989d80c80fda3607dac324cbd47681c1;/home/luna/TG/java-projects/guava/guava-gwt/src/com/google/common/collect/GwtSerializationDependencies.java;25;138;GwtSerializationDependencies;null;[];0;[];[GwtCompatible, SuppressWarnings];
;;guava;adce8999989d80c80fda3607dac324cbd47681c1;/home/luna/TG/java-projects/guava/guava-gwt/src/com/google/common/collect/GwtSerializationDependencies.java;62;69;ImmutableListMultimapDependencies;ImmutableListMultimap<K,V>;[];2;[[K, V], [K, V]];[];
;;guava;adce8999989d80c80fda3607dac324cbd47681c1;/home/luna/TG/java-projects/guava/guava-gwt/src/com/google/common/collect/GwtSerializationDependencies.java;75;82;ImmutableSetMultimapDependencies;ImmutableSetMultimap<K,V>;[];2;[[K, V], [K, V]];[];
;;guava;adce8999989d80c80fda3607dac324cbd47681c1;/home/luna/TG/java-projects/guava/guava-gwt/src/com/google/common/collect/GwtSerializationDependencies.java;88;93;LinkedListMultimapDependencies;LinkedListMultimap<K,V>;[];2;[[K, V], [K, V]];[];
;;guava;adce8999989d80c80fda3607dac324cbd47681c1;/home/luna/TG/java-projects/guava/guava-gwt/src/com/google/common/collect/GwtSerializationDependencies.java;95;101;HashBasedTableDependencies;HashBasedTable<R,C,V>;[];3;[[R, C, V], [R, C, V], [R, C, V]];[];
;;guava;adce8999989d80c80fda3607dac324cbd47681c1;/home/luna/TG/java-projects/guava/guava-gwt/src/com/google/common/collect/GwtSerializationDependencies.java;103;109;TreeBasedTableDependencies;TreeBasedTable<R,C,V>;[];3;[[R, C, V], [R, C, V], [R, C, V]];[];
;;guava;adce8999989d80c80fda3607dac324cbd47681c1;/home/luna/TG/java-projects/guava/guava-gwt/src/com/google/common/collect/GwtSerializationDependencies.java;117;126;ImmutableTableDependencies;SingletonImmutableTable<R,C,V>;[Serializable];3;[[R, C, V], [R, C, V], [R, C, V]];[];
;;guava;adce8999989d80c80fda3607dac324cbd47681c1;/home/luna/TG/java-projects/guava/guava-gwt/src/com/google/common/collect/GwtSerializationDependencies.java;128;137;TreeMultimapDependencies;TreeMultimap<K,V>;[];2;[[K, V], [K, V]];[];
;;guava;adce8999989d80c80fda3607dac324cbd47681c1;/home/luna/TG/java-projects/guava/guava-gwt/src/com/google/common/collect/RegularImmutableList_CustomFieldSerializer.java;26;54;RegularImmutableList_CustomFieldSerializer;null;[];0;[];[];
;;guava;adce8999989d80c80fda3607dac324cbd47681c1;/home/luna/TG/java-projects/guava/guava-gwt/src/com/google/common/collect/LinkedListMultimap_CustomFieldSerializer.java;24;53;LinkedListMultimap_CustomFieldSerializer;null;[];0;[];[];
;;guava;adce8999989d80c80fda3607dac324cbd47681c1;/home/luna/TG/java-projects/guava/guava-gwt/src/com/google/common/collect/Range_CustomFieldSerializer.java;23;79;Range_CustomFieldSerializer;null;[];0;[];[];
;;guava;adce8999989d80c80fda3607dac324cbd47681c1;/home/luna/TG/java-projects/guava/guava-gwt/src/com/google/common/collect/Multimap_CustomFieldSerializerBase.java;26;81;Multimap_CustomFieldSerializerBase;null;[];0;[];[];
;;guava;adce8999989d80c80fda3607dac324cbd47681c1;/home/luna/TG/java-projects/guava/guava-gwt/src/com/google/common/collect/ImmutableListMultimap_CustomFieldSerializer.java;23;44;ImmutableListMultimap_CustomFieldSerializer;null;[];0;[];[];
;;guava;adce8999989d80c80fda3607dac324cbd47681c1;/home/luna/TG/java-projects/guava/guava-gwt/src/com/google/common/collect/TreeMultimap_CustomFieldSerializer.java;24;50;TreeMultimap_CustomFieldSerializer;null;[];0;[];[];
;;guava;adce8999989d80c80fda3607dac324cbd47681c1;/home/luna/TG/java-projects/guava/guava-gwt/src/com/google/common/collect/RegularImmutableSet_CustomFieldSerializer.java;25;52;RegularImmutableSet_CustomFieldSerializer;null;[];0;[];[];
;;guava;adce8999989d80c80fda3607dac324cbd47681c1;/home/luna/TG/java-projects/guava/guava-gwt/src/com/google/common/collect/ImmutableSortedSet_CustomFieldSerializer.java;19;26;ImmutableSortedSet_CustomFieldSerializer;null;[];0;[];[];
;;guava;adce8999989d80c80fda3607dac324cbd47681c1;/home/luna/TG/java-projects/guava/guava-gwt/src/com/google/common/collect/ImmutableAsList_CustomFieldSerializer.java;19;25;ImmutableAsList_CustomFieldSerializer;null;[];0;[];[];
;;guava;adce8999989d80c80fda3607dac324cbd47681c1;/home/luna/TG/java-projects/guava/guava-gwt/src/com/google/common/collect/EmptyImmutableSortedSet_CustomFieldSerializer.java;25;59;EmptyImmutableSortedSet_CustomFieldSerializer;null;[];0;[];[];
;;guava;adce8999989d80c80fda3607dac324cbd47681c1;/home/luna/TG/java-projects/guava/guava-gwt/src/com/google/common/collect/EmptyImmutableList_CustomFieldSerializer.java;22;41;EmptyImmutableList_CustomFieldSerializer;null;[];0;[];[];
;;guava;adce8999989d80c80fda3607dac324cbd47681c1;/home/luna/TG/java-projects/guava/guava-gwt/src/com/google/common/collect/GwtPlatform.java;26;57;GwtPlatform;null;[];0;[];[GwtCompatible, GwtScriptOnly];
;;guava;adce8999989d80c80fda3607dac324cbd47681c1;/home/luna/TG/java-projects/guava/guava-gwt/src/com/google/common/collect/HashMultiset_CustomFieldSerializer.java;23;42;HashMultiset_CustomFieldSerializer;null;[];0;[];[];
;;guava;adce8999989d80c80fda3607dac324cbd47681c1;/home/luna/TG/java-projects/guava/guava-gwt/src/com/google/common/collect/SingletonImmutableTable_CustomFieldSerializer.java;21;45;SingletonImmutableTable_CustomFieldSerializer;null;[];0;[];[];
;;guava;adce8999989d80c80fda3607dac324cbd47681c1;/home/luna/TG/java-projects/guava/guava-gwt/src/com/google/common/collect/Table_CustomFieldSerializerBase.java;23;52;Table_CustomFieldSerializerBase;null;[];0;[];[];
;;guava;adce8999989d80c80fda3607dac324cbd47681c1;/home/luna/TG/java-projects/guava/guava-gwt/src/com/google/common/collect/ReverseOrdering_CustomFieldSerializer.java;23;42;ReverseOrdering_CustomFieldSerializer;null;[];0;[];[];
;;guava;adce8999989d80c80fda3607dac324cbd47681c1;/home/luna/TG/java-projects/guava/guava-gwt/src/com/google/common/collect/NaturalOrdering_CustomFieldSerializer.java;22;36;NaturalOrdering_CustomFieldSerializer;null;[];0;[];[];
;;guava;adce8999989d80c80fda3607dac324cbd47681c1;/home/luna/TG/java-projects/guava/guava-gwt/src/com/google/common/collect/NullsFirstOrdering_CustomFieldSerializer.java;23;43;NullsFirstOrdering_CustomFieldSerializer;null;[];0;[];[];
;;guava;adce8999989d80c80fda3607dac324cbd47681c1;/home/luna/TG/java-projects/guava/guava-gwt/src/com/google/common/collect/EmptyImmutableSortedMap_CustomFieldSerializer.java;23;44;EmptyImmutableSortedMap_CustomFieldSerializer;null;[];0;[];[];
;;guava;adce8999989d80c80fda3607dac324cbd47681c1;/home/luna/TG/java-projects/guava/guava-gwt/src/com/google/common/collect/EmptyImmutableSet_CustomFieldSerializer.java;22;41;EmptyImmutableSet_CustomFieldSerializer;null;[];0;[];[];
;;guava;adce8999989d80c80fda3607dac324cbd47681c1;/home/luna/TG/java-projects/guava/guava-gwt/src/com/google/common/collect/ReverseNaturalOrdering_CustomFieldSerializer.java;22;38;ReverseNaturalOrdering_CustomFieldSerializer;null;[];0;[];[];
;;guava;adce8999989d80c80fda3607dac324cbd47681c1;/home/luna/TG/java-projects/guava/guava-gwt/src/com/google/common/collect/RegularImmutableMap_CustomFieldSerializer.java;26;53;RegularImmutableMap_CustomFieldSerializer;null;[];0;[];[];
;;guava;adce8999989d80c80fda3607dac324cbd47681c1;/home/luna/TG/java-projects/guava/guava-gwt/src/com/google/common/collect/RegularImmutableAsList_CustomFieldSerializer.java;26;49;RegularImmutableAsList_CustomFieldSerializer;null;[];0;[];[GwtCompatible];
;;guava;adce8999989d80c80fda3607dac324cbd47681c1;/home/luna/TG/java-projects/guava/guava-gwt/src/com/google/common/collect/HashMultimap_CustomFieldSerializer.java;23;43;HashMultimap_CustomFieldSerializer;null;[];0;[];[];
;;guava;adce8999989d80c80fda3607dac324cbd47681c1;/home/luna/TG/java-projects/guava/guava-gwt/src/com/google/common/collect/ImmutableMultiset_CustomFieldSerializer.java;19;26;ImmutableMultiset_CustomFieldSerializer;null;[];0;[];[];
;;guava;adce8999989d80c80fda3607dac324cbd47681c1;/home/luna/TG/java-projects/guava/guava-gwt/src/com/google/common/collect/HashBasedTable_CustomFieldSerializer.java;21;38;HashBasedTable_CustomFieldSerializer;null;[];0;[];[];
;;guava;adce8999989d80c80fda3607dac324cbd47681c1;/home/luna/TG/java-projects/guava/guava-gwt/src/com/google/common/collect/EmptyImmutableSetMultimap_CustomFieldSerializer.java;22;39;EmptyImmutableSetMultimap_CustomFieldSerializer;null;[];0;[];[];
;;guava;adce8999989d80c80fda3607dac324cbd47681c1;/home/luna/TG/java-projects/guava/guava-gwt/src/com/google/common/collect/SingletonImmutableList_CustomFieldSerializer.java;23;44;SingletonImmutableList_CustomFieldSerializer;null;[];0;[];[];
;;guava;adce8999989d80c80fda3607dac324cbd47681c1;/home/luna/TG/java-projects/guava/guava-gwt/src/com/google/common/collect/ComparatorOrdering_CustomFieldSerializer.java;24;44;ComparatorOrdering_CustomFieldSerializer;null;[];0;[];[];
;;guava;adce8999989d80c80fda3607dac324cbd47681c1;/home/luna/TG/java-projects/guava/guava-gwt/src/com/google/common/collect/EmptyImmutableBiMap_CustomFieldSerializer.java;22;38;EmptyImmutableBiMap_CustomFieldSerializer;null;[];0;[];[];
;;guava;adce8999989d80c80fda3607dac324cbd47681c1;/home/luna/TG/java-projects/guava/guava-gwt/src/com/google/common/collect/SingletonImmutableSet_CustomFieldSerializer.java;23;43;SingletonImmutableSet_CustomFieldSerializer;null;[];0;[];[];
;;guava;adce8999989d80c80fda3607dac324cbd47681c1;/home/luna/TG/java-projects/guava/guava-gwt/src/com/google/common/collect/ImmutableBiMap_CustomFieldSerializer.java;19;26;ImmutableBiMap_CustomFieldSerializer;null;[];0;[];[];
;;guava;adce8999989d80c80fda3607dac324cbd47681c1;/home/luna/TG/java-projects/guava/guava-gwt/src/com/google/common/collect/CompoundOrdering_CustomFieldSerializer.java;24;43;CompoundOrdering_CustomFieldSerializer;null;[];0;[];[];
;;guava;adce8999989d80c80fda3607dac324cbd47681c1;/home/luna/TG/java-projects/guava/guava-gwt/src/com/google/common/collect/ForwardingImmutableSet_CustomFieldSerializer.java;19;25;ForwardingImmutableSet_CustomFieldSerializer;null;[];0;[];[];
;;guava;adce8999989d80c80fda3607dac324cbd47681c1;/home/luna/TG/java-projects/guava/guava-gwt/src/com/google/common/collect/ExplicitOrdering_CustomFieldSerializer.java;23;42;ExplicitOrdering_CustomFieldSerializer;null;[];0;[];[];
;;guava;adce8999989d80c80fda3607dac324cbd47681c1;/home/luna/TG/java-projects/guava/guava-gwt/src/com/google/common/collect/ImmutableEnumSet_CustomFieldSerializer.java;25;50;ImmutableEnumSet_CustomFieldSerializer;null;[];0;[];[];
;;guava;adce8999989d80c80fda3607dac324cbd47681c1;/home/luna/TG/java-projects/guava/guava-gwt/src/com/google/common/collect/ImmutableSet_CustomFieldSerializer.java;19;26;ImmutableSet_CustomFieldSerializer;null;[];0;[];[];
;;guava;adce8999989d80c80fda3607dac324cbd47681c1;/home/luna/TG/java-projects/guava/guava-gwt/src/com/google/common/collect/ImmutableSortedMap_CustomFieldSerializer.java;23;43;ImmutableSortedMap_CustomFieldSerializer;null;[];0;[];[];
;;guava;adce8999989d80c80fda3607dac324cbd47681c1;/home/luna/TG/java-projects/guava/guava-gwt/src/com/google/common/collect/RegularImmutableSortedSet_CustomFieldSerializer.java;27;64;RegularImmutableSortedSet_CustomFieldSerializer;null;[];0;[];[];
;;guava;adce8999989d80c80fda3607dac324cbd47681c1;/home/luna/TG/java-projects/guava/guava-gwt/src/com/google/common/collect/SingletonImmutableBiMap_CustomFieldSerializer.java;25;48;SingletonImmutableBiMap_CustomFieldSerializer;null;[];0;[];[];
;;guava;adce8999989d80c80fda3607dac324cbd47681c1;/home/luna/TG/java-projects/guava/guava-gwt/src/com/google/common/collect/ImmutableList_CustomFieldSerializer.java;19;26;ImmutableList_CustomFieldSerializer;null;[];0;[];[];
;;guava;adce8999989d80c80fda3607dac324cbd47681c1;/home/luna/TG/java-projects/guava/guava-gwt/src/com/google/common/collect/AllEqualOrdering_CustomFieldSerializer.java;22;35;AllEqualOrdering_CustomFieldSerializer;null;[];0;[];[];
;;guava;adce8999989d80c80fda3607dac324cbd47681c1;/home/luna/TG/java-projects/guava/guava-gwt/src/com/google/common/collect/UsingToStringOrdering_CustomFieldSerializer.java;22;37;UsingToStringOrdering_CustomFieldSerializer;null;[];0;[];[];
;;guava;adce8999989d80c80fda3607dac324cbd47681c1;/home/luna/TG/java-projects/guava/guava-gwt/src/com/google/common/collect/TreeBasedTable_CustomFieldSerializer.java;22;48;TreeBasedTable_CustomFieldSerializer;null;[];0;[];[];
;;guava;adce8999989d80c80fda3607dac324cbd47681c1;/home/luna/TG/java-projects/guava/guava-gwt/src/com/google/common/collect/RegularImmutableBiMap_CustomFieldSerializer.java;26;54;RegularImmutableBiMap_CustomFieldSerializer;null;[];0;[];[];
;;guava;adce8999989d80c80fda3607dac324cbd47681c1;/home/luna/TG/java-projects/guava/guava-gwt/src/com/google/common/collect/RegularImmutableMultiset_CustomFieldSerializer.java;25;52;RegularImmutableMultiset_CustomFieldSerializer;null;[];0;[];[];
;;guava;adce8999989d80c80fda3607dac324cbd47681c1;/home/luna/TG/java-projects/guava/guava-gwt/src/com/google/common/collect/LexicographicalOrdering_CustomFieldSerializer.java;23;45;LexicographicalOrdering_CustomFieldSerializer;null;[];0;[];[];
;;guava;adce8999989d80c80fda3607dac324cbd47681c1;/home/luna/TG/java-projects/guava/guava-gwt/src/com/google/common/collect/NullsLastOrdering_CustomFieldSerializer.java;23;42;NullsLastOrdering_CustomFieldSerializer;null;[];0;[];[];
;;guava;adce8999989d80c80fda3607dac324cbd47681c1;/home/luna/TG/java-projects/guava/guava-gwt/src/com/google/common/collect/EmptyImmutableListMultimap_CustomFieldSerializer.java;22;39;EmptyImmutableListMultimap_CustomFieldSerializer;null;[];0;[];[];
;;guava;adce8999989d80c80fda3607dac324cbd47681c1;/home/luna/TG/java-projects/guava/guava-gwt/src/com/google/common/collect/ImmutableSetMultimap_CustomFieldSerializer.java;24;53;ImmutableSetMultimap_CustomFieldSerializer;null;[];0;[];[];
;;guava;adce8999989d80c80fda3607dac324cbd47681c1;/home/luna/TG/java-projects/guava/guava-gwt/test-super/com/google/common/io/super/com/google/common/io/BaseEncodingTest.java;33;310;BaseEncodingTest;TestCase;[];0;[];[GwtCompatible];
;;guava;adce8999989d80c80fda3607dac324cbd47681c1;/home/luna/TG/java-projects/guava/guava-gwt/test-super/com/google/common/primitives/super/com/google/common/primitives/LongArrayAsListTest.java;29;126;LongArrayAsListTest;TestCase;[];0;[];[GwtCompatible];
;;guava;adce8999989d80c80fda3607dac324cbd47681c1;/home/luna/TG/java-projects/guava/guava-gwt/test-super/com/google/common/primitives/super/com/google/common/primitives/LongArrayAsListTest.java;48;52;LongsAsListGenerator;TestLongListGenerator;[];0;[];[];
;;guava;adce8999989d80c80fda3607dac324cbd47681c1;/home/luna/TG/java-projects/guava/guava-gwt/test-super/com/google/common/primitives/super/com/google/common/primitives/LongArrayAsListTest.java;54;60;LongsAsListHeadSubListGenerator;TestLongListGenerator;[];0;[];[];
;;guava;adce8999989d80c80fda3607dac324cbd47681c1;/home/luna/TG/java-projects/guava/guava-gwt/test-super/com/google/common/primitives/super/com/google/common/primitives/LongArrayAsListTest.java;62;68;LongsAsListTailSubListGenerator;TestLongListGenerator;[];0;[];[];
;;guava;adce8999989d80c80fda3607dac324cbd47681c1;/home/luna/TG/java-projects/guava/guava-gwt/test-super/com/google/common/primitives/super/com/google/common/primitives/LongArrayAsListTest.java;70;77;LongsAsListMiddleSubListGenerator;TestLongListGenerator;[];0;[];[];
;;guava;adce8999989d80c80fda3607dac324cbd47681c1;/home/luna/TG/java-projects/guava/guava-gwt/test-super/com/google/common/primitives/super/com/google/common/primitives/LongArrayAsListTest.java;86;119;TestLongListGenerator;null;[TestListGenerator<Long>];0;[];[];
;;guava;adce8999989d80c80fda3607dac324cbd47681c1;/home/luna/TG/java-projects/guava/guava-gwt/test-super/com/google/common/primitives/super/com/google/common/primitives/LongArrayAsListTest.java;121;125;SampleLongs;SampleElements<Long>;[];0;[];[];
;;guava;adce8999989d80c80fda3607dac324cbd47681c1;/home/luna/TG/java-projects/guava/guava-gwt/test-super/com/google/common/primitives/super/com/google/common/primitives/DoublesTest.java;33;395;DoublesTest;TestCase;[];0;[];[GwtCompatible, SuppressWarnings];
;;guava;adce8999989d80c80fda3607dac324cbd47681c1;/home/luna/TG/java-projects/guava/guava-gwt/test-super/com/google/common/primitives/super/com/google/common/primitives/FloatArrayAsListTest.java;29;126;FloatArrayAsListTest;TestCase;[];0;[];[GwtCompatible];
;;guava;adce8999989d80c80fda3607dac324cbd47681c1;/home/luna/TG/java-projects/guava/guava-gwt/test-super/com/google/common/primitives/super/com/google/common/primitives/FloatArrayAsListTest.java;48;52;FloatsAsListGenerator;TestFloatListGenerator;[];0;[];[];
;;guava;adce8999989d80c80fda3607dac324cbd47681c1;/home/luna/TG/java-projects/guava/guava-gwt/test-super/com/google/common/primitives/super/com/google/common/primitives/FloatArrayAsListTest.java;54;60;FloatsAsListHeadSubListGenerator;TestFloatListGenerator;[];0;[];[];
;;guava;adce8999989d80c80fda3607dac324cbd47681c1;/home/luna/TG/java-projects/guava/guava-gwt/test-super/com/google/common/primitives/super/com/google/common/primitives/FloatArrayAsListTest.java;62;68;FloatsAsListTailSubListGenerator;TestFloatListGenerator;[];0;[];[];
;;guava;adce8999989d80c80fda3607dac324cbd47681c1;/home/luna/TG/java-projects/guava/guava-gwt/test-super/com/google/common/primitives/super/com/google/common/primitives/FloatArrayAsListTest.java;70;77;FloatsAsListMiddleSubListGenerator;TestFloatListGenerator;[];0;[];[];
;;guava;adce8999989d80c80fda3607dac324cbd47681c1;/home/luna/TG/java-projects/guava/guava-gwt/test-super/com/google/common/primitives/super/com/google/common/primitives/FloatArrayAsListTest.java;86;119;TestFloatListGenerator;null;[TestListGenerator<Float>];0;[];[];
;;guava;adce8999989d80c80fda3607dac324cbd47681c1;/home/luna/TG/java-projects/guava/guava-gwt/test-super/com/google/common/primitives/super/com/google/common/primitives/FloatArrayAsListTest.java;121;125;SampleFloats;SampleElements<Float>;[];0;[];[];
;;guava;adce8999989d80c80fda3607dac324cbd47681c1;/home/luna/TG/java-projects/guava/guava-gwt/test-super/com/google/common/primitives/super/com/google/common/primitives/LongsTest.java;34;385;LongsTest;TestCase;[];0;[];[GwtCompatible, SuppressWarnings];
;;guava;adce8999989d80c80fda3607dac324cbd47681c1;/home/luna/TG/java-projects/guava/guava-gwt/test-super/com/google/common/primitives/super/com/google/common/primitives/ShortArrayAsListTest.java;29;126;ShortArrayAsListTest;TestCase;[];0;[];[GwtCompatible];
;;guava;adce8999989d80c80fda3607dac324cbd47681c1;/home/luna/TG/java-projects/guava/guava-gwt/test-super/com/google/common/primitives/super/com/google/common/primitives/ShortArrayAsListTest.java;48;52;ShortsAsListGenerator;TestShortListGenerator;[];0;[];[];
;;guava;adce8999989d80c80fda3607dac324cbd47681c1;/home/luna/TG/java-projects/guava/guava-gwt/test-super/com/google/common/primitives/super/com/google/common/primitives/ShortArrayAsListTest.java;54;60;ShortsAsListHeadSubListGenerator;TestShortListGenerator;[];0;[];[];
;;guava;adce8999989d80c80fda3607dac324cbd47681c1;/home/luna/TG/java-projects/guava/guava-gwt/test-super/com/google/common/primitives/super/com/google/common/primitives/ShortArrayAsListTest.java;62;68;ShortsAsListTailSubListGenerator;TestShortListGenerator;[];0;[];[];
;;guava;adce8999989d80c80fda3607dac324cbd47681c1;/home/luna/TG/java-projects/guava/guava-gwt/test-super/com/google/common/primitives/super/com/google/common/primitives/ShortArrayAsListTest.java;70;77;ShortsAsListMiddleSubListGenerator;TestShortListGenerator;[];0;[];[];
;;guava;adce8999989d80c80fda3607dac324cbd47681c1;/home/luna/TG/java-projects/guava/guava-gwt/test-super/com/google/common/primitives/super/com/google/common/primitives/ShortArrayAsListTest.java;86;119;TestShortListGenerator;null;[TestListGenerator<Short>];0;[];[];
;;guava;adce8999989d80c80fda3607dac324cbd47681c1;/home/luna/TG/java-projects/guava/guava-gwt/test-super/com/google/common/primitives/super/com/google/common/primitives/ShortArrayAsListTest.java;121;125;SampleShorts;SampleElements<Short>;[];0;[];[];
;;guava;adce8999989d80c80fda3607dac324cbd47681c1;/home/luna/TG/java-projects/guava/guava-gwt/test-super/com/google/common/primitives/super/com/google/common/primitives/UnsignedIntsTest.java;26;258;UnsignedIntsTest;TestCase;[];0;[];[GwtCompatible];
;;guava;adce8999989d80c80fda3607dac324cbd47681c1;/home/luna/TG/java-projects/guava/guava-gwt/test-super/com/google/common/primitives/super/com/google/common/primitives/UnsignedLongTest.java;24;250;UnsignedLongTest;TestCase;[];0;[];[GwtCompatible];
;;guava;adce8999989d80c80fda3607dac324cbd47681c1;/home/luna/TG/java-projects/guava/guava-gwt/test-super/com/google/common/primitives/super/com/google/common/primitives/ByteArrayAsListTest.java;29;126;ByteArrayAsListTest;TestCase;[];0;[];[GwtCompatible];
;;guava;adce8999989d80c80fda3607dac324cbd47681c1;/home/luna/TG/java-projects/guava/guava-gwt/test-super/com/google/common/primitives/super/com/google/common/primitives/ByteArrayAsListTest.java;48;52;BytesAsListGenerator;TestByteListGenerator;[];0;[];[];
;;guava;adce8999989d80c80fda3607dac324cbd47681c1;/home/luna/TG/java-projects/guava/guava-gwt/test-super/com/google/common/primitives/super/com/google/common/primitives/ByteArrayAsListTest.java;54;60;BytesAsListHeadSubListGenerator;TestByteListGenerator;[];0;[];[];
;;guava;adce8999989d80c80fda3607dac324cbd47681c1;/home/luna/TG/java-projects/guava/guava-gwt/test-super/com/google/common/primitives/super/com/google/common/primitives/ByteArrayAsListTest.java;62;68;BytesAsListTailSubListGenerator;TestByteListGenerator;[];0;[];[];
;;guava;adce8999989d80c80fda3607dac324cbd47681c1;/home/luna/TG/java-projects/guava/guava-gwt/test-super/com/google/common/primitives/super/com/google/common/primitives/ByteArrayAsListTest.java;70;77;BytesAsListMiddleSubListGenerator;TestByteListGenerator;[];0;[];[];
;;guava;adce8999989d80c80fda3607dac324cbd47681c1;/home/luna/TG/java-projects/guava/guava-gwt/test-super/com/google/common/primitives/super/com/google/common/primitives/ByteArrayAsListTest.java;86;119;TestByteListGenerator;null;[TestListGenerator<Byte>];0;[];[];
;;guava;adce8999989d80c80fda3607dac324cbd47681c1;/home/luna/TG/java-projects/guava/guava-gwt/test-super/com/google/common/primitives/super/com/google/common/primitives/ByteArrayAsListTest.java;121;125;SampleBytes;SampleElements<Byte>;[];0;[];[];
;;guava;adce8999989d80c80fda3607dac324cbd47681c1;/home/luna/TG/java-projects/guava/guava-gwt/test-super/com/google/common/primitives/super/com/google/common/primitives/UnsignedLongsTest.java;29;260;UnsignedLongsTest;TestCase;[];0;[];[GwtCompatible];
;;guava;adce8999989d80c80fda3607dac324cbd47681c1;/home/luna/TG/java-projects/guava/guava-gwt/test-super/com/google/common/primitives/super/com/google/common/primitives/FloatsTest.java;33;386;FloatsTest;TestCase;[];0;[];[GwtCompatible, SuppressWarnings];
;;guava;adce8999989d80c80fda3607dac324cbd47681c1;/home/luna/TG/java-projects/guava/guava-gwt/test-super/com/google/common/primitives/super/com/google/common/primitives/ShortsTest.java;30;364;ShortsTest;TestCase;[];0;[];[GwtCompatible, SuppressWarnings];
;;guava;adce8999989d80c80fda3607dac324cbd47681c1;/home/luna/TG/java-projects/guava/guava-gwt/test-super/com/google/common/primitives/super/com/google/common/primitives/DoubleArrayAsListTest.java;29;126;DoubleArrayAsListTest;TestCase;[];0;[];[GwtCompatible];
;;guava;adce8999989d80c80fda3607dac324cbd47681c1;/home/luna/TG/java-projects/guava/guava-gwt/test-super/com/google/common/primitives/super/com/google/common/primitives/DoubleArrayAsListTest.java;48;52;DoublesAsListGenerator;TestDoubleListGenerator;[];0;[];[];
;;guava;adce8999989d80c80fda3607dac324cbd47681c1;/home/luna/TG/java-projects/guava/guava-gwt/test-super/com/google/common/primitives/super/com/google/common/primitives/DoubleArrayAsListTest.java;54;60;DoublsAsListHeadSubListGenerator;TestDoubleListGenerator;[];0;[];[];
;;guava;adce8999989d80c80fda3607dac324cbd47681c1;/home/luna/TG/java-projects/guava/guava-gwt/test-super/com/google/common/primitives/super/com/google/common/primitives/DoubleArrayAsListTest.java;62;68;DoublesAsListTailSubListGenerator;TestDoubleListGenerator;[];0;[];[];
;;guava;adce8999989d80c80fda3607dac324cbd47681c1;/home/luna/TG/java-projects/guava/guava-gwt/test-super/com/google/common/primitives/super/com/google/common/primitives/DoubleArrayAsListTest.java;70;77;DoublesAsListMiddleSubListGenerator;TestDoubleListGenerator;[];0;[];[];
;;guava;adce8999989d80c80fda3607dac324cbd47681c1;/home/luna/TG/java-projects/guava/guava-gwt/test-super/com/google/common/primitives/super/com/google/common/primitives/DoubleArrayAsListTest.java;86;119;TestDoubleListGenerator;null;[TestListGenerator<Double>];0;[];[];
;;guava;adce8999989d80c80fda3607dac324cbd47681c1;/home/luna/TG/java-projects/guava/guava-gwt/test-super/com/google/common/primitives/super/com/google/common/primitives/DoubleArrayAsListTest.java;121;125;SampleDoubles;SampleElements<Double>;[];0;[];[];
;;guava;adce8999989d80c80fda3607dac324cbd47681c1;/home/luna/TG/java-projects/guava/guava-gwt/test-super/com/google/common/primitives/super/com/google/common/primitives/BooleansTest.java;30;281;BooleansTest;TestCase;[];0;[];[GwtCompatible];
;;guava;adce8999989d80c80fda3607dac324cbd47681c1;/home/luna/TG/java-projects/guava/guava-gwt/test-super/com/google/common/primitives/super/com/google/common/primitives/SignedBytesTest.java;28;147;SignedBytesTest;TestCase;[];0;[];[GwtCompatible, SuppressWarnings];
;;guava;adce8999989d80c80fda3607dac324cbd47681c1;/home/luna/TG/java-projects/guava/guava-gwt/test-super/com/google/common/primitives/super/com/google/common/primitives/CharArrayAsListTest.java;29;126;CharArrayAsListTest;TestCase;[];0;[];[GwtCompatible];
;;guava;adce8999989d80c80fda3607dac324cbd47681c1;/home/luna/TG/java-projects/guava/guava-gwt/test-super/com/google/common/primitives/super/com/google/common/primitives/CharArrayAsListTest.java;48;52;CharsAsListGenerator;TestCharListGenerator;[];0;[];[];
;;guava;adce8999989d80c80fda3607dac324cbd47681c1;/home/luna/TG/java-projects/guava/guava-gwt/test-super/com/google/common/primitives/super/com/google/common/primitives/CharArrayAsListTest.java;54;60;CharsAsListHeadSubListGenerator;TestCharListGenerator;[];0;[];[];
;;guava;adce8999989d80c80fda3607dac324cbd47681c1;/home/luna/TG/java-projects/guava/guava-gwt/test-super/com/google/common/primitives/super/com/google/common/primitives/CharArrayAsListTest.java;62;68;CharsAsListTailSubListGenerator;TestCharListGenerator;[];0;[];[];
;;guava;adce8999989d80c80fda3607dac324cbd47681c1;/home/luna/TG/java-projects/guava/guava-gwt/test-super/com/google/common/primitives/super/com/google/common/primitives/CharArrayAsListTest.java;70;77;CharsAsListMiddleSubListGenerator;TestCharListGenerator;[];0;[];[];
;;guava;adce8999989d80c80fda3607dac324cbd47681c1;/home/luna/TG/java-projects/guava/guava-gwt/test-super/com/google/common/primitives/super/com/google/common/primitives/CharArrayAsListTest.java;86;119;TestCharListGenerator;null;[TestListGenerator<Character>];0;[];[];
;;guava;adce8999989d80c80fda3607dac324cbd47681c1;/home/luna/TG/java-projects/guava/guava-gwt/test-super/com/google/common/primitives/super/com/google/common/primitives/CharArrayAsListTest.java;121;125;SampleChars;SampleElements<Character>;[];0;[];[];
;;guava;adce8999989d80c80fda3607dac324cbd47681c1;/home/luna/TG/java-projects/guava/guava-gwt/test-super/com/google/common/primitives/super/com/google/common/primitives/IntsTest.java;30;356;IntsTest;TestCase;[];0;[];[GwtCompatible, SuppressWarnings];
;;guava;adce8999989d80c80fda3607dac324cbd47681c1;/home/luna/TG/java-projects/guava/guava-gwt/test-super/com/google/common/primitives/super/com/google/common/primitives/IntArrayAsListTest.java;29;126;IntArrayAsListTest;TestCase;[];0;[];[GwtCompatible, SuppressWarnings];
;;guava;adce8999989d80c80fda3607dac324cbd47681c1;/home/luna/TG/java-projects/guava/guava-gwt/test-super/com/google/common/primitives/super/com/google/common/primitives/IntArrayAsListTest.java;49;53;IntsAsListGenerator;TestIntegerListGenerator;[];0;[];[];
;;guava;adce8999989d80c80fda3607dac324cbd47681c1;/home/luna/TG/java-projects/guava/guava-gwt/test-super/com/google/common/primitives/super/com/google/common/primitives/IntArrayAsListTest.java;55;61;IntsAsListHeadSubListGenerator;TestIntegerListGenerator;[];0;[];[];
;;guava;adce8999989d80c80fda3607dac324cbd47681c1;/home/luna/TG/java-projects/guava/guava-gwt/test-super/com/google/common/primitives/super/com/google/common/primitives/IntArrayAsListTest.java;63;69;IntsAsListTailSubListGenerator;TestIntegerListGenerator;[];0;[];[];
;;guava;adce8999989d80c80fda3607dac324cbd47681c1;/home/luna/TG/java-projects/guava/guava-gwt/test-super/com/google/common/primitives/super/com/google/common/primitives/IntArrayAsListTest.java;71;78;IntsAsListMiddleSubListGenerator;TestIntegerListGenerator;[];0;[];[];
;;guava;adce8999989d80c80fda3607dac324cbd47681c1;/home/luna/TG/java-projects/guava/guava-gwt/test-super/com/google/common/primitives/super/com/google/common/primitives/IntArrayAsListTest.java;87;119;TestIntegerListGenerator;null;[TestListGenerator<Integer>];0;[];[];
;;guava;adce8999989d80c80fda3607dac324cbd47681c1;/home/luna/TG/java-projects/guava/guava-gwt/test-super/com/google/common/primitives/super/com/google/common/primitives/IntArrayAsListTest.java;121;125;SampleIntegers;SampleElements<Integer>;[];0;[];[];
;;guava;adce8999989d80c80fda3607dac324cbd47681c1;/home/luna/TG/java-projects/guava/guava-gwt/test-super/com/google/common/primitives/super/com/google/common/primitives/BytesTest.java;29;254;BytesTest;TestCase;[];0;[];[GwtCompatible];
;;guava;adce8999989d80c80fda3607dac324cbd47681c1;/home/luna/TG/java-projects/guava/guava-gwt/test-super/com/google/common/primitives/super/com/google/common/primitives/CharsTest.java;30;337;CharsTest;TestCase;[];0;[];[GwtCompatible, SuppressWarnings];
;;guava;adce8999989d80c80fda3607dac324cbd47681c1;/home/luna/TG/java-projects/guava/guava-gwt/test-super/com/google/common/math/super/com/google/common/math/LongMathTest.java;36;196;LongMathTest;TestCase;[];0;[];[GwtCompatible];
;;guava;adce8999989d80c80fda3607dac324cbd47681c1;/home/luna/TG/java-projects/guava/guava-gwt/test-super/com/google/common/math/super/com/google/common/math/IntMathTest.java;38;357;IntMathTest;TestCase;[];0;[];[GwtCompatible];
;;guava;adce8999989d80c80fda3607dac324cbd47681c1;/home/luna/TG/java-projects/guava/guava-gwt/test-super/com/google/common/math/super/com/google/common/math/BigIntegerMathTest.java;41;198;BigIntegerMathTest;TestCase;[];0;[];[GwtCompatible];
;;guava;adce8999989d80c80fda3607dac324cbd47681c1;/home/luna/TG/java-projects/guava/guava-gwt/test-super/com/google/common/math/super/com/google/common/math/TestPlatform.java;21;29;TestPlatform;null;[];0;[];[GwtCompatible];
;;guava;adce8999989d80c80fda3607dac324cbd47681c1;/home/luna/TG/java-projects/guava/guava-gwt/test-super/com/google/common/base/super/com/google/common/base/StopwatchTest.java;28;213;StopwatchTest;TestCase;[];0;[];[GwtCompatible];
;;guava;adce8999989d80c80fda3607dac324cbd47681c1;/home/luna/TG/java-projects/guava/guava-gwt/test-super/com/google/common/base/super/com/google/common/base/EquivalenceTest.java;27;152;EquivalenceTest;TestCase;[];0;[];[GwtCompatible];
;;guava;adce8999989d80c80fda3607dac324cbd47681c1;/home/luna/TG/java-projects/guava/guava-gwt/test-super/com/google/common/base/super/com/google/common/base/EquivalenceTest.java;86;96;IntValue;null;[];0;[];[];
;;guava;adce8999989d80c80fda3607dac324cbd47681c1;/home/luna/TG/java-projects/guava/guava-gwt/test-super/com/google/common/base/super/com/google/common/base/SuppliersTest.java;29;185;SuppliersTest;TestCase;[];0;[];[GwtCompatible];
;;guava;adce8999989d80c80fda3607dac324cbd47681c1;/home/luna/TG/java-projects/guava/guava-gwt/test-super/com/google/common/base/super/com/google/common/base/SuppliersTest.java;86;94;CountingSupplier;null;[Supplier<Integer>, Serializable];0;[];[];
;;guava;adce8999989d80c80fda3607dac324cbd47681c1;/home/luna/TG/java-projects/guava/guava-gwt/test-super/com/google/common/base/super/com/google/common/base/FunctionsTest.java;29;318;FunctionsTest;TestCase;[];0;[];[GwtCompatible];
;;guava;adce8999989d80c80fda3607dac324cbd47681c1;/home/luna/TG/java-projects/guava/guava-gwt/test-super/com/google/common/base/super/com/google/common/base/FunctionsTest.java;189;194;HashCodeFunction;null;[Function<Object,Integer>];0;[];[];
;;guava;adce8999989d80c80fda3607dac324cbd47681c1;/home/luna/TG/java-projects/guava/guava-gwt/test-super/com/google/common/base/super/com/google/common/base/FunctionsTest.java;277;301;CountingSupplier;null;[Supplier<Integer>, Serializable];0;[];[];
;;guava;adce8999989d80c80fda3607dac324cbd47681c1;/home/luna/TG/java-projects/guava/guava-gwt/test-super/com/google/common/base/super/com/google/common/base/EnumsTest.java;27;101;EnumsTest;TestCase;[];0;[];[GwtCompatible];
;;guava;adce8999989d80c80fda3607dac324cbd47681c1;/home/luna/TG/java-projects/guava/guava-gwt/test-super/com/google/common/base/super/com/google/common/base/CharsetsTest.java;25;36;CharsetsTest;TestCase;[];0;[];[GwtCompatible];
;;guava;adce8999989d80c80fda3607dac324cbd47681c1;/home/luna/TG/java-projects/guava/guava-gwt/test-super/com/google/common/base/super/com/google/common/base/ObjectsTest.java;23;77;ObjectsTest;TestCase;[];0;[];[GwtCompatible];
;;guava;adce8999989d80c80fda3607dac324cbd47681c1;/home/luna/TG/java-projects/guava/guava-gwt/test-super/com/google/common/base/super/com/google/common/base/CharMatcherTest.java;37;630;CharMatcherTest;TestCase;[];0;[];[GwtCompatible];
;;guava;adce8999989d80c80fda3607dac324cbd47681c1;/home/luna/TG/java-projects/guava/guava-gwt/test-super/com/google/common/base/super/com/google/common/base/Utf8Test.java;23;216;Utf8Test;TestCase;[];0;[];[GwtCompatible];
;;guava;adce8999989d80c80fda3607dac324cbd47681c1;/home/luna/TG/java-projects/guava/guava-gwt/test-super/com/google/common/base/super/com/google/common/base/CaseFormatTest.java;29;178;CaseFormatTest;TestCase;[];0;[];[GwtCompatible];
;;guava;adce8999989d80c80fda3607dac324cbd47681c1;/home/luna/TG/java-projects/guava/guava-gwt/test-super/com/google/common/base/super/com/google/common/base/PredicatesTest.java;35;662;PredicatesTest;TestCase;[];0;[];[GwtCompatible];
;;guava;adce8999989d80c80fda3607dac324cbd47681c1;/home/luna/TG/java-projects/guava/guava-gwt/test-super/com/google/common/base/super/com/google/common/base/PredicatesTest.java;53;69;IsOdd;null;[Predicate<Integer>, Serializable];0;[];[];
;;guava;adce8999989d80c80fda3607dac324cbd47681c1;/home/luna/TG/java-projects/guava/guava-gwt/test-super/com/google/common/base/super/com/google/common/base/PredicatesTest.java;512;519;CollectionThatThrowsNPE;ArrayList<T>;[];1;[[T]];[];
;;guava;adce8999989d80c80fda3607dac324cbd47681c1;/home/luna/TG/java-projects/guava/guava-gwt/test-super/com/google/common/base/super/com/google/common/base/PredicatesTest.java;526;532;CollectionThatThrowsCCE;ArrayList<T>;[];1;[[T]];[];
;;guava;adce8999989d80c80fda3607dac324cbd47681c1;/home/luna/TG/java-projects/guava/guava-gwt/test-super/com/google/common/base/super/com/google/common/base/StringsTest.java;23;220;StringsTest;TestCase;[];0;[];[GwtCompatible];
;;guava;adce8999989d80c80fda3607dac324cbd47681c1;/home/luna/TG/java-projects/guava/guava-gwt/test-super/com/google/common/base/super/com/google/common/base/JoinerTest.java;35;387;JoinerTest;TestCase;[];0;[];[GwtCompatible];
;;guava;adce8999989d80c80fda3607dac324cbd47681c1;/home/luna/TG/java-projects/guava/guava-gwt/test-super/com/google/common/base/super/com/google/common/base/JoinerTest.java;348;365;DontStringMeBro;null;[CharSequence];0;[];[];
;;guava;adce8999989d80c80fda3607dac324cbd47681c1;/home/luna/TG/java-projects/guava/guava-gwt/test-super/com/google/common/base/super/com/google/common/base/JoinerTest.java;368;386;IterableIterator;null;[Iterable<Integer>, Iterator<Integer>];0;[];[];
;;guava;adce8999989d80c80fda3607dac324cbd47681c1;/home/luna/TG/java-projects/guava/guava-gwt/test-super/com/google/common/base/super/com/google/common/base/OptionalTest.java;31;287;OptionalTest;TestCase;[];0;[];[GwtCompatible];
;;guava;adce8999989d80c80fda3607dac324cbd47681c1;/home/luna/TG/java-projects/guava/guava-gwt/test-super/com/google/common/base/super/com/google/common/base/SplitterTest.java;32;599;SplitterTest;TestCase;[];0;[];[GwtCompatible];
;;guava;adce8999989d80c80fda3607dac324cbd47681c1;/home/luna/TG/java-projects/guava/guava-gwt/test-super/com/google/common/base/super/com/google/common/base/PreconditionsTest.java;23;365;PreconditionsTest;TestCase;[];0;[];[GwtCompatible];
;;guava;adce8999989d80c80fda3607dac324cbd47681c1;/home/luna/TG/java-projects/guava/guava-gwt/test-super/com/google/common/base/super/com/google/common/base/PreconditionsTest.java;347;354;Message;null;[];0;[];[];
;;guava;adce8999989d80c80fda3607dac324cbd47681c1;/home/luna/TG/java-projects/guava/guava-gwt/test-super/com/google/common/base/super/com/google/common/base/AbstractIteratorTest.java;26;198;AbstractIteratorTest;TestCase;[];0;[];[SuppressWarnings, GwtCompatible];
;;guava;adce8999989d80c80fda3607dac324cbd47681c1;/home/luna/TG/java-projects/guava/guava-gwt/test-super/com/google/common/base/super/com/google/common/base/AbstractIteratorTest.java;184;189;SneakyThrower;null;[];1;[[T extends Throwable]];[];
;;guava;adce8999989d80c80fda3607dac324cbd47681c1;/home/luna/TG/java-projects/guava/guava-gwt/test-super/com/google/common/base/super/com/google/common/base/AbstractIteratorTest.java;193;194;SomeCheckedException;Exception;[];0;[];[];
;;guava;adce8999989d80c80fda3607dac324cbd47681c1;/home/luna/TG/java-projects/guava/guava-gwt/test-super/com/google/common/base/super/com/google/common/base/AbstractIteratorTest.java;196;197;SomeUncheckedException;RuntimeException;[];0;[];[];
;;guava;adce8999989d80c80fda3607dac324cbd47681c1;/home/luna/TG/java-projects/guava/guava-gwt/test-super/com/google/common/util/concurrent/super/com/google/common/util/concurrent/AtomicLongMapTest.java;29;541;AtomicLongMapTest;TestCase;[];0;[];[GwtCompatible];
;;guava;adce8999989d80c80fda3607dac324cbd47681c1;/home/luna/TG/java-projects/guava/guava-gwt/test-super/com/google/common/util/concurrent/super/com/google/common/util/concurrent/TrustedListenableFutureTaskTest.java;30;78;TrustedListenableFutureTaskTest;TestCase;[];0;[];[GwtCompatible];
;;guava;adce8999989d80c80fda3607dac324cbd47681c1;/home/luna/TG/java-projects/guava/guava-gwt/test-super/com/google/common/util/concurrent/super/com/google/common/util/concurrent/CallablesTest.java;25;42;CallablesTest;TestCase;[];0;[];[GwtCompatible];
;;guava;adce8999989d80c80fda3607dac324cbd47681c1;/home/luna/TG/java-projects/guava/guava-gwt/test-super/com/google/common/util/concurrent/super/com/google/common/util/concurrent/FuturesTest.java;34;373;FuturesTest;EmptySetUpAndTearDown;[];0;[];[GwtCompatible];
;;guava;adce8999989d80c80fda3607dac324cbd47681c1;/home/luna/TG/java-projects/guava/guava-gwt/test-super/com/google/common/util/concurrent/super/com/google/common/util/concurrent/FuturesTest.java;62;62;MyException;Exception;[];0;[];[];
;;guava;adce8999989d80c80fda3607dac324cbd47681c1;/home/luna/TG/java-projects/guava/guava-gwt/test-super/com/google/common/util/concurrent/super/com/google/common/util/concurrent/FuturesTest.java;65;65;Foo;null;[];0;[];[];
;;guava;adce8999989d80c80fda3607dac324cbd47681c1;/home/luna/TG/java-projects/guava/guava-gwt/test-super/com/google/common/util/concurrent/super/com/google/common/util/concurrent/FuturesTest.java;66;66;FooChild;Foo;[];0;[];[];
;;guava;adce8999989d80c80fda3607dac324cbd47681c1;/home/luna/TG/java-projects/guava/guava-gwt/test-super/com/google/common/util/concurrent/super/com/google/common/util/concurrent/FuturesTest.java;67;67;Bar;null;[];0;[];[];
;;guava;adce8999989d80c80fda3607dac324cbd47681c1;/home/luna/TG/java-projects/guava/guava-gwt/test-super/com/google/common/util/concurrent/super/com/google/common/util/concurrent/FuturesTest.java;68;68;BarChild;Bar;[];0;[];[];
;;guava;adce8999989d80c80fda3607dac324cbd47681c1;/home/luna/TG/java-projects/guava/guava-gwt/test-super/com/google/common/util/concurrent/super/com/google/common/util/concurrent/FuturesTest.java;145;147;Holder;null;[];0;[];[];
;;guava;adce8999989d80c80fda3607dac324cbd47681c1;/home/luna/TG/java-projects/guava/guava-gwt/test-super/com/google/common/util/concurrent/super/com/google/common/util/concurrent/FuturesTest.java;188;188;MyError;Error;[];0;[];[];
;;guava;adce8999989d80c80fda3607dac324cbd47681c1;/home/luna/TG/java-projects/guava/guava-gwt/test-super/com/google/common/util/concurrent/super/com/google/common/util/concurrent/FuturesTest.java;189;189;MyRuntimeException;RuntimeException;[];0;[];[];
;;guava;adce8999989d80c80fda3607dac324cbd47681c1;/home/luna/TG/java-projects/guava/guava-gwt/test-super/com/google/common/util/concurrent/super/com/google/common/util/concurrent/FuturesTest.java;192;204;ExecutorSpy;null;[Executor];0;[];[];
;;guava;adce8999989d80c80fda3607dac324cbd47681c1;/home/luna/TG/java-projects/guava/guava-gwt/test-super/com/google/common/util/concurrent/super/com/google/common/util/concurrent/FuturesTest.java;339;339;OtherThrowable;Throwable;[];0;[];[];
;;guava;adce8999989d80c80fda3607dac324cbd47681c1;/home/luna/TG/java-projects/guava/guava-gwt/test-super/com/google/common/util/concurrent/super/com/google/common/util/concurrent/FuturesTest.java;357;365;BuggyFuture;AbstractFuture<String>;[];0;[];[];
;;guava;adce8999989d80c80fda3607dac324cbd47681c1;/home/luna/TG/java-projects/guava/guava-gwt/test-super/com/google/common/util/concurrent/super/com/google/common/util/concurrent/TestPlatform.java;28;72;TestPlatform;null;[];0;[];[];
;;guava;adce8999989d80c80fda3607dac324cbd47681c1;/home/luna/TG/java-projects/guava/guava-gwt/test-super/com/google/common/util/concurrent/super/com/google/common/util/concurrent/FutureCallbackTest.java;30;221;FutureCallbackTest;TestCase;[];0;[];[GwtCompatible];
;;guava;adce8999989d80c80fda3607dac324cbd47681c1;/home/luna/TG/java-projects/guava/guava-gwt/test-super/com/google/common/util/concurrent/super/com/google/common/util/concurrent/FutureCallbackTest.java;110;117;CountingSameThreadExecutor;null;[Executor];0;[];[];
;;guava;adce8999989d80c80fda3607dac324cbd47681c1;/home/luna/TG/java-projects/guava/guava-gwt/test-super/com/google/common/util/concurrent/super/com/google/common/util/concurrent/FutureCallbackTest.java;121;192;ThrowingFuture;null;[ListenableFuture<V>];1;[[V]];[];
;;guava;adce8999989d80c80fda3607dac324cbd47681c1;/home/luna/TG/java-projects/guava/guava-gwt/test-super/com/google/common/util/concurrent/super/com/google/common/util/concurrent/FutureCallbackTest.java;194;220;MockCallback;null;[FutureCallback<String>];0;[];[];
;;guava;adce8999989d80c80fda3607dac324cbd47681c1;/home/luna/TG/java-projects/guava/guava-gwt/test-super/com/google/common/collect/super/com/google/common/collect/IteratorsTest.java;43;1285;IteratorsTest;TestCase;[];0;[];[GwtCompatible];
;;guava;adce8999989d80c80fda3607dac324cbd47681c1;/home/luna/TG/java-projects/guava/guava-gwt/test-super/com/google/common/collect/super/com/google/common/collect/SortedListsTest.java;25;116;SortedListsTest;TestCase;[];0;[];[GwtCompatible];
;;guava;adce8999989d80c80fda3607dac324cbd47681c1;/home/luna/TG/java-projects/guava/guava-gwt/test-super/com/google/common/collect/super/com/google/common/collect/GeneralRangeTest.java;28;202;GeneralRangeTest;TestCase;[];0;[];[GwtCompatible];
;;guava;adce8999989d80c80fda3607dac324cbd47681c1;/home/luna/TG/java-projects/guava/guava-gwt/test-super/com/google/common/collect/super/com/google/common/collect/EvictingQueueTest.java;28;174;EvictingQueueTest;TestCase;[];0;[];[GwtCompatible];
;;guava;adce8999989d80c80fda3607dac324cbd47681c1;/home/luna/TG/java-projects/guava/guava-gwt/test-super/com/google/common/collect/super/com/google/common/collect/SetsTest.java;56;789;SetsTest;TestCase;[];0;[];[GwtCompatible];
;;guava;adce8999989d80c80fda3607dac324cbd47681c1;/home/luna/TG/java-projects/guava/guava-gwt/test-super/com/google/common/collect/super/com/google/common/collect/SetsTest.java;722;752;Base;null;[Comparable<Base>, Serializable];0;[];[];
;;guava;adce8999989d80c80fda3607dac324cbd47681c1;/home/luna/TG/java-projects/guava/guava-gwt/test-super/com/google/common/collect/super/com/google/common/collect/SetsTest.java;754;763;Derived;Base;[];0;[];[];
;;guava;adce8999989d80c80fda3607dac324cbd47681c1;/home/luna/TG/java-projects/guava/guava-gwt/test-super/com/google/common/collect/super/com/google/common/collect/ImmutableEnumMapTest.java;31;63;ImmutableEnumMapTest;TestCase;[];0;[];[GwtCompatible];
;;guava;adce8999989d80c80fda3607dac324cbd47681c1;/home/luna/TG/java-projects/guava/guava-gwt/test-super/com/google/common/collect/super/com/google/common/collect/ImmutableEnumMapTest.java;38;47;ImmutableEnumMapGenerator;TestEnumMapGenerator;[];0;[];[];
;;guava;adce8999989d80c80fda3607dac324cbd47681c1;/home/luna/TG/java-projects/guava/guava-gwt/test-super/com/google/common/collect/super/com/google/common/collect/AbstractMultimapTest.java;37;1425;AbstractMultimapTest;TestCase;[];0;[];[GwtCompatible];
;;guava;adce8999989d80c80fda3607dac324cbd47681c1;/home/luna/TG/java-projects/guava/guava-gwt/test-super/com/google/common/collect/super/com/google/common/collect/ObjectArraysTest.java;28;165;ObjectArraysTest;TestCase;[];0;[];[GwtCompatible];
;;guava;adce8999989d80c80fda3607dac324cbd47681c1;/home/luna/TG/java-projects/guava/guava-gwt/test-super/com/google/common/collect/super/com/google/common/collect/ImmutableTableTest.java;23;350;ImmutableTableTest;AbstractTableReadTest;[];0;[];[GwtCompatible];
;;guava;adce8999989d80c80fda3607dac324cbd47681c1;/home/luna/TG/java-projects/guava/guava-gwt/test-super/com/google/common/collect/super/com/google/common/collect/ImmutableTableTest.java;90;92;StringHolder;null;[];0;[];[];
;;guava;adce8999989d80c80fda3607dac324cbd47681c1;/home/luna/TG/java-projects/guava/guava-gwt/test-super/com/google/common/collect/super/com/google/common/collect/ContiguousSetTest.java;31;281;ContiguousSetTest;TestCase;[];0;[];[GwtCompatible];
;;guava;adce8999989d80c80fda3607dac324cbd47681c1;/home/luna/TG/java-projects/guava/guava-gwt/test-super/com/google/common/collect/super/com/google/common/collect/AbstractTableReadTest.java;27;186;AbstractTableReadTest;TestCase;[];0;[];[GwtCompatible];
;;guava;adce8999989d80c80fda3607dac324cbd47681c1;/home/luna/TG/java-projects/guava/guava-gwt/test-super/com/google/common/collect/super/com/google/common/collect/ImmutableSetTest.java;30;136;ImmutableSetTest;AbstractImmutableSetTest;[];0;[];[GwtCompatible];
;;guava;adce8999989d80c80fda3607dac324cbd47681c1;/home/luna/TG/java-projects/guava/guava-gwt/test-super/com/google/common/collect/super/com/google/common/collect/ImmutableMultimapTest.java;31;128;ImmutableMultimapTest;TestCase;[];0;[];[GwtCompatible];
;;guava;adce8999989d80c80fda3607dac324cbd47681c1;/home/luna/TG/java-projects/guava/guava-gwt/test-super/com/google/common/collect/super/com/google/common/collect/ImmutableMultimapTest.java;60;62;StringHolder;null;[];0;[];[];
;;guava;adce8999989d80c80fda3607dac324cbd47681c1;/home/luna/TG/java-projects/guava/guava-gwt/test-super/com/google/common/collect/super/com/google/common/collect/AbstractCollectionTest.java;29;218;AbstractCollectionTest;TestCase;[];0;[];[GwtCompatible];
;;guava;adce8999989d80c80fda3607dac324cbd47681c1;/home/luna/TG/java-projects/guava/guava-gwt/test-super/com/google/common/collect/super/com/google/common/collect/SetOperationsTest.java;26;128;SetOperationsTest;TestCase;[];0;[];[GwtCompatible];
;;guava;adce8999989d80c80fda3607dac324cbd47681c1;/home/luna/TG/java-projects/guava/guava-gwt/test-super/com/google/common/collect/super/com/google/common/collect/SetOperationsTest.java;35;127;MoreTests;TestCase;[];0;[];[];
;;guava;adce8999989d80c80fda3607dac324cbd47681c1;/home/luna/TG/java-projects/guava/guava-gwt/test-super/com/google/common/collect/super/com/google/common/collect/HashMultisetTest.java;26;75;HashMultisetTest;AbstractMultisetTest;[];0;[];[GwtCompatible];
;;guava;adce8999989d80c80fda3607dac324cbd47681c1;/home/luna/TG/java-projects/guava/guava-gwt/test-super/com/google/common/collect/super/com/google/common/collect/TreeMultimapExplicitTest.java;29;192;TreeMultimapExplicitTest;AbstractSetMultimapTest;[];0;[];[GwtCompatible];
;;guava;adce8999989d80c80fda3607dac324cbd47681c1;/home/luna/TG/java-projects/guava/guava-gwt/test-super/com/google/common/collect/super/com/google/common/collect/TablesTest.java;25;68;TablesTest;TestCase;[];0;[];[GwtCompatible];
;;guava;adce8999989d80c80fda3607dac324cbd47681c1;/home/luna/TG/java-projects/guava/guava-gwt/test-super/com/google/common/collect/super/com/google/common/collect/ImmutableBiMapTest.java;34;433;ImmutableBiMapTest;TestCase;[];0;[];[GwtCompatible];
;;guava;adce8999989d80c80fda3607dac324cbd47681c1;/home/luna/TG/java-projects/guava/guava-gwt/test-super/com/google/common/collect/super/com/google/common/collect/ImmutableBiMapTest.java;44;78;AbstractMapTests;MapInterfaceTest<K,V>;[];2;[[K, V], [K, V]];[];
;;guava;adce8999989d80c80fda3607dac324cbd47681c1;/home/luna/TG/java-projects/guava/guava-gwt/test-super/com/google/common/collect/super/com/google/common/collect/ImmutableBiMapTest.java;80;96;MapTests;AbstractMapTests<String,Integer>;[];0;[];[];
;;guava;adce8999989d80c80fda3607dac324cbd47681c1;/home/luna/TG/java-projects/guava/guava-gwt/test-super/com/google/common/collect/super/com/google/common/collect/ImmutableBiMapTest.java;98;115;InverseMapTests;AbstractMapTests<String,Integer>;[];0;[];[];
;;guava;adce8999989d80c80fda3607dac324cbd47681c1;/home/luna/TG/java-projects/guava/guava-gwt/test-super/com/google/common/collect/super/com/google/common/collect/ImmutableBiMapTest.java;117;388;CreationTests;TestCase;[];0;[];[];
;;guava;adce8999989d80c80fda3607dac324cbd47681c1;/home/luna/TG/java-projects/guava/guava-gwt/test-super/com/google/common/collect/super/com/google/common/collect/ImmutableBiMapTest.java;390;423;BiMapSpecificTests;TestCase;[];0;[];[];
;;guava;adce8999989d80c80fda3607dac324cbd47681c1;/home/luna/TG/java-projects/guava/guava-gwt/test-super/com/google/common/collect/super/com/google/common/collect/EnumBiMapTest.java;37;266;EnumBiMapTest;TestCase;[];0;[];[GwtCompatible];
;;guava;adce8999989d80c80fda3607dac324cbd47681c1;/home/luna/TG/java-projects/guava/guava-gwt/test-super/com/google/common/collect/super/com/google/common/collect/EnumBiMapTest.java;48;90;EnumBiMapGenerator;null;[TestBiMapGenerator<Country,Currency>];0;[];[];
;;guava;adce8999989d80c80fda3607dac324cbd47681c1;/home/luna/TG/java-projects/guava/guava-gwt/test-super/com/google/common/collect/super/com/google/common/collect/MultimapBuilderTest.java;29;68;MultimapBuilderTest;TestCase;[];0;[];[GwtCompatible];
;;guava;adce8999989d80c80fda3607dac324cbd47681c1;/home/luna/TG/java-projects/guava/guava-gwt/test-super/com/google/common/collect/super/com/google/common/collect/AbstractSequentialIteratorTest.java;29;119;AbstractSequentialIteratorTest;TestCase;[];0;[];[GwtCompatible];
;;guava;adce8999989d80c80fda3607dac324cbd47681c1;/home/luna/TG/java-projects/guava/guava-gwt/test-super/com/google/common/collect/super/com/google/common/collect/AbstractSequentialIteratorTest.java;118;118;MyException;RuntimeException;[];0;[];[];
;;guava;adce8999989d80c80fda3607dac324cbd47681c1;/home/luna/TG/java-projects/guava/guava-gwt/test-super/com/google/common/collect/super/com/google/common/collect/EmptyImmutableTableTest.java;22;112;EmptyImmutableTableTest;AbstractImmutableTableTest;[];0;[];[GwtCompatible];
;;guava;adce8999989d80c80fda3607dac324cbd47681c1;/home/luna/TG/java-projects/guava/guava-gwt/test-super/com/google/common/collect/super/com/google/common/collect/ImmutableMultisetTest.java;33;382;ImmutableMultisetTest;TestCase;[];0;[];[GwtCompatible];
;;guava;adce8999989d80c80fda3607dac324cbd47681c1;/home/luna/TG/java-projects/guava/guava-gwt/test-super/com/google/common/collect/super/com/google/common/collect/ImmutableMultisetTest.java;194;201;CountingIterable;null;[Iterable<String>];0;[];[];
;;guava;adce8999989d80c80fda3607dac324cbd47681c1;/home/luna/TG/java-projects/guava/guava-gwt/test-super/com/google/common/collect/super/com/google/common/collect/AbstractListMultimapTest.java;31;494;AbstractListMultimapTest;AbstractMultimapTest;[];0;[];[GwtCompatible];
;;guava;adce8999989d80c80fda3607dac324cbd47681c1;/home/luna/TG/java-projects/guava/guava-gwt/test-super/com/google/common/collect/super/com/google/common/collect/ImmutableSetMultimapTest.java;32;478;ImmutableSetMultimapTest;TestCase;[];0;[];[GwtCompatible];
;;guava;adce8999989d80c80fda3607dac324cbd47681c1;/home/luna/TG/java-projects/guava/guava-gwt/test-super/com/google/common/collect/super/com/google/common/collect/ImmutableSetMultimapTest.java;61;63;StringHolder;null;[];0;[];[];
;;guava;adce8999989d80c80fda3607dac324cbd47681c1;/home/luna/TG/java-projects/guava/guava-gwt/test-super/com/google/common/collect/super/com/google/common/collect/HashBiMapTest.java;29;105;HashBiMapTest;TestCase;[];0;[];[GwtCompatible];
;;guava;adce8999989d80c80fda3607dac324cbd47681c1;/home/luna/TG/java-projects/guava/guava-gwt/test-super/com/google/common/collect/super/com/google/common/collect/HashBiMapTest.java;37;46;HashBiMapGenerator;TestStringBiMapGenerator;[];0;[];[];
;;guava;adce8999989d80c80fda3607dac324cbd47681c1;/home/luna/TG/java-projects/guava/guava-gwt/test-super/com/google/common/collect/super/com/google/common/collect/SimpleAbstractMultisetTest.java;30;116;SimpleAbstractMultisetTest;TestCase;[];0;[];[SuppressWarnings, GwtCompatible];
;;guava;adce8999989d80c80fda3607dac324cbd47681c1;/home/luna/TG/java-projects/guava/guava-gwt/test-super/com/google/common/collect/super/com/google/common/collect/SimpleAbstractMultisetTest.java;65;115;NoRemoveMultiset;AbstractMultiset<E>;[Serializable];1;[[E]];[];
;;guava;adce8999989d80c80fda3607dac324cbd47681c1;/home/luna/TG/java-projects/guava/guava-gwt/test-super/com/google/common/collect/super/com/google/common/collect/ConstrainedSetMultimapTest.java;21;36;ConstrainedSetMultimapTest;AbstractSetMultimapTest;[];0;[];[GwtCompatible];
;;guava;adce8999989d80c80fda3607dac324cbd47681c1;/home/luna/TG/java-projects/guava/guava-gwt/test-super/com/google/common/collect/super/com/google/common/collect/TreeBasedTableTest.java;30;409;TreeBasedTableTest;AbstractTableTest;[];0;[];[GwtCompatible];
;;guava;adce8999989d80c80fda3607dac324cbd47681c1;/home/luna/TG/java-projects/guava/guava-gwt/test-super/com/google/common/collect/super/com/google/common/collect/TreeBasedTableTest.java;39;86;TreeRowTest;SortedMapInterfaceTest<String,String>;[];0;[];[];
;;guava;adce8999989d80c80fda3607dac324cbd47681c1;/home/luna/TG/java-projects/guava/guava-gwt/test-super/com/google/common/collect/super/com/google/common/collect/EnumMultisetTest.java;31;110;EnumMultisetTest;TestCase;[];0;[];[GwtCompatible];
;;guava;adce8999989d80c80fda3607dac324cbd47681c1;/home/luna/TG/java-projects/guava/guava-gwt/test-super/com/google/common/collect/super/com/google/common/collect/ImmutableListTest.java;34;496;ImmutableListTest;TestCase;[];0;[];[GwtCompatible];
;;guava;adce8999989d80c80fda3607dac324cbd47681c1;/home/luna/TG/java-projects/guava/guava-gwt/test-super/com/google/common/collect/super/com/google/common/collect/ImmutableListTest.java;44;346;CreationTests;TestCase;[];0;[];[];
;;guava;adce8999989d80c80fda3607dac324cbd47681c1;/home/luna/TG/java-projects/guava/guava-gwt/test-super/com/google/common/collect/super/com/google/common/collect/ImmutableListTest.java;277;284;CountingIterable;null;[Iterable<String>];0;[];[];
;;guava;adce8999989d80c80fda3607dac324cbd47681c1;/home/luna/TG/java-projects/guava/guava-gwt/test-super/com/google/common/collect/super/com/google/common/collect/ImmutableListTest.java;348;495;BasicTests;TestCase;[];0;[];[];
;;guava;adce8999989d80c80fda3607dac324cbd47681c1;/home/luna/TG/java-projects/guava/guava-gwt/test-super/com/google/common/collect/super/com/google/common/collect/ArrayTableTest.java;31;439;ArrayTableTest;AbstractTableTest;[];0;[];[GwtCompatible];
;;guava;adce8999989d80c80fda3607dac324cbd47681c1;/home/luna/TG/java-projects/guava/guava-gwt/test-super/com/google/common/collect/super/com/google/common/collect/TablesTransformValuesTest.java;24;80;TablesTransformValuesTest;AbstractTableTest;[];0;[];[GwtCompatible];
;;guava;adce8999989d80c80fda3607dac324cbd47681c1;/home/luna/TG/java-projects/guava/guava-gwt/test-super/com/google/common/collect/super/com/google/common/collect/ConstrainedBiMapTest.java;30;106;ConstrainedBiMapTest;TestCase;[];0;[];[GwtCompatible];
;;guava;adce8999989d80c80fda3607dac324cbd47681c1;/home/luna/TG/java-projects/guava/guava-gwt/test-super/com/google/common/collect/super/com/google/common/collect/ConstrainedBiMapTest.java;79;91;ConstrainedBiMapGenerator;TestStringBiMapGenerator;[];0;[];[];
;;guava;adce8999989d80c80fda3607dac324cbd47681c1;/home/luna/TG/java-projects/guava/guava-gwt/test-super/com/google/common/collect/super/com/google/common/collect/ConstrainedBiMapTest.java;93;105;TestConstraint;null;[MapConstraint<String,String>];0;[];[];
;;guava;adce8999989d80c80fda3607dac324cbd47681c1;/home/luna/TG/java-projects/guava/guava-gwt/test-super/com/google/common/collect/super/com/google/common/collect/MultisetsTest.java;29;257;MultisetsTest;TestCase;[];0;[];[GwtCompatible];
;;guava;adce8999989d80c80fda3607dac324cbd47681c1;/home/luna/TG/java-projects/guava/guava-gwt/test-super/com/google/common/collect/super/com/google/common/collect/ImmutableMapTest.java;37;529;ImmutableMapTest;TestCase;[];0;[];[GwtCompatible];
;;guava;adce8999989d80c80fda3607dac324cbd47681c1;/home/luna/TG/java-projects/guava/guava-gwt/test-super/com/google/common/collect/super/com/google/common/collect/ImmutableMapTest.java;46;77;AbstractMapTests;MapInterfaceTest<K,V>;[];2;[[K, V], [K, V]];[];
;;guava;adce8999989d80c80fda3607dac324cbd47681c1;/home/luna/TG/java-projects/guava/guava-gwt/test-super/com/google/common/collect/super/com/google/common/collect/ImmutableMapTest.java;79;95;MapTests;AbstractMapTests<String,Integer>;[];0;[];[];
;;guava;adce8999989d80c80fda3607dac324cbd47681c1;/home/luna/TG/java-projects/guava/guava-gwt/test-super/com/google/common/collect/super/com/google/common/collect/ImmutableMapTest.java;97;110;SingletonMapTests;AbstractMapTests<String,Integer>;[];0;[];[];
;;guava;adce8999989d80c80fda3607dac324cbd47681c1;/home/luna/TG/java-projects/guava/guava-gwt/test-super/com/google/common/collect/super/com/google/common/collect/ImmutableMapTest.java;112;135;MapTestsWithBadHashes;AbstractMapTests<Object,Integer>;[];0;[];[];
;;guava;adce8999989d80c80fda3607dac324cbd47681c1;/home/luna/TG/java-projects/guava/guava-gwt/test-super/com/google/common/collect/super/com/google/common/collect/ImmutableMapTest.java;137;423;CreationTests;TestCase;[];0;[];[];
;;guava;adce8999989d80c80fda3607dac324cbd47681c1;/home/luna/TG/java-projects/guava/guava-gwt/test-super/com/google/common/collect/super/com/google/common/collect/ImmutableMapTest.java;184;186;StringHolder;null;[];0;[];[];
;;guava;adce8999989d80c80fda3607dac324cbd47681c1;/home/luna/TG/java-projects/guava/guava-gwt/test-super/com/google/common/collect/super/com/google/common/collect/ImmutableMapTest.java;267;285;SimpleEntry;AbstractMapEntry<K,V>;[];2;[[K, V], [K, V]];[];
;;guava;adce8999989d80c80fda3607dac324cbd47681c1;/home/luna/TG/java-projects/guava/guava-gwt/test-super/com/google/common/collect/super/com/google/common/collect/ImmutableMapTest.java;462;478;IntHolder;null;[Serializable];0;[];[];
;;guava;adce8999989d80c80fda3607dac324cbd47681c1;/home/luna/TG/java-projects/guava/guava-gwt/test-super/com/google/common/collect/super/com/google/common/collect/TreeMultisetTest.java;29;281;TreeMultisetTest;AbstractMultisetTest;[];0;[];[GwtCompatible];
;;guava;adce8999989d80c80fda3607dac324cbd47681c1;/home/luna/TG/java-projects/guava/guava-gwt/test-super/com/google/common/collect/super/com/google/common/collect/SingletonImmutableTableTest.java;25;126;SingletonImmutableTableTest;AbstractImmutableTableTest;[];0;[];[GwtCompatible];
;;guava;adce8999989d80c80fda3607dac324cbd47681c1;/home/luna/TG/java-projects/guava/guava-gwt/test-super/com/google/common/collect/super/com/google/common/collect/LinkedHashMultimapTest.java;28;197;LinkedHashMultimapTest;AbstractSetMultimapTest;[];0;[];[GwtCompatible];
;;guava;adce8999989d80c80fda3607dac324cbd47681c1;/home/luna/TG/java-projects/guava/guava-gwt/test-super/com/google/common/collect/super/com/google/common/collect/TreeTraverserTest.java;29;146;TreeTraverserTest;TestCase;[];0;[];[GwtCompatible];
;;guava;adce8999989d80c80fda3607dac324cbd47681c1;/home/luna/TG/java-projects/guava/guava-gwt/test-super/com/google/common/collect/super/com/google/common/collect/TreeTraverserTest.java;36;44;Tree;null;[];0;[];[];
;;guava;adce8999989d80c80fda3607dac324cbd47681c1;/home/luna/TG/java-projects/guava/guava-gwt/test-super/com/google/common/collect/super/com/google/common/collect/TreeTraverserTest.java;46;58;BinaryTree;null;[];0;[];[];
;;guava;adce8999989d80c80fda3607dac324cbd47681c1;/home/luna/TG/java-projects/guava/guava-gwt/test-super/com/google/common/collect/super/com/google/common/collect/ListsTest.java;41;622;ListsTest;TestCase;[];0;[];[GwtCompatible];
;;guava;adce8999989d80c80fda3607dac324cbd47681c1;/home/luna/TG/java-projects/guava/guava-gwt/test-super/com/google/common/collect/super/com/google/common/collect/ListsTest.java;56;62;RemoveFirstFunction;null;[Function<String,String>, Serializable];0;[];[];
;;guava;adce8999989d80c80fda3607dac324cbd47681c1;/home/luna/TG/java-projects/guava/guava-gwt/test-super/com/google/common/collect/super/com/google/common/collect/ListsTest.java;64;70;SomeIterable;null;[Iterable<Integer>, Serializable];0;[];[];
;;guava;adce8999989d80c80fda3607dac324cbd47681c1;/home/luna/TG/java-projects/guava/guava-gwt/test-super/com/google/common/collect/super/com/google/common/collect/ListsTest.java;84;91;SomeFunction;null;[Function<Number,String>, Serializable];0;[];[];
;;guava;adce8999989d80c80fda3607dac324cbd47681c1;/home/luna/TG/java-projects/guava/guava-gwt/test-super/com/google/common/collect/super/com/google/common/collect/ListsTest.java;511;515;IntegerList;null;[List<Integer>];0;[];[];
;;guava;adce8999989d80c80fda3607dac324cbd47681c1;/home/luna/TG/java-projects/guava/guava-gwt/test-super/com/google/common/collect/super/com/google/common/collect/LinkedHashMultisetTest.java;30;127;LinkedHashMultisetTest;AbstractMultisetTest;[];0;[];[GwtCompatible];
;;guava;adce8999989d80c80fda3607dac324cbd47681c1;/home/luna/TG/java-projects/guava/guava-gwt/test-super/com/google/common/collect/super/com/google/common/collect/PeekingIteratorTest.java;35;239;PeekingIteratorTest;TestCase;[];0;[];[SuppressWarnings, GwtCompatible];
;;guava;adce8999989d80c80fda3607dac324cbd47681c1;/home/luna/TG/java-projects/guava/guava-gwt/test-super/com/google/common/collect/super/com/google/common/collect/PeekingIteratorTest.java;44;73;PeekingIteratorTester;IteratorTester<T>;[];1;[[T]];[];
;;guava;adce8999989d80c80fda3607dac324cbd47681c1;/home/luna/TG/java-projects/guava/guava-gwt/test-super/com/google/common/collect/super/com/google/common/collect/PeekingIteratorTest.java;175;175;ThrowsAtEndException;RuntimeException;[];0;[];[];
;;guava;adce8999989d80c80fda3607dac324cbd47681c1;/home/luna/TG/java-projects/guava/guava-gwt/test-super/com/google/common/collect/super/com/google/common/collect/PeekingIteratorTest.java;177;203;ThrowsAtEndIterator;null;[Iterator<E>];1;[[E]];[];
;;guava;adce8999989d80c80fda3607dac324cbd47681c1;/home/luna/TG/java-projects/guava/guava-gwt/test-super/com/google/common/collect/super/com/google/common/collect/Collections2Test.java;37;344;Collections2Test;TestCase;[];0;[];[GwtCompatible];
;;guava;adce8999989d80c80fda3607dac324cbd47681c1;/home/luna/TG/java-projects/guava/guava-gwt/test-super/com/google/common/collect/super/com/google/common/collect/LenientSerializableTester.java;21;39;LenientSerializableTester;null;[];0;[];[GwtCompatible];
;;guava;adce8999989d80c80fda3607dac324cbd47681c1;/home/luna/TG/java-projects/guava/guava-gwt/test-super/com/google/common/collect/super/com/google/common/collect/ConstrainedMapTest.java;30;105;ConstrainedMapTest;TestCase;[];0;[];[GwtCompatible];
;;guava;adce8999989d80c80fda3607dac324cbd47681c1;/home/luna/TG/java-projects/guava/guava-gwt/test-super/com/google/common/collect/super/com/google/common/collect/ConstrainedMapTest.java;79;90;ConstrainedMapGenerator;TestStringMapGenerator;[];0;[];[];
;;guava;adce8999989d80c80fda3607dac324cbd47681c1;/home/luna/TG/java-projects/guava/guava-gwt/test-super/com/google/common/collect/super/com/google/common/collect/ConstrainedMapTest.java;92;104;TestConstraint;null;[MapConstraint<String,String>];0;[];[];
;;guava;adce8999989d80c80fda3607dac324cbd47681c1;/home/luna/TG/java-projects/guava/guava-gwt/test-super/com/google/common/collect/super/com/google/common/collect/MultimapsTest.java;55;757;MultimapsTest;AbstractMultimapTest;[];0;[];[GwtCompatible];
;;guava;adce8999989d80c80fda3607dac324cbd47681c1;/home/luna/TG/java-projects/guava/guava-gwt/test-super/com/google/common/collect/super/com/google/common/collect/MultimapsTest.java;433;444;CountingSupplier;null;[Supplier<E>, Serializable];1;[[E]];[];
;;guava;adce8999989d80c80fda3607dac324cbd47681c1;/home/luna/TG/java-projects/guava/guava-gwt/test-super/com/google/common/collect/super/com/google/common/collect/MultimapsTest.java;446;451;QueueSupplier;CountingSupplier<Queue<Integer>>;[];0;[];[];
;;guava;adce8999989d80c80fda3607dac324cbd47681c1;/home/luna/TG/java-projects/guava/guava-gwt/test-super/com/google/common/collect/super/com/google/common/collect/MultimapsTest.java;523;529;ListSupplier;CountingSupplier<LinkedList<Integer>>;[];0;[];[];
;;guava;adce8999989d80c80fda3607dac324cbd47681c1;/home/luna/TG/java-projects/guava/guava-gwt/test-super/com/google/common/collect/super/com/google/common/collect/MultimapsTest.java;548;553;SetSupplier;CountingSupplier<Set<Integer>>;[];0;[];[];
;;guava;adce8999989d80c80fda3607dac324cbd47681c1;/home/luna/TG/java-projects/guava/guava-gwt/test-super/com/google/common/collect/super/com/google/common/collect/MultimapsTest.java;568;574;SortedSetSupplier;CountingSupplier<TreeSet<Integer>>;[];0;[];[];
;;guava;adce8999989d80c80fda3607dac324cbd47681c1;/home/luna/TG/java-projects/guava/guava-gwt/test-super/com/google/common/collect/super/com/google/common/collect/HashMultimapTest.java;21;80;HashMultimapTest;AbstractSetMultimapTest;[];0;[];[GwtCompatible];
;;guava;adce8999989d80c80fda3607dac324cbd47681c1;/home/luna/TG/java-projects/guava/guava-gwt/test-super/com/google/common/collect/super/com/google/common/collect/ImmutableSortedMapTest.java;36;696;ImmutableSortedMapTest;TestCase;[];0;[];[GwtCompatible];
;;guava;adce8999989d80c80fda3607dac324cbd47681c1;/home/luna/TG/java-projects/guava/guava-gwt/test-super/com/google/common/collect/super/com/google/common/collect/ImmutableSortedMapTest.java;47;78;AbstractMapTests;SortedMapInterfaceTest<K,V>;[];2;[[K, V], [K, V]];[];
;;guava;adce8999989d80c80fda3607dac324cbd47681c1;/home/luna/TG/java-projects/guava/guava-gwt/test-super/com/google/common/collect/super/com/google/common/collect/ImmutableSortedMapTest.java;80;96;MapTests;AbstractMapTests<String,Integer>;[];0;[];[];
;;guava;adce8999989d80c80fda3607dac324cbd47681c1;/home/luna/TG/java-projects/guava/guava-gwt/test-super/com/google/common/collect/super/com/google/common/collect/ImmutableSortedMapTest.java;98;111;SingletonMapTests;AbstractMapTests<String,Integer>;[];0;[];[];
;;guava;adce8999989d80c80fda3607dac324cbd47681c1;/home/luna/TG/java-projects/guava/guava-gwt/test-super/com/google/common/collect/super/com/google/common/collect/ImmutableSortedMapTest.java;113;126;HeadMapTests;AbstractMapTests<String,Integer>;[];0;[];[];
;;guava;adce8999989d80c80fda3607dac324cbd47681c1;/home/luna/TG/java-projects/guava/guava-gwt/test-super/com/google/common/collect/super/com/google/common/collect/ImmutableSortedMapTest.java;128;141;HeadMapInclusiveTests;AbstractMapTests<String,Integer>;[];0;[];[];
;;guava;adce8999989d80c80fda3607dac324cbd47681c1;/home/luna/TG/java-projects/guava/guava-gwt/test-super/com/google/common/collect/super/com/google/common/collect/ImmutableSortedMapTest.java;143;156;TailMapTests;AbstractMapTests<String,Integer>;[];0;[];[];
;;guava;adce8999989d80c80fda3607dac324cbd47681c1;/home/luna/TG/java-projects/guava/guava-gwt/test-super/com/google/common/collect/super/com/google/common/collect/ImmutableSortedMapTest.java;158;171;TailExclusiveMapTests;AbstractMapTests<String,Integer>;[];0;[];[];
;;guava;adce8999989d80c80fda3607dac324cbd47681c1;/home/luna/TG/java-projects/guava/guava-gwt/test-super/com/google/common/collect/super/com/google/common/collect/ImmutableSortedMapTest.java;173;186;SubMapTests;AbstractMapTests<String,Integer>;[];0;[];[];
;;guava;adce8999989d80c80fda3607dac324cbd47681c1;/home/luna/TG/java-projects/guava/guava-gwt/test-super/com/google/common/collect/super/com/google/common/collect/ImmutableSortedMapTest.java;188;562;CreationTests;TestCase;[];0;[];[];
;;guava;adce8999989d80c80fda3607dac324cbd47681c1;/home/luna/TG/java-projects/guava/guava-gwt/test-super/com/google/common/collect/super/com/google/common/collect/ImmutableSortedMapTest.java;239;241;StringHolder;null;[];0;[];[];
;;guava;adce8999989d80c80fda3607dac324cbd47681c1;/home/luna/TG/java-projects/guava/guava-gwt/test-super/com/google/common/collect/super/com/google/common/collect/ImmutableSortedMapTest.java;489;504;IntegerDiv10;null;[Comparable<IntegerDiv10>];0;[];[];
;;guava;adce8999989d80c80fda3607dac324cbd47681c1;/home/luna/TG/java-projects/guava/guava-gwt/test-super/com/google/common/collect/super/com/google/common/collect/ImmutableSortedMapTest.java;579;595;IntHolder;null;[Serializable];0;[];[];
;;guava;adce8999989d80c80fda3607dac324cbd47681c1;/home/luna/TG/java-projects/guava/guava-gwt/test-super/com/google/common/collect/super/com/google/common/collect/ImmutableSortedMapTest.java;672;677;SelfComparableExample;null;[Comparable<SelfComparableExample>];0;[];[];
;;guava;adce8999989d80c80fda3607dac324cbd47681c1;/home/luna/TG/java-projects/guava/guava-gwt/test-super/com/google/common/collect/super/com/google/common/collect/ImmutableSortedMapTest.java;687;687;SuperComparableExample;SelfComparableExample;[];0;[];[];
;;guava;adce8999989d80c80fda3607dac324cbd47681c1;/home/luna/TG/java-projects/guava/guava-gwt/test-super/com/google/common/collect/super/com/google/common/collect/AbstractMultisetTest.java;31;673;AbstractMultisetTest;AbstractCollectionTest;[];0;[];[GwtCompatible];
;;guava;adce8999989d80c80fda3607dac324cbd47681c1;/home/luna/TG/java-projects/guava/guava-gwt/test-super/com/google/common/collect/super/com/google/common/collect/AbstractMultisetTest.java;103;103;WrongType;null;[];0;[];[];
;;guava;adce8999989d80c80fda3607dac324cbd47681c1;/home/luna/TG/java-projects/guava/guava-gwt/test-super/com/google/common/collect/super/com/google/common/collect/AbstractImmutableSetTest.java;34;430;AbstractImmutableSetTest;TestCase;[];0;[];[GwtCompatible];
;;guava;adce8999989d80c80fda3607dac324cbd47681c1;/home/luna/TG/java-projects/guava/guava-gwt/test-super/com/google/common/collect/super/com/google/common/collect/AbstractImmutableSetTest.java;206;213;CountingIterable;null;[Iterable<String>];0;[];[];
;;guava;adce8999989d80c80fda3607dac324cbd47681c1;/home/luna/TG/java-projects/guava/guava-gwt/test-super/com/google/common/collect/super/com/google/common/collect/AbstractIteratorTest.java;26;280;AbstractIteratorTest;TestCase;[];0;[];[SuppressWarnings, GwtCompatible];
;;guava;adce8999989d80c80fda3607dac324cbd47681c1;/home/luna/TG/java-projects/guava/guava-gwt/test-super/com/google/common/collect/super/com/google/common/collect/AbstractIteratorTest.java;266;271;SneakyThrower;null;[];1;[[T extends Throwable]];[];
;;guava;adce8999989d80c80fda3607dac324cbd47681c1;/home/luna/TG/java-projects/guava/guava-gwt/test-super/com/google/common/collect/super/com/google/common/collect/AbstractIteratorTest.java;275;276;SomeCheckedException;Exception;[];0;[];[];
;;guava;adce8999989d80c80fda3607dac324cbd47681c1;/home/luna/TG/java-projects/guava/guava-gwt/test-super/com/google/common/collect/super/com/google/common/collect/AbstractIteratorTest.java;278;279;SomeUncheckedException;RuntimeException;[];0;[];[];
;;guava;adce8999989d80c80fda3607dac324cbd47681c1;/home/luna/TG/java-projects/guava/guava-gwt/test-super/com/google/common/collect/super/com/google/common/collect/TreeMultimapNaturalTest.java;30;222;TreeMultimapNaturalTest;AbstractSetMultimapTest;[];0;[];[GwtCompatible];
;;guava;adce8999989d80c80fda3607dac324cbd47681c1;/home/luna/TG/java-projects/guava/guava-gwt/test-super/com/google/common/collect/super/com/google/common/collect/ImmutableSortedSetTest.java;34;847;ImmutableSortedSetTest;AbstractImmutableSetTest;[];0;[];[GwtCompatible];
;;guava;adce8999989d80c80fda3607dac324cbd47681c1;/home/luna/TG/java-projects/guava/guava-gwt/test-super/com/google/common/collect/super/com/google/common/collect/ImmutableSortedSetTest.java;219;220;Interface;null;[Comparable<Interface>];0;[];[];
;;guava;adce8999989d80c80fda3607dac324cbd47681c1;/home/luna/TG/java-projects/guava/guava-gwt/test-super/com/google/common/collect/super/com/google/common/collect/ImmutableSortedSetTest.java;221;228;Impl;null;[Interface];0;[];[];
;;guava;adce8999989d80c80fda3607dac324cbd47681c1;/home/luna/TG/java-projects/guava/guava-gwt/test-super/com/google/common/collect/super/com/google/common/collect/ImmutableSortedSetTest.java;829;834;SelfComparableExample;null;[Comparable<SelfComparableExample>];0;[];[];
;;guava;adce8999989d80c80fda3607dac324cbd47681c1;/home/luna/TG/java-projects/guava/guava-gwt/test-super/com/google/common/collect/super/com/google/common/collect/ImmutableSortedSetTest.java;841;841;SuperComparableExample;SelfComparableExample;[];0;[];[];
;;guava;adce8999989d80c80fda3607dac324cbd47681c1;/home/luna/TG/java-projects/guava/guava-gwt/test-super/com/google/common/collect/super/com/google/common/collect/IterablesTest.java;48;1248;IterablesTest;TestCase;[];0;[];[GwtCompatible];
;;guava;adce8999989d80c80fda3607dac324cbd47681c1;/home/luna/TG/java-projects/guava/guava-gwt/test-super/com/google/common/collect/super/com/google/common/collect/IterablesTest.java;248;248;TypeA;null;[];0;[];[];
;;guava;adce8999989d80c80fda3607dac324cbd47681c1;/home/luna/TG/java-projects/guava/guava-gwt/test-super/com/google/common/collect/super/com/google/common/collect/IterablesTest.java;249;249;TypeB;null;[];0;[];[];
;;guava;adce8999989d80c80fda3607dac324cbd47681c1;/home/luna/TG/java-projects/guava/guava-gwt/test-super/com/google/common/collect/super/com/google/common/collect/IterablesTest.java;250;250;HasBoth;TypeA;[TypeB];0;[];[];
;;guava;adce8999989d80c80fda3607dac324cbd47681c1;/home/luna/TG/java-projects/guava/guava-gwt/test-super/com/google/common/collect/super/com/google/common/collect/IterablesTest.java;782;795;DiesOnIteratorArrayList;ArrayList<String>;[];0;[];[];
;;guava;adce8999989d80c80fda3607dac324cbd47681c1;/home/luna/TG/java-projects/guava/guava-gwt/test-super/com/google/common/collect/super/com/google/common/collect/IterablesTest.java;805;818;DiesOnIteratorTreeSet;TreeSet<String>;[];0;[];[];
;;guava;adce8999989d80c80fda3607dac324cbd47681c1;/home/luna/TG/java-projects/guava/guava-gwt/test-super/com/google/common/collect/super/com/google/common/collect/IterablesTest.java;1099;1113;UnIterableQueue;ForwardingQueue<T>;[];1;[[T]];[];
;;guava;adce8999989d80c80fda3607dac324cbd47681c1;/home/luna/TG/java-projects/guava/guava-gwt/test-super/com/google/common/collect/super/com/google/common/collect/LinkedListMultimapTest.java;33;326;LinkedListMultimapTest;AbstractListMultimapTest;[];0;[];[GwtCompatible];
;;guava;adce8999989d80c80fda3607dac324cbd47681c1;/home/luna/TG/java-projects/guava/guava-gwt/test-super/com/google/common/collect/super/com/google/common/collect/ArrayListMultimapTest.java;28;154;ArrayListMultimapTest;AbstractListMultimapTest;[];0;[];[GwtCompatible];
;;guava;adce8999989d80c80fda3607dac324cbd47681c1;/home/luna/TG/java-projects/guava/guava-gwt/test-super/com/google/common/collect/super/com/google/common/collect/MapMakerTest.java;30;178;MapMakerTest;TestCase;[];0;[];[GwtCompatible];
;;guava;adce8999989d80c80fda3607dac324cbd47681c1;/home/luna/TG/java-projects/guava/guava-gwt/test-super/com/google/common/collect/super/com/google/common/collect/MapMakerTest.java;43;92;MakerTest;TestCase;[];0;[];[];
;;guava;adce8999989d80c80fda3607dac324cbd47681c1;/home/luna/TG/java-projects/guava/guava-gwt/test-super/com/google/common/collect/super/com/google/common/collect/MapMakerTest.java;94;117;MaximumSizeTest;TestCase;[];0;[];[];
;;guava;adce8999989d80c80fda3607dac324cbd47681c1;/home/luna/TG/java-projects/guava/guava-gwt/test-super/com/google/common/collect/super/com/google/common/collect/MapMakerTest.java;119;139;RecursiveComputationTest;TestCase;[];0;[];[];
;;guava;adce8999989d80c80fda3607dac324cbd47681c1;/home/luna/TG/java-projects/guava/guava-gwt/test-super/com/google/common/collect/super/com/google/common/collect/MapMakerTest.java;141;177;ComputingTest;TestCase;[];0;[];[];
;;guava;adce8999989d80c80fda3607dac324cbd47681c1;/home/luna/TG/java-projects/guava/guava-gwt/test-super/com/google/common/collect/super/com/google/common/collect/TableCollectionTest.java;36;740;TableCollectionTest;TestCase;[];0;[];[GwtCompatible];
;;guava;adce8999989d80c80fda3607dac324cbd47681c1;/home/luna/TG/java-projects/guava/guava-gwt/test-super/com/google/common/collect/super/com/google/common/collect/TableCollectionTest.java;92;130;TestCellSetGenerator;null;[TestSetGenerator<Cell<String,Integer,Character>>];0;[];[];
;;guava;adce8999989d80c80fda3607dac324cbd47681c1;/home/luna/TG/java-projects/guava/guava-gwt/test-super/com/google/common/collect/super/com/google/common/collect/TableCollectionTest.java;132;148;MapTests;MapInterfaceTest<String,Integer>;[];0;[];[];
;;guava;adce8999989d80c80fda3607dac324cbd47681c1;/home/luna/TG/java-projects/guava/guava-gwt/test-super/com/google/common/collect/super/com/google/common/collect/TableCollectionTest.java;150;171;RowTests;MapTests;[];0;[];[];
;;guava;adce8999989d80c80fda3607dac324cbd47681c1;/home/luna/TG/java-projects/guava/guava-gwt/test-super/com/google/common/collect/super/com/google/common/collect/TableCollectionTest.java;173;181;HashRowTests;RowTests;[];0;[];[];
;;guava;adce8999989d80c80fda3607dac324cbd47681c1;/home/luna/TG/java-projects/guava/guava-gwt/test-super/com/google/common/collect/super/com/google/common/collect/TableCollectionTest.java;183;191;TreeRowTests;RowTests;[];0;[];[];
;;guava;adce8999989d80c80fda3607dac324cbd47681c1;/home/luna/TG/java-projects/guava/guava-gwt/test-super/com/google/common/collect/super/com/google/common/collect/TableCollectionTest.java;193;202;TransposeRowTests;RowTests;[];0;[];[];
;;guava;adce8999989d80c80fda3607dac324cbd47681c1;/home/luna/TG/java-projects/guava/guava-gwt/test-super/com/google/common/collect/super/com/google/common/collect/TableCollectionTest.java;211;229;TransformValueRowTests;RowTests;[];0;[];[];
;;guava;adce8999989d80c80fda3607dac324cbd47681c1;/home/luna/TG/java-projects/guava/guava-gwt/test-super/com/google/common/collect/super/com/google/common/collect/TableCollectionTest.java;231;249;UnmodifiableHashRowTests;RowTests;[];0;[];[];
;;guava;adce8999989d80c80fda3607dac324cbd47681c1;/home/luna/TG/java-projects/guava/guava-gwt/test-super/com/google/common/collect/super/com/google/common/collect/TableCollectionTest.java;251;269;UnmodifiableTreeRowTests;RowTests;[];0;[];[];
;;guava;adce8999989d80c80fda3607dac324cbd47681c1;/home/luna/TG/java-projects/guava/guava-gwt/test-super/com/google/common/collect/super/com/google/common/collect/TableCollectionTest.java;271;292;ColumnTests;MapTests;[];0;[];[];
;;guava;adce8999989d80c80fda3607dac324cbd47681c1;/home/luna/TG/java-projects/guava/guava-gwt/test-super/com/google/common/collect/super/com/google/common/collect/TableCollectionTest.java;294;302;HashColumnTests;ColumnTests;[];0;[];[];
;;guava;adce8999989d80c80fda3607dac324cbd47681c1;/home/luna/TG/java-projects/guava/guava-gwt/test-super/com/google/common/collect/super/com/google/common/collect/TableCollectionTest.java;304;312;TreeColumnTests;ColumnTests;[];0;[];[];
;;guava;adce8999989d80c80fda3607dac324cbd47681c1;/home/luna/TG/java-projects/guava/guava-gwt/test-super/com/google/common/collect/super/com/google/common/collect/TableCollectionTest.java;314;323;TransposeColumnTests;ColumnTests;[];0;[];[];
;;guava;adce8999989d80c80fda3607dac324cbd47681c1;/home/luna/TG/java-projects/guava/guava-gwt/test-super/com/google/common/collect/super/com/google/common/collect/TableCollectionTest.java;325;343;TransformValueColumnTests;ColumnTests;[];0;[];[];
;;guava;adce8999989d80c80fda3607dac324cbd47681c1;/home/luna/TG/java-projects/guava/guava-gwt/test-super/com/google/common/collect/super/com/google/common/collect/TableCollectionTest.java;345;363;UnmodifiableHashColumnTests;ColumnTests;[];0;[];[];
;;guava;adce8999989d80c80fda3607dac324cbd47681c1;/home/luna/TG/java-projects/guava/guava-gwt/test-super/com/google/common/collect/super/com/google/common/collect/TableCollectionTest.java;365;383;UnmodifiableTreeColumnTests;ColumnTests;[];0;[];[];
;;guava;adce8999989d80c80fda3607dac324cbd47681c1;/home/luna/TG/java-projects/guava/guava-gwt/test-super/com/google/common/collect/super/com/google/common/collect/TableCollectionTest.java;385;436;MapMapTests;MapInterfaceTest<String,Map<Integer,Character>>;[];0;[];[];
;;guava;adce8999989d80c80fda3607dac324cbd47681c1;/home/luna/TG/java-projects/guava/guava-gwt/test-super/com/google/common/collect/super/com/google/common/collect/TableCollectionTest.java;438;463;RowMapTests;MapMapTests;[];0;[];[];
;;guava;adce8999989d80c80fda3607dac324cbd47681c1;/home/luna/TG/java-projects/guava/guava-gwt/test-super/com/google/common/collect/super/com/google/common/collect/TableCollectionTest.java;465;473;HashRowMapTests;RowMapTests;[];0;[];[];
;;guava;adce8999989d80c80fda3607dac324cbd47681c1;/home/luna/TG/java-projects/guava/guava-gwt/test-super/com/google/common/collect/super/com/google/common/collect/TableCollectionTest.java;475;483;TreeRowMapTests;RowMapTests;[];0;[];[];
;;guava;adce8999989d80c80fda3607dac324cbd47681c1;/home/luna/TG/java-projects/guava/guava-gwt/test-super/com/google/common/collect/super/com/google/common/collect/TableCollectionTest.java;485;511;TreeRowMapHeadMapTests;RowMapTests;[];0;[];[];
;;guava;adce8999989d80c80fda3607dac324cbd47681c1;/home/luna/TG/java-projects/guava/guava-gwt/test-super/com/google/common/collect/super/com/google/common/collect/TableCollectionTest.java;513;539;TreeRowMapTailMapTests;RowMapTests;[];0;[];[];
;;guava;adce8999989d80c80fda3607dac324cbd47681c1;/home/luna/TG/java-projects/guava/guava-gwt/test-super/com/google/common/collect/super/com/google/common/collect/TableCollectionTest.java;541;568;TreeRowMapSubMapTests;RowMapTests;[];0;[];[];
;;guava;adce8999989d80c80fda3607dac324cbd47681c1;/home/luna/TG/java-projects/guava/guava-gwt/test-super/com/google/common/collect/super/com/google/common/collect/TableCollectionTest.java;578;596;TransformValueRowMapTests;RowMapTests;[];0;[];[];
;;guava;adce8999989d80c80fda3607dac324cbd47681c1;/home/luna/TG/java-projects/guava/guava-gwt/test-super/com/google/common/collect/super/com/google/common/collect/TableCollectionTest.java;598;616;UnmodifiableHashRowMapTests;RowMapTests;[];0;[];[];
;;guava;adce8999989d80c80fda3607dac324cbd47681c1;/home/luna/TG/java-projects/guava/guava-gwt/test-super/com/google/common/collect/super/com/google/common/collect/TableCollectionTest.java;618;636;UnmodifiableTreeRowMapTests;RowMapTests;[];0;[];[];
;;guava;adce8999989d80c80fda3607dac324cbd47681c1;/home/luna/TG/java-projects/guava/guava-gwt/test-super/com/google/common/collect/super/com/google/common/collect/TableCollectionTest.java;638;659;ColumnMapTests;MapMapTests;[];0;[];[];
;;guava;adce8999989d80c80fda3607dac324cbd47681c1;/home/luna/TG/java-projects/guava/guava-gwt/test-super/com/google/common/collect/super/com/google/common/collect/TableCollectionTest.java;661;669;HashColumnMapTests;ColumnMapTests;[];0;[];[];
;;guava;adce8999989d80c80fda3607dac324cbd47681c1;/home/luna/TG/java-projects/guava/guava-gwt/test-super/com/google/common/collect/super/com/google/common/collect/TableCollectionTest.java;671;679;TreeColumnMapTests;ColumnMapTests;[];0;[];[];
;;guava;adce8999989d80c80fda3607dac324cbd47681c1;/home/luna/TG/java-projects/guava/guava-gwt/test-super/com/google/common/collect/super/com/google/common/collect/TableCollectionTest.java;681;699;TransformValueColumnMapTests;ColumnMapTests;[];0;[];[];
;;guava;adce8999989d80c80fda3607dac324cbd47681c1;/home/luna/TG/java-projects/guava/guava-gwt/test-super/com/google/common/collect/super/com/google/common/collect/TableCollectionTest.java;701;719;UnmodifiableHashColumnMapTests;ColumnMapTests;[];0;[];[];
;;guava;adce8999989d80c80fda3607dac324cbd47681c1;/home/luna/TG/java-projects/guava/guava-gwt/test-super/com/google/common/collect/super/com/google/common/collect/TableCollectionTest.java;721;739;UnmodifiableTreeColumnMapTests;ColumnMapTests;[];0;[];[];
;;guava;adce8999989d80c80fda3607dac324cbd47681c1;/home/luna/TG/java-projects/guava/guava-gwt/test-super/com/google/common/collect/super/com/google/common/collect/MapsTest.java;54;1391;MapsTest;TestCase;[];0;[];[GwtCompatible];
;;guava;adce8999989d80c80fda3607dac324cbd47681c1;/home/luna/TG/java-projects/guava/guava-gwt/test-super/com/google/common/collect/super/com/google/common/collect/MapsTest.java;597;605;NonNavigableSortedSet;ForwardingSortedSet<String>;[];0;[];[];
;;guava;adce8999989d80c80fda3607dac324cbd47681c1;/home/luna/TG/java-projects/guava/guava-gwt/test-super/com/google/common/collect/super/com/google/common/collect/MapsTest.java;974;1152;FilteredMapTest;TestCase;[];0;[];[];
;;guava;adce8999989d80c80fda3607dac324cbd47681c1;/home/luna/TG/java-projects/guava/guava-gwt/test-super/com/google/common/collect/super/com/google/common/collect/MapsTest.java;1154;1208;FilteredSortedMapTest;FilteredMapTest;[];0;[];[];
;;guava;adce8999989d80c80fda3607dac324cbd47681c1;/home/luna/TG/java-projects/guava/guava-gwt/test-super/com/google/common/collect/super/com/google/common/collect/MapsTest.java;1210;1233;FilteredBiMapTest;FilteredMapTest;[];0;[];[];
;;guava;adce8999989d80c80fda3607dac324cbd47681c1;/home/luna/TG/java-projects/guava/guava-gwt/test-super/com/google/common/collect/super/com/google/common/collect/HashBasedTableTest.java;21;76;HashBasedTableTest;AbstractTableTest;[];0;[];[GwtCompatible];
;;guava;adce8999989d80c80fda3607dac324cbd47681c1;/home/luna/TG/java-projects/guava/guava-gwt/test-super/com/google/common/collect/super/com/google/common/collect/ConstraintsTest.java;36;344;ConstraintsTest;TestCase;[];0;[];[GwtCompatible];
;;guava;adce8999989d80c80fda3607dac324cbd47681c1;/home/luna/TG/java-projects/guava/guava-gwt/test-super/com/google/common/collect/super/com/google/common/collect/ConstraintsTest.java;47;50;TestElementException;IllegalArgumentException;[];0;[];[];
;;guava;adce8999989d80c80fda3607dac324cbd47681c1;/home/luna/TG/java-projects/guava/guava-gwt/test-super/com/google/common/collect/super/com/google/common/collect/MapConstraintsTest.java;43;654;MapConstraintsTest;TestCase;[];0;[];[GwtCompatible];
;;guava;adce8999989d80c80fda3607dac324cbd47681c1;/home/luna/TG/java-projects/guava/guava-gwt/test-super/com/google/common/collect/super/com/google/common/collect/MapConstraintsTest.java;56;58;TestKeyException;IllegalArgumentException;[];0;[];[];
;;guava;adce8999989d80c80fda3607dac324cbd47681c1;/home/luna/TG/java-projects/guava/guava-gwt/test-super/com/google/common/collect/super/com/google/common/collect/MapConstraintsTest.java;60;62;TestValueException;IllegalArgumentException;[];0;[];[];
;;guava;adce8999989d80c80fda3607dac324cbd47681c1;/home/luna/TG/java-projects/guava/guava-gwt/test-super/com/google/common/collect/super/com/google/common/collect/MapConstraintsTest.java;67;79;TestConstraint;null;[MapConstraint<String,Integer>, Serializable];0;[];[];
;;guava;adce8999989d80c80fda3607dac324cbd47681c1;/home/luna/TG/java-projects/guava/guava-gwt/test-super/com/google/common/collect/super/com/google/common/collect/MapConstraintsTest.java;418;423;QueueSupplier;null;[Supplier<Queue<Integer>>];0;[];[];
;;guava;adce8999989d80c80fda3607dac324cbd47681c1;/home/luna/TG/java-projects/guava/guava-gwt/test-super/com/google/common/collect/super/com/google/common/collect/EnumHashBiMapTest.java;31;190;EnumHashBiMapTest;TestCase;[];0;[];[GwtCompatible];
;;guava;adce8999989d80c80fda3607dac324cbd47681c1;/home/luna/TG/java-projects/guava/guava-gwt/test-super/com/google/common/collect/super/com/google/common/collect/EnumHashBiMapTest.java;41;83;EnumHashBiMapGenerator;null;[TestBiMapGenerator<Country,String>];0;[];[];
;;guava;adce8999989d80c80fda3607dac324cbd47681c1;/home/luna/TG/java-projects/guava/guava-gwt/test-super/com/google/common/collect/super/com/google/common/collect/ImmutableListMultimapTest.java;33;485;ImmutableListMultimapTest;TestCase;[];0;[];[GwtCompatible];
;;guava;adce8999989d80c80fda3607dac324cbd47681c1;/home/luna/TG/java-projects/guava/guava-gwt/test-super/com/google/common/collect/super/com/google/common/collect/ImmutableListMultimapTest.java;40;49;ImmutableListMultimapGenerator;TestStringListMultimapGenerator;[];0;[];[];
;;guava;adce8999989d80c80fda3607dac324cbd47681c1;/home/luna/TG/java-projects/guava/guava-gwt/test-super/com/google/common/collect/super/com/google/common/collect/ImmutableListMultimapTest.java;72;74;StringHolder;null;[];0;[];[];
;;guava;adce8999989d80c80fda3607dac324cbd47681c1;/home/luna/TG/java-projects/guava/guava-gwt/test-super/com/google/common/collect/super/com/google/common/collect/OrderingTest.java;46;1101;OrderingTest;TestCase;[];0;[];[GwtCompatible];
;;guava;adce8999989d80c80fda3607dac324cbd47681c1;/home/luna/TG/java-projects/guava/guava-gwt/test-super/com/google/common/collect/super/com/google/common/collect/OrderingTest.java;806;817;NumberOrdering;Ordering<Number>;[];0;[];[];
;;guava;adce8999989d80c80fda3607dac324cbd47681c1;/home/luna/TG/java-projects/guava/guava-gwt/test-super/com/google/common/collect/super/com/google/common/collect/OrderingTest.java;888;958;Scenario;null;[];1;[[T]];[];
;;guava;adce8999989d80c80fda3607dac324cbd47681c1;/home/luna/TG/java-projects/guava/guava-gwt/test-super/com/google/common/collect/super/com/google/common/collect/OrderingTest.java;1063;1091;Composite;null;[Comparable<Composite<T>>];1;[[T]];[];
;;guava;adce8999989d80c80fda3607dac324cbd47681c1;/home/luna/TG/java-projects/guava/guava-gwt/test-super/com/google/common/collect/testing/super/com/google/common/collect/testing/testers/ListSubListTester.java;38;323;ListSubListTester;AbstractListTester<E>;[];1;[[E]];[SuppressWarnings, GwtCompatible];
;;guava;adce8999989d80c80fda3607dac324cbd47681c1;/home/luna/TG/java-projects/guava/guava-gwt/test-super/com/google/common/collect/testing/super/com/google/common/collect/testing/testers/ListSetTester.java;28;135;ListSetTester;AbstractListTester<E>;[];1;[[E]];[GwtCompatible];
;;guava;adce8999989d80c80fda3607dac324cbd47681c1;/home/luna/TG/java-projects/guava/guava-gwt/test-super/com/google/common/collect/testing/super/com/google/common/collect/testing/testers/CollectionToArrayTester.java;32;186;CollectionToArrayTester;AbstractCollectionTester<E>;[];1;[[E]];[GwtCompatible];
;;guava;adce8999989d80c80fda3607dac324cbd47681c1;/home/luna/TG/java-projects/guava/guava-gwt/test-super/com/google/common/collect/testing/super/com/google/common/collect/testing/testers/SetHashCodeTester.java;27;62;SetHashCodeTester;AbstractSetTester<E>;[];1;[[E]];[GwtCompatible];
;;guava;adce8999989d80c80fda3607dac324cbd47681c1;/home/luna/TG/java-projects/guava/guava-gwt/test-super/com/google/common/collect/testing/super/com/google/common/collect/testing/testers/SetAddTester.java;27;53;SetAddTester;AbstractSetTester<E>;[];1;[[E]];[GwtCompatible];
;;guava;adce8999989d80c80fda3607dac324cbd47681c1;/home/luna/TG/java-projects/guava/guava-gwt/test-super/com/google/common/collect/testing/super/com/google/common/collect/testing/testers/CollectionAddTester.java;33;109;CollectionAddTester;AbstractCollectionTester<E>;[];1;[[E]];[SuppressWarnings, GwtCompatible];
;;guava;adce8999989d80c80fda3607dac324cbd47681c1;/home/luna/TG/java-projects/guava/guava-gwt/test-super/com/google/common/collect/testing/super/com/google/common/collect/testing/testers/MapPutTester.java;35;240;MapPutTester;AbstractMapTester<K,V>;[];2;[[K, V], [K, V]];[SuppressWarnings, GwtCompatible];
;;guava;adce8999989d80c80fda3607dac324cbd47681c1;/home/luna/TG/java-projects/guava/guava-gwt/test-super/com/google/common/collect/testing/super/com/google/common/collect/testing/testers/CollectionCreationTester.java;27;57;CollectionCreationTester;AbstractCollectionTester<E>;[];1;[[E]];[GwtCompatible];
;;guava;adce8999989d80c80fda3607dac324cbd47681c1;/home/luna/TG/java-projects/guava/guava-gwt/test-super/com/google/common/collect/testing/super/com/google/common/collect/testing/testers/ListAddAtIndexTester.java;33;152;ListAddAtIndexTester;AbstractListTester<E>;[];1;[[E]];[SuppressWarnings, GwtCompatible];
;;guava;adce8999989d80c80fda3607dac324cbd47681c1;/home/luna/TG/java-projects/guava/guava-gwt/test-super/com/google/common/collect/testing/super/com/google/common/collect/testing/testers/ListListIteratorTester.java;38;108;ListListIteratorTester;AbstractListTester<E>;[];1;[[E]];[GwtCompatible];
;;guava;adce8999989d80c80fda3607dac324cbd47681c1;/home/luna/TG/java-projects/guava/guava-gwt/test-super/com/google/common/collect/testing/super/com/google/common/collect/testing/testers/CollectionIteratorTester.java;38;125;CollectionIteratorTester;AbstractCollectionTester<E>;[];1;[[E]];[GwtCompatible];
;;guava;adce8999989d80c80fda3607dac324cbd47681c1;/home/luna/TG/java-projects/guava/guava-gwt/test-super/com/google/common/collect/testing/super/com/google/common/collect/testing/testers/CollectionAddAllTester.java;36;164;CollectionAddAllTester;AbstractCollectionTester<E>;[];1;[[E]];[SuppressWarnings, GwtCompatible];
;;guava;adce8999989d80c80fda3607dac324cbd47681c1;/home/luna/TG/java-projects/guava/guava-gwt/test-super/com/google/common/collect/testing/super/com/google/common/collect/testing/testers/MapPutAllTester.java;40;198;MapPutAllTester;AbstractMapTester<K,V>;[];2;[[K, V], [K, V]];[SuppressWarnings, GwtCompatible];
;;guava;adce8999989d80c80fda3607dac324cbd47681c1;/home/luna/TG/java-projects/guava/guava-gwt/test-super/com/google/common/collect/testing/super/com/google/common/collect/testing/testers/MapCreationTester.java;34;143;MapCreationTester;AbstractMapTester<K,V>;[];2;[[K, V], [K, V]];[GwtCompatible];
;;guava;adce8999989d80c80fda3607dac324cbd47681c1;/home/luna/TG/java-projects/guava/guava-gwt/test-super/com/google/common/collect/testing/super/com/google/common/collect/testing/testers/ListAddTester.java;30;74;ListAddTester;AbstractListTester<E>;[];1;[[E]];[SuppressWarnings, GwtCompatible];
;;guava;adce8999989d80c80fda3607dac324cbd47681c1;/home/luna/TG/java-projects/guava/guava-gwt/test-super/com/google/common/collect/testing/super/com/google/common/collect/testing/testers/Platform.java;22;76;Platform;null;[];0;[];[GwtCompatible];
;;guava;adce8999989d80c80fda3607dac324cbd47681c1;/home/luna/TG/java-projects/guava/guava-gwt/test-super/com/google/common/collect/testing/super/com/google/common/collect/testing/testers/ListHashCodeTester.java;21;40;ListHashCodeTester;AbstractListTester<E>;[];1;[[E]];[GwtCompatible];
;;guava;adce8999989d80c80fda3607dac324cbd47681c1;/home/luna/TG/java-projects/guava/guava-gwt/test-super/com/google/common/collect/testing/super/com/google/common/collect/testing/GwtPlatform.java;22;38;GwtPlatform;null;[];0;[];[GwtScriptOnly];
;;guava;adce8999989d80c80fda3607dac324cbd47681c1;/home/luna/TG/java-projects/guava/guava-gwt/test-super/com/google/common/collect/testing/super/com/google/common/collect/testing/Helpers.java;43;403;Helpers;null;[];0;[];[GwtCompatible];
;;guava;adce8999989d80c80fda3607dac324cbd47681c1;/home/luna/TG/java-projects/guava/guava-gwt/test-super/com/google/common/collect/testing/super/com/google/common/collect/testing/Helpers.java;328;386;NullsBefore;null;[Comparator<String>, Serializable];0;[];[];
;;guava;adce8999989d80c80fda3607dac324cbd47681c1;/home/luna/TG/java-projects/guava/guava-gwt/test-super/com/google/common/collect/testing/super/com/google/common/collect/testing/Helpers.java;388;394;NullsBeforeB;NullsBefore;[];0;[];[];
;;guava;adce8999989d80c80fda3607dac324cbd47681c1;/home/luna/TG/java-projects/guava/guava-gwt/test-super/com/google/common/collect/testing/super/com/google/common/collect/testing/Helpers.java;396;402;NullsBeforeTwo;NullsBefore;[];0;[];[];
;;guava;adce8999989d80c80fda3607dac324cbd47681c1;/home/luna/TG/java-projects/guava/guava-gwt/test-super/com/google/common/collect/testing/super/com/google/common/collect/testing/Platform.java;21;70;Platform;null;[];0;[];[];
;;guava;adce8999989d80c80fda3607dac324cbd47681c1;/home/luna/TG/java-projects/guava/guava-gwt/test-super/com/google/common/collect/testing/google/super/com/google/common/collect/testing/google/BiMapInverseTester.java;28;65;BiMapInverseTester;AbstractBiMapTester<K,V>;[];2;[[K, V], [K, V]];[GwtCompatible];
;;guava;adce8999989d80c80fda3607dac324cbd47681c1;/home/luna/TG/java-projects/guava/guava-gwt/test-super/com/google/common/collect/testing/google/super/com/google/common/collect/testing/google/BiMapInverseTester.java;53;63;BiMapPair;null;[Serializable];2;[[K, V], [K, V]];[];
;;guava;adce8999989d80c80fda3607dac324cbd47681c1;/home/luna/TG/java-projects/guava/guava-gwt/test-super/com/google/common/collect/testing/google/super/com/google/common/collect/testing/google/MultisetIteratorTester.java;28;89;MultisetIteratorTester;AbstractMultisetTester<E>;[];1;[[E]];[GwtCompatible];
;;guava;adce8999989d80c80fda3607dac324cbd47681c1;/home/luna/TG/java-projects/guava/guava-gwt/test-super/com/google/common/collect/testing/google/super/com/google/common/collect/testing/google/MultisetReadsTester.java;30;140;MultisetReadsTester;AbstractMultisetTester<E>;[];1;[[E]];[GwtCompatible];
;;guava;adce8999989d80c80fda3607dac324cbd47681c1;/home/luna/TG/java-projects/guava/guava-gwt/test-super/com/google/common/collect/testing/google/super/com/google/common/collect/testing/google/MultisetRemoveTester.java;35;164;MultisetRemoveTester;AbstractMultisetTester<E>;[];1;[[E]];[GwtCompatible];
;;guava;adce8999989d80c80fda3607dac324cbd47681c1;/home/luna/TG/java-projects/guava/guava-gwt/test-super/com/google/common/collect/testing/google/super/com/google/common/collect/testing/google/AbstractMultisetSetCountTester.java;36;386;AbstractMultisetSetCountTester;AbstractMultisetTester<E>;[];1;[[E]];[GwtCompatible];
;;guava;adce8999989d80c80fda3607dac324cbd47681c1;/home/luna/TG/java-projects/guava/guava-gwt/test-super/com/google/common/collect/testing/google/super/com/google/common/collect/testing/google/MultisetCountTester.java;29;80;MultisetCountTester;AbstractMultisetTester<E>;[];1;[[E]];[GwtCompatible];
;;guava;adce8999989d80c80fda3607dac324cbd47681c1;/home/luna/TG/java-projects/guava/guava-gwt/test-super/com/google/common/collect/testing/google/super/com/google/common/collect/testing/google/BiMapRemoveTester.java;28;93;BiMapRemoveTester;AbstractBiMapTester<K,V>;[];2;[[K, V], [K, V]];[GwtCompatible];
;;guava;adce8999989d80c80fda3607dac324cbd47681c1;/home/luna/TG/java-projects/guava/guava-gwt/test-super/com/google/common/collect/testing/google/super/com/google/common/collect/testing/google/MultisetWritesTester.java;34;252;MultisetWritesTester;AbstractMultisetTester<E>;[];1;[[E]];[GwtCompatible];
;;guava;adce8999989d80c80fda3607dac324cbd47681c1;/home/luna/TG/java-projects/guava/guava-gwt/test-super/com/google/common/collect/testing/google/super/com/google/common/collect/testing/google/SetGenerators.java;54;348;SetGenerators;null;[];0;[];[GwtCompatible];
;;guava;adce8999989d80c80fda3607dac324cbd47681c1;/home/luna/TG/java-projects/guava/guava-gwt/test-super/com/google/common/collect/testing/google/super/com/google/common/collect/testing/google/SetGenerators.java;64;68;ImmutableSetCopyOfGenerator;TestStringSetGenerator;[];0;[];[];
;;guava;adce8999989d80c80fda3607dac324cbd47681c1;/home/luna/TG/java-projects/guava/guava-gwt/test-super/com/google/common/collect/testing/google/super/com/google/common/collect/testing/google/SetGenerators.java;70;80;ImmutableSetWithBadHashesGenerator;TestCollidingSetGenerator;[TestCollectionGenerator<Object>];0;[];[];
;;guava;adce8999989d80c80fda3607dac324cbd47681c1;/home/luna/TG/java-projects/guava/guava-gwt/test-super/com/google/common/collect/testing/google/super/com/google/common/collect/testing/google/SetGenerators.java;82;91;DegeneratedImmutableSetGenerator;TestStringSetGenerator;[];0;[];[];
;;guava;adce8999989d80c80fda3607dac324cbd47681c1;/home/luna/TG/java-projects/guava/guava-gwt/test-super/com/google/common/collect/testing/google/super/com/google/common/collect/testing/google/SetGenerators.java;93;98;ImmutableSortedSetCopyOfGenerator;TestStringSortedSetGenerator;[];0;[];[];
;;guava;adce8999989d80c80fda3607dac324cbd47681c1;/home/luna/TG/java-projects/guava/guava-gwt/test-super/com/google/common/collect/testing/google/super/com/google/common/collect/testing/google/SetGenerators.java;100;108;ImmutableSortedSetHeadsetGenerator;TestStringSortedSetGenerator;[];0;[];[];
;;guava;adce8999989d80c80fda3607dac324cbd47681c1;/home/luna/TG/java-projects/guava/guava-gwt/test-super/com/google/common/collect/testing/google/super/com/google/common/collect/testing/google/SetGenerators.java;110;118;ImmutableSortedSetTailsetGenerator;TestStringSortedSetGenerator;[];0;[];[];
;;guava;adce8999989d80c80fda3607dac324cbd47681c1;/home/luna/TG/java-projects/guava/guava-gwt/test-super/com/google/common/collect/testing/google/super/com/google/common/collect/testing/google/SetGenerators.java;120;129;ImmutableSortedSetSubsetGenerator;TestStringSortedSetGenerator;[];0;[];[];
;;guava;adce8999989d80c80fda3607dac324cbd47681c1;/home/luna/TG/java-projects/guava/guava-gwt/test-super/com/google/common/collect/testing/google/super/com/google/common/collect/testing/google/SetGenerators.java;131;147;ImmutableSortedSetExplicitComparator;TestStringSetGenerator;[];0;[];[];
;;guava;adce8999989d80c80fda3607dac324cbd47681c1;/home/luna/TG/java-projects/guava/guava-gwt/test-super/com/google/common/collect/testing/google/super/com/google/common/collect/testing/google/SetGenerators.java;149;165;ImmutableSortedSetExplicitSuperclassComparatorGenerator;TestStringSetGenerator;[];0;[];[];
;;guava;adce8999989d80c80fda3607dac324cbd47681c1;/home/luna/TG/java-projects/guava/guava-gwt/test-super/com/google/common/collect/testing/google/super/com/google/common/collect/testing/google/SetGenerators.java;167;180;ImmutableSortedSetReversedOrderGenerator;TestStringSetGenerator;[];0;[];[];
;;guava;adce8999989d80c80fda3607dac324cbd47681c1;/home/luna/TG/java-projects/guava/guava-gwt/test-super/com/google/common/collect/testing/google/super/com/google/common/collect/testing/google/SetGenerators.java;182;188;ImmutableSortedSetUnhashableGenerator;TestUnhashableSetGenerator;[];0;[];[];
;;guava;adce8999989d80c80fda3607dac324cbd47681c1;/home/luna/TG/java-projects/guava/guava-gwt/test-super/com/google/common/collect/testing/google/super/com/google/common/collect/testing/google/SetGenerators.java;190;195;ImmutableSetAsListGenerator;TestStringListGenerator;[];0;[];[];
;;guava;adce8999989d80c80fda3607dac324cbd47681c1;/home/luna/TG/java-projects/guava/guava-gwt/test-super/com/google/common/collect/testing/google/super/com/google/common/collect/testing/google/SetGenerators.java;197;205;ImmutableSortedSetAsListGenerator;TestStringListGenerator;[];0;[];[];
;;guava;adce8999989d80c80fda3607dac324cbd47681c1;/home/luna/TG/java-projects/guava/guava-gwt/test-super/com/google/common/collect/testing/google/super/com/google/common/collect/testing/google/SetGenerators.java;207;219;ImmutableSortedSetSubsetAsListGenerator;TestStringListGenerator;[];0;[];[];
;;guava;adce8999989d80c80fda3607dac324cbd47681c1;/home/luna/TG/java-projects/guava/guava-gwt/test-super/com/google/common/collect/testing/google/super/com/google/common/collect/testing/google/SetGenerators.java;221;232;ImmutableSortedSetAsListSubListGenerator;TestStringListGenerator;[];0;[];[];
;;guava;adce8999989d80c80fda3607dac324cbd47681c1;/home/luna/TG/java-projects/guava/guava-gwt/test-super/com/google/common/collect/testing/google/super/com/google/common/collect/testing/google/SetGenerators.java;234;249;ImmutableSortedSetSubsetAsListSubListGenerator;TestStringListGenerator;[];0;[];[];
;;guava;adce8999989d80c80fda3607dac324cbd47681c1;/home/luna/TG/java-projects/guava/guava-gwt/test-super/com/google/common/collect/testing/google/super/com/google/common/collect/testing/google/SetGenerators.java;251;254;TestUnhashableSetGenerator;TestUnhashableCollectionGenerator<Set<UnhashableObject>>;[TestSetGenerator<UnhashableObject>];0;[];[];
;;guava;adce8999989d80c80fda3607dac324cbd47681c1;/home/luna/TG/java-projects/guava/guava-gwt/test-super/com/google/common/collect/testing/google/super/com/google/common/collect/testing/google/SetGenerators.java;290;294;ContiguousSetGenerator;AbstractContiguousSetGenerator;[];0;[];[];
;;guava;adce8999989d80c80fda3607dac324cbd47681c1;/home/luna/TG/java-projects/guava/guava-gwt/test-super/com/google/common/collect/testing/google/super/com/google/common/collect/testing/google/SetGenerators.java;296;303;ContiguousSetHeadsetGenerator;AbstractContiguousSetGenerator;[];0;[];[];
;;guava;adce8999989d80c80fda3607dac324cbd47681c1;/home/luna/TG/java-projects/guava/guava-gwt/test-super/com/google/common/collect/testing/google/super/com/google/common/collect/testing/google/SetGenerators.java;305;312;ContiguousSetTailsetGenerator;AbstractContiguousSetGenerator;[];0;[];[];
;;guava;adce8999989d80c80fda3607dac324cbd47681c1;/home/luna/TG/java-projects/guava/guava-gwt/test-super/com/google/common/collect/testing/google/super/com/google/common/collect/testing/google/SetGenerators.java;314;330;ContiguousSetSubsetGenerator;AbstractContiguousSetGenerator;[];0;[];[];
;;guava;adce8999989d80c80fda3607dac324cbd47681c1;/home/luna/TG/java-projects/guava/guava-gwt/test-super/com/google/common/collect/testing/google/super/com/google/common/collect/testing/google/SetGenerators.java;332;347;AbstractContiguousSetGenerator;TestIntegerSortedSetGenerator;[];0;[];[];
;;guava;adce8999989d80c80fda3607dac324cbd47681c1;/home/luna/TG/java-projects/guava/guava-gwt/test-super/com/google/common/net/super/com/google/common/net/MediaTypeTest.java;42;351;MediaTypeTest;TestCase;[];0;[];[Beta, GwtCompatible];
;;guava;adce8999989d80c80fda3607dac324cbd47681c1;/home/luna/TG/java-projects/guava/guava-gwt/test-super/com/google/common/net/super/com/google/common/net/InternetDomainNameTest.java;29;380;InternetDomainNameTest;TestCase;[];0;[];[GwtCompatible];
;;guava;adce8999989d80c80fda3607dac324cbd47681c1;/home/luna/TG/java-projects/guava/guava-gwt/test-super/com/google/common/cache/super/com/google/common/cache/TestingCacheLoaders.java;27;167;TestingCacheLoaders;null;[];0;[];[GwtCompatible];
;;guava;adce8999989d80c80fda3607dac324cbd47681c1;/home/luna/TG/java-projects/guava/guava-gwt/test-super/com/google/common/cache/super/com/google/common/cache/TestingCacheLoaders.java;105;121;CountingLoader;CacheLoader<Object,Object>;[];0;[];[];
;;guava;adce8999989d80c80fda3607dac324cbd47681c1;/home/luna/TG/java-projects/guava/guava-gwt/test-super/com/google/common/cache/super/com/google/common/cache/TestingCacheLoaders.java;123;134;ConstantLoader;CacheLoader<K,V>;[];2;[[K, V], [K, V]];[];
;;guava;adce8999989d80c80fda3607dac324cbd47681c1;/home/luna/TG/java-projects/guava/guava-gwt/test-super/com/google/common/cache/super/com/google/common/cache/TestingCacheLoaders.java;136;159;IncrementingLoader;CacheLoader<Integer,Integer>;[];0;[];[];
;;guava;adce8999989d80c80fda3607dac324cbd47681c1;/home/luna/TG/java-projects/guava/guava-gwt/test-super/com/google/common/cache/super/com/google/common/cache/TestingCacheLoaders.java;161;166;IdentityLoader;CacheLoader<T,T>;[];1;[[T]];[];
;;guava;adce8999989d80c80fda3607dac324cbd47681c1;/home/luna/TG/java-projects/guava/guava-gwt/test-super/com/google/common/cache/super/com/google/common/cache/CacheBuilderTest.java;31;191;CacheBuilderTest;TestCase;[];0;[];[GwtCompatible];
;;guava;adce8999989d80c80fda3607dac324cbd47681c1;/home/luna/TG/java-projects/guava/guava-gwt/test-super/com/google/common/cache/super/com/google/common/cache/TestingRemovalListeners.java;21;81;TestingRemovalListeners;null;[];0;[];[GwtCompatible];
;;guava;adce8999989d80c80fda3607dac324cbd47681c1;/home/luna/TG/java-projects/guava/guava-gwt/test-super/com/google/common/cache/super/com/google/common/cache/TestingRemovalListeners.java;43;72;CountingRemovalListener;null;[RemovalListener<K,V>];2;[[K, V], [K, V]];[];
;;guava;adce8999989d80c80fda3607dac324cbd47681c1;/home/luna/TG/java-projects/guava/guava-gwt/test-super/com/google/common/cache/super/com/google/common/cache/TestingRemovalListeners.java;74;80;NullRemovalListener;null;[RemovalListener<K,V>];2;[[K, V], [K, V]];[];
;;guava;adce8999989d80c80fda3607dac324cbd47681c1;/home/luna/TG/java-projects/guava/guava-gwt/test-super/com/google/common/testing/super/com/google/common/testing/FakeTickerTest.java;26;91;FakeTickerTest;TestCase;[];0;[];[GwtCompatible];
;;guava;adce8999989d80c80fda3607dac324cbd47681c1;/home/luna/TG/java-projects/guava/guava-gwt/test-super/com/google/common/testing/super/com/google/common/testing/Platform.java;21;36;Platform;null;[];0;[];[];
;;guava;adce8999989d80c80fda3607dac324cbd47681c1;/home/luna/TG/java-projects/guava/guava-gwt/test/com/google/common/io/TestModuleEntryPoint.java;21;30;TestModuleEntryPoint;null;[EntryPoint];0;[];[];
;;guava;adce8999989d80c80fda3607dac324cbd47681c1;/home/luna/TG/java-projects/guava/guava-gwt/test/com/google/common/io/BaseEncodingTest_gwt.java;17;150;BaseEncodingTest_gwt;com.google.gwt.junit.client.GWTTestCase;[];0;[];[];
;;guava;adce8999989d80c80fda3607dac324cbd47681c1;/home/luna/TG/java-projects/guava/guava-gwt/test/com/google/common/xml/TestModuleEntryPoint.java;21;30;TestModuleEntryPoint;null;[EntryPoint];0;[];[];
;;guava;adce8999989d80c80fda3607dac324cbd47681c1;/home/luna/TG/java-projects/guava/guava-gwt/test/com/google/common/xml/XmlEscapersTest_gwt.java;17;30;XmlEscapersTest_gwt;com.google.gwt.junit.client.GWTTestCase;[];0;[];[];
;;guava;adce8999989d80c80fda3607dac324cbd47681c1;/home/luna/TG/java-projects/guava/guava-gwt/test/com/google/common/escape/TestModuleEntryPoint.java;21;30;TestModuleEntryPoint;null;[EntryPoint];0;[];[];
;;guava;adce8999989d80c80fda3607dac324cbd47681c1;/home/luna/TG/java-projects/guava/guava-gwt/test/com/google/common/escape/EscapersTest_gwt.java;17;50;EscapersTest_gwt;com.google.gwt.junit.client.GWTTestCase;[];0;[];[];
;;guava;adce8999989d80c80fda3607dac324cbd47681c1;/home/luna/TG/java-projects/guava/guava-gwt/test/com/google/common/escape/ArrayBasedCharEscaperTest_gwt.java;17;40;ArrayBasedCharEscaperTest_gwt;com.google.gwt.junit.client.GWTTestCase;[];0;[];[];
;;guava;adce8999989d80c80fda3607dac324cbd47681c1;/home/luna/TG/java-projects/guava/guava-gwt/test/com/google/common/escape/UnicodeEscaperTest_gwt.java;17;65;UnicodeEscaperTest_gwt;com.google.gwt.junit.client.GWTTestCase;[];0;[];[];
;;guava;adce8999989d80c80fda3607dac324cbd47681c1;/home/luna/TG/java-projects/guava/guava-gwt/test/com/google/common/escape/ArrayBasedUnicodeEscaperTest_gwt.java;17;45;ArrayBasedUnicodeEscaperTest_gwt;com.google.gwt.junit.client.GWTTestCase;[];0;[];[];
;;guava;adce8999989d80c80fda3607dac324cbd47681c1;/home/luna/TG/java-projects/guava/guava-gwt/test/com/google/common/escape/ArrayBasedEscaperMapTest_gwt.java;17;40;ArrayBasedEscaperMapTest_gwt;com.google.gwt.junit.client.GWTTestCase;[];0;[];[];
;;guava;adce8999989d80c80fda3607dac324cbd47681c1;/home/luna/TG/java-projects/guava/guava-gwt/test/com/google/common/GuavaTestsEntryPoint.java;21;29;GuavaTestsEntryPoint;null;[EntryPoint];0;[];[];
;;guava;adce8999989d80c80fda3607dac324cbd47681c1;/home/luna/TG/java-projects/guava/guava-gwt/test/com/google/common/primitives/TestModuleEntryPoint.java;21;30;TestModuleEntryPoint;null;[EntryPoint];0;[];[];
;;guava;adce8999989d80c80fda3607dac324cbd47681c1;/home/luna/TG/java-projects/guava/guava-gwt/test/com/google/common/primitives/UnsignedIntsTest_gwt.java;17;110;UnsignedIntsTest_gwt;com.google.gwt.junit.client.GWTTestCase;[];0;[];[];
;;guava;adce8999989d80c80fda3607dac324cbd47681c1;/home/luna/TG/java-projects/guava/guava-gwt/test/com/google/common/primitives/BytesTest_gwt.java;17;100;BytesTest_gwt;com.google.gwt.junit.client.GWTTestCase;[];0;[];[];
;;guava;adce8999989d80c80fda3607dac324cbd47681c1;/home/luna/TG/java-projects/guava/guava-gwt/test/com/google/common/primitives/DoublesTest_gwt.java;17;155;DoublesTest_gwt;com.google.gwt.junit.client.GWTTestCase;[];0;[];[];
;;guava;adce8999989d80c80fda3607dac324cbd47681c1;/home/luna/TG/java-projects/guava/guava-gwt/test/com/google/common/primitives/IntsTest_gwt.java;17;215;IntsTest_gwt;com.google.gwt.junit.client.GWTTestCase;[];0;[];[];
;;guava;adce8999989d80c80fda3607dac324cbd47681c1;/home/luna/TG/java-projects/guava/guava-gwt/test/com/google/common/primitives/UnsignedLongTest_gwt.java;17;105;UnsignedLongTest_gwt;com.google.gwt.junit.client.GWTTestCase;[];0;[];[];
;;guava;adce8999989d80c80fda3607dac324cbd47681c1;/home/luna/TG/java-projects/guava/guava-gwt/test/com/google/common/primitives/CharsTest_gwt.java;17;140;CharsTest_gwt;com.google.gwt.junit.client.GWTTestCase;[];0;[];[];
;;guava;adce8999989d80c80fda3607dac324cbd47681c1;/home/luna/TG/java-projects/guava/guava-gwt/test/com/google/common/primitives/UnsignedLongsTest_gwt.java;17;105;UnsignedLongsTest_gwt;com.google.gwt.junit.client.GWTTestCase;[];0;[];[];
;;guava;adce8999989d80c80fda3607dac324cbd47681c1;/home/luna/TG/java-projects/guava/guava-gwt/test/com/google/common/primitives/ShortsTest_gwt.java;17;165;ShortsTest_gwt;com.google.gwt.junit.client.GWTTestCase;[];0;[];[];
;;guava;adce8999989d80c80fda3607dac324cbd47681c1;/home/luna/TG/java-projects/guava/guava-gwt/test/com/google/common/primitives/FloatsTest_gwt.java;17;145;FloatsTest_gwt;com.google.gwt.junit.client.GWTTestCase;[];0;[];[];
;;guava;adce8999989d80c80fda3607dac324cbd47681c1;/home/luna/TG/java-projects/guava/guava-gwt/test/com/google/common/primitives/LongsTest_gwt.java;17;200;LongsTest_gwt;com.google.gwt.junit.client.GWTTestCase;[];0;[];[];
;;guava;adce8999989d80c80fda3607dac324cbd47681c1;/home/luna/TG/java-projects/guava/guava-gwt/test/com/google/common/primitives/SignedBytesTest_gwt.java;17;65;SignedBytesTest_gwt;com.google.gwt.junit.client.GWTTestCase;[];0;[];[];
;;guava;adce8999989d80c80fda3607dac324cbd47681c1;/home/luna/TG/java-projects/guava/guava-gwt/test/com/google/common/primitives/BooleansTest_gwt.java;17;150;BooleansTest_gwt;com.google.gwt.junit.client.GWTTestCase;[];0;[];[];
;;guava;adce8999989d80c80fda3607dac324cbd47681c1;/home/luna/TG/java-projects/guava/guava-gwt/test/com/google/common/math/LongMathTest_gwt.java;17;105;LongMathTest_gwt;com.google.gwt.junit.client.GWTTestCase;[];0;[];[];
;;guava;adce8999989d80c80fda3607dac324cbd47681c1;/home/luna/TG/java-projects/guava/guava-gwt/test/com/google/common/math/TestModuleEntryPoint.java;21;30;TestModuleEntryPoint;null;[EntryPoint];0;[];[];
;;guava;adce8999989d80c80fda3607dac324cbd47681c1;/home/luna/TG/java-projects/guava/guava-gwt/test/com/google/common/math/BigIntegerMathTest_gwt.java;17;120;BigIntegerMathTest_gwt;com.google.gwt.junit.client.GWTTestCase;[];0;[];[];
;;guava;adce8999989d80c80fda3607dac324cbd47681c1;/home/luna/TG/java-projects/guava/guava-gwt/test/com/google/common/math/IntMathTest_gwt.java;17;165;IntMathTest_gwt;com.google.gwt.junit.client.GWTTestCase;[];0;[];[];
;;guava;adce8999989d80c80fda3607dac324cbd47681c1;/home/luna/TG/java-projects/guava/guava-gwt/test/com/google/common/base/StringsTest_gwt.java;17;100;StringsTest_gwt;com.google.gwt.junit.client.GWTTestCase;[];0;[];[];
;;guava;adce8999989d80c80fda3607dac324cbd47681c1;/home/luna/TG/java-projects/guava/guava-gwt/test/com/google/common/base/TestModuleEntryPoint.java;21;30;TestModuleEntryPoint;null;[EntryPoint];0;[];[];
;;guava;adce8999989d80c80fda3607dac324cbd47681c1;/home/luna/TG/java-projects/guava/guava-gwt/test/com/google/common/base/CharMatcherTest_gwt.java;17;95;CharMatcherTest_gwt;com.google.gwt.junit.client.GWTTestCase;[];0;[];[];
;;guava;adce8999989d80c80fda3607dac324cbd47681c1;/home/luna/TG/java-projects/guava/guava-gwt/test/com/google/common/base/FunctionsTest_gwt.java;17;90;FunctionsTest_gwt;com.google.gwt.junit.client.GWTTestCase;[];0;[];[];
;;guava;adce8999989d80c80fda3607dac324cbd47681c1;/home/luna/TG/java-projects/guava/guava-gwt/test/com/google/common/base/ConverterTest_gwt.java;17;90;ConverterTest_gwt;com.google.gwt.junit.client.GWTTestCase;[];0;[];[];
;;guava;adce8999989d80c80fda3607dac324cbd47681c1;/home/luna/TG/java-projects/guava/guava-gwt/test/com/google/common/base/ObjectsTest_gwt.java;17;30;ObjectsTest_gwt;com.google.gwt.junit.client.GWTTestCase;[];0;[];[];
;;guava;adce8999989d80c80fda3607dac324cbd47681c1;/home/luna/TG/java-projects/guava/guava-gwt/test/com/google/common/base/PreconditionsTest_gwt.java;17;210;PreconditionsTest_gwt;com.google.gwt.junit.client.GWTTestCase;[];0;[];[];
;;guava;adce8999989d80c80fda3607dac324cbd47681c1;/home/luna/TG/java-projects/guava/guava-gwt/test/com/google/common/base/JoinerTest_gwt.java;17;70;JoinerTest_gwt;com.google.gwt.junit.client.GWTTestCase;[];0;[];[];
;;guava;adce8999989d80c80fda3607dac324cbd47681c1;/home/luna/TG/java-projects/guava/guava-gwt/test/com/google/common/base/ToStringHelperTest_gwt.java;17;100;ToStringHelperTest_gwt;com.google.gwt.junit.client.GWTTestCase;[];0;[];[];
;;guava;adce8999989d80c80fda3607dac324cbd47681c1;/home/luna/TG/java-projects/guava/guava-gwt/test/com/google/common/base/AbstractIteratorTest_gwt.java;17;50;AbstractIteratorTest_gwt;com.google.gwt.junit.client.GWTTestCase;[];0;[];[];
;;guava;adce8999989d80c80fda3607dac324cbd47681c1;/home/luna/TG/java-projects/guava/guava-gwt/test/com/google/common/base/EquivalenceTest_gwt.java;17;70;EquivalenceTest_gwt;com.google.gwt.junit.client.GWTTestCase;[];0;[];[];
;;guava;adce8999989d80c80fda3607dac324cbd47681c1;/home/luna/TG/java-projects/guava/guava-gwt/test/com/google/common/base/Utf8Test_gwt.java;17;50;Utf8Test_gwt;com.google.gwt.junit.client.GWTTestCase;[];0;[];[];
;;guava;adce8999989d80c80fda3607dac324cbd47681c1;/home/luna/TG/java-projects/guava/guava-gwt/test/com/google/common/base/PredicatesTest_gwt.java;17;260;PredicatesTest_gwt;com.google.gwt.junit.client.GWTTestCase;[];0;[];[];
;;guava;adce8999989d80c80fda3607dac324cbd47681c1;/home/luna/TG/java-projects/guava/guava-gwt/test/com/google/common/base/OptionalTest_gwt.java;17;235;OptionalTest_gwt;com.google.gwt.junit.client.GWTTestCase;[];0;[];[];
;;guava;adce8999989d80c80fda3607dac324cbd47681c1;/home/luna/TG/java-projects/guava/guava-gwt/test/com/google/common/base/CharsetsTest_gwt.java;17;25;CharsetsTest_gwt;com.google.gwt.junit.client.GWTTestCase;[];0;[];[];
;;guava;adce8999989d80c80fda3607dac324cbd47681c1;/home/luna/TG/java-projects/guava/guava-gwt/test/com/google/common/base/EnumsTest_gwt.java;17;60;EnumsTest_gwt;com.google.gwt.junit.client.GWTTestCase;[];0;[];[];
;;guava;adce8999989d80c80fda3607dac324cbd47681c1;/home/luna/TG/java-projects/guava/guava-gwt/test/com/google/common/base/ThrowablesTest_gwt.java;17;65;ThrowablesTest_gwt;com.google.gwt.junit.client.GWTTestCase;[];0;[];[];
;;guava;adce8999989d80c80fda3607dac324cbd47681c1;/home/luna/TG/java-projects/guava/guava-gwt/test/com/google/common/base/AsciiTest_gwt.java;17;60;AsciiTest_gwt;com.google.gwt.junit.client.GWTTestCase;[];0;[];[];
;;guava;adce8999989d80c80fda3607dac324cbd47681c1;/home/luna/TG/java-projects/guava/guava-gwt/test/com/google/common/base/StopwatchTest_gwt.java;17;100;StopwatchTest_gwt;com.google.gwt.junit.client.GWTTestCase;[];0;[];[];
;;guava;adce8999989d80c80fda3607dac324cbd47681c1;/home/luna/TG/java-projects/guava/guava-gwt/test/com/google/common/base/CaseFormatTest_gwt.java;17;175;CaseFormatTest_gwt;com.google.gwt.junit.client.GWTTestCase;[];0;[];[];
;;guava;adce8999989d80c80fda3607dac324cbd47681c1;/home/luna/TG/java-projects/guava/guava-gwt/test/com/google/common/base/SplitterTest_gwt.java;17;400;SplitterTest_gwt;com.google.gwt.junit.client.GWTTestCase;[];0;[];[];
;;guava;adce8999989d80c80fda3607dac324cbd47681c1;/home/luna/TG/java-projects/guava/guava-gwt/test/com/google/common/base/SuppliersTest_gwt.java;17;70;SuppliersTest_gwt;com.google.gwt.junit.client.GWTTestCase;[];0;[];[];
;;guava;adce8999989d80c80fda3607dac324cbd47681c1;/home/luna/TG/java-projects/guava/guava-gwt/test/com/google/common/base/VerifyTest_gwt.java;17;70;VerifyTest_gwt;com.google.gwt.junit.client.GWTTestCase;[];0;[];[];
;;guava;adce8999989d80c80fda3607dac324cbd47681c1;/home/luna/TG/java-projects/guava/guava-gwt/test/com/google/common/util/concurrent/TestModuleEntryPoint.java;21;30;TestModuleEntryPoint;null;[EntryPoint];0;[];[];
;;guava;adce8999989d80c80fda3607dac324cbd47681c1;/home/luna/TG/java-projects/guava/guava-gwt/test/com/google/common/util/concurrent/FuturesTest_gwt.java;17;2909;FuturesTest_gwt;com.google.gwt.junit.client.GWTTestCase;[];0;[];[];
;;guava;adce8999989d80c80fda3607dac324cbd47681c1;/home/luna/TG/java-projects/guava/guava-gwt/test/com/google/common/util/concurrent/FutureCallbackTest_gwt.java;17;55;FutureCallbackTest_gwt;com.google.gwt.junit.client.GWTTestCase;[];0;[];[];
;;guava;adce8999989d80c80fda3607dac324cbd47681c1;/home/luna/TG/java-projects/guava/guava-gwt/test/com/google/common/util/concurrent/RunnablesTest_gwt.java;17;25;RunnablesTest_gwt;com.google.gwt.junit.client.GWTTestCase;[];0;[];[];
;;guava;adce8999989d80c80fda3607dac324cbd47681c1;/home/luna/TG/java-projects/guava/guava-gwt/test/com/google/common/util/concurrent/FuturesGetDoneTest_gwt.java;17;45;FuturesGetDoneTest_gwt;com.google.gwt.junit.client.GWTTestCase;[];0;[];[];
;;guava;adce8999989d80c80fda3607dac324cbd47681c1;/home/luna/TG/java-projects/guava/guava-gwt/test/com/google/common/util/concurrent/TrustedListenableFutureTaskTest_gwt.java;17;35;TrustedListenableFutureTaskTest_gwt;com.google.gwt.junit.client.GWTTestCase;[];0;[];[];
;;guava;adce8999989d80c80fda3607dac324cbd47681c1;/home/luna/TG/java-projects/guava/guava-gwt/test/com/google/common/util/concurrent/TrustedInputFutureTest_gwt.java;17;212;TrustedInputFutureTest_gwt;com.google.gwt.junit.client.GWTTestCase;[];0;[];[];
;;guava;adce8999989d80c80fda3607dac324cbd47681c1;/home/luna/TG/java-projects/guava/guava-gwt/test/com/google/common/util/concurrent/AtomicLongMapTest_gwt.java;17;170;AtomicLongMapTest_gwt;com.google.gwt.junit.client.GWTTestCase;[];0;[];[];
;;guava;adce8999989d80c80fda3607dac324cbd47681c1;/home/luna/TG/java-projects/guava/guava-gwt/test/com/google/common/util/concurrent/CallablesTest_gwt.java;17;25;CallablesTest_gwt;com.google.gwt.junit.client.GWTTestCase;[];0;[];[];
;;guava;adce8999989d80c80fda3607dac324cbd47681c1;/home/luna/TG/java-projects/guava/guava-gwt/test/com/google/common/util/concurrent/UntrustedInputFutureTest_gwt.java;17;212;UntrustedInputFutureTest_gwt;com.google.gwt.junit.client.GWTTestCase;[];0;[];[];
;;guava;adce8999989d80c80fda3607dac324cbd47681c1;/home/luna/TG/java-projects/guava/guava-gwt/test/com/google/common/GwtTestSuite.java;29;48;GwtTestSuite;TestCase;[];0;[];[];
;;guava;adce8999989d80c80fda3607dac324cbd47681c1;/home/luna/TG/java-projects/guava/guava-gwt/test/com/google/common/collect/MoreCollectorsTest_gwt.java;17;70;MoreCollectorsTest_gwt;com.google.gwt.junit.client.GWTTestCase;[];0;[];[];
;;guava;adce8999989d80c80fda3607dac324cbd47681c1;/home/luna/TG/java-projects/guava/guava-gwt/test/com/google/common/collect/SingletonImmutableTableTest_gwt.java;17;140;SingletonImmutableTableTest_gwt;com.google.gwt.junit.client.GWTTestCase;[];0;[];[];
;;guava;adce8999989d80c80fda3607dac324cbd47681c1;/home/luna/TG/java-projects/guava/guava-gwt/test/com/google/common/collect/EvictingQueueTest_gwt.java;17;70;EvictingQueueTest_gwt;com.google.gwt.junit.client.GWTTestCase;[];0;[];[];
;;guava;adce8999989d80c80fda3607dac324cbd47681c1;/home/luna/TG/java-projects/guava/guava-gwt/test/com/google/common/collect/ImmutableListTest_gwt.java;17;290;ImmutableListTest_gwt;com.google.gwt.junit.client.GWTTestCase;[];0;[];[];
;;guava;adce8999989d80c80fda3607dac324cbd47681c1;/home/luna/TG/java-projects/guava/guava-gwt/test/com/google/common/collect/HashMultimapTest_gwt.java;17;45;HashMultimapTest_gwt;com.google.gwt.junit.client.GWTTestCase;[];0;[];[];
;;guava;adce8999989d80c80fda3607dac324cbd47681c1;/home/luna/TG/java-projects/guava/guava-gwt/test/com/google/common/collect/ForwardingSortedMapImplementsMapTest_gwt.java;17;315;ForwardingSortedMapImplementsMapTest_gwt;com.google.gwt.junit.client.GWTTestCase;[];0;[];[];
;;guava;adce8999989d80c80fda3607dac324cbd47681c1;/home/luna/TG/java-projects/guava/guava-gwt/test/com/google/common/collect/ImmutableSortedMapTest_gwt.java;17;2310;ImmutableSortedMapTest_gwt;com.google.gwt.junit.client.GWTTestCase;[];0;[];[];
;;guava;adce8999989d80c80fda3607dac324cbd47681c1;/home/luna/TG/java-projects/guava/guava-gwt/test/com/google/common/collect/EmptyImmutableTableTest_gwt.java;17;140;EmptyImmutableTableTest_gwt;com.google.gwt.junit.client.GWTTestCase;[];0;[];[];
;;guava;adce8999989d80c80fda3607dac324cbd47681c1;/home/luna/TG/java-projects/guava/guava-gwt/test/com/google/common/collect/EnumBiMapTest_gwt.java;17;70;EnumBiMapTest_gwt;com.google.gwt.junit.client.GWTTestCase;[];0;[];[];
;;guava;adce8999989d80c80fda3607dac324cbd47681c1;/home/luna/TG/java-projects/guava/guava-gwt/test/com/google/common/collect/PeekingIteratorTest_gwt.java;17;50;PeekingIteratorTest_gwt;com.google.gwt.junit.client.GWTTestCase;[];0;[];[];
;;guava;adce8999989d80c80fda3607dac324cbd47681c1;/home/luna/TG/java-projects/guava/guava-gwt/test/com/google/common/collect/Collections2Test_gwt.java;17;110;Collections2Test_gwt;com.google.gwt.junit.client.GWTTestCase;[];0;[];[];
;;guava;adce8999989d80c80fda3607dac324cbd47681c1;/home/luna/TG/java-projects/guava/guava-gwt/test/com/google/common/collect/ComparisonChainTest_gwt.java;17;70;ComparisonChainTest_gwt;com.google.gwt.junit.client.GWTTestCase;[];0;[];[];
;;guava;adce8999989d80c80fda3607dac324cbd47681c1;/home/luna/TG/java-projects/guava/guava-gwt/test/com/google/common/collect/EnumMultisetTest_gwt.java;17;55;EnumMultisetTest_gwt;com.google.gwt.junit.client.GWTTestCase;[];0;[];[];
;;guava;adce8999989d80c80fda3607dac324cbd47681c1;/home/luna/TG/java-projects/guava/guava-gwt/test/com/google/common/collect/TestModuleEntryPoint.java;21;30;TestModuleEntryPoint;null;[EntryPoint];0;[];[];
;;guava;adce8999989d80c80fda3607dac324cbd47681c1;/home/luna/TG/java-projects/guava/guava-gwt/test/com/google/common/collect/ImmutableSetTest_gwt.java;17;255;ImmutableSetTest_gwt;com.google.gwt.junit.client.GWTTestCase;[];0;[];[];
;;guava;adce8999989d80c80fda3607dac324cbd47681c1;/home/luna/TG/java-projects/guava/guava-gwt/test/com/google/common/collect/TableCollectionTest_gwt.java;17;7020;TableCollectionTest_gwt;com.google.gwt.junit.client.GWTTestCase;[];0;[];[];
;;guava;adce8999989d80c80fda3607dac324cbd47681c1;/home/luna/TG/java-projects/guava/guava-gwt/test/com/google/common/collect/ImmutableMultimapTest_gwt.java;17;55;ImmutableMultimapTest_gwt;com.google.gwt.junit.client.GWTTestCase;[];0;[];[];
;;guava;adce8999989d80c80fda3607dac324cbd47681c1;/home/luna/TG/java-projects/guava/guava-gwt/test/com/google/common/collect/TablesTest_gwt.java;17;60;TablesTest_gwt;com.google.gwt.junit.client.GWTTestCase;[];0;[];[];
;;guava;adce8999989d80c80fda3607dac324cbd47681c1;/home/luna/TG/java-projects/guava/guava-gwt/test/com/google/common/collect/MultimapsTest_gwt.java;17;185;MultimapsTest_gwt;com.google.gwt.junit.client.GWTTestCase;[];0;[];[];
;;guava;adce8999989d80c80fda3607dac324cbd47681c1;/home/luna/TG/java-projects/guava/guava-gwt/test/com/google/common/collect/ArrayTableTest_gwt.java;17;308;ArrayTableTest_gwt;com.google.gwt.junit.client.GWTTestCase;[];0;[];[];
;;guava;adce8999989d80c80fda3607dac324cbd47681c1;/home/luna/TG/java-projects/guava/guava-gwt/test/com/google/common/collect/ForMapMultimapAsMapImplementsMapTest_gwt.java;17;300;ForMapMultimapAsMapImplementsMapTest_gwt;com.google.gwt.junit.client.GWTTestCase;[];0;[];[];
;;guava;adce8999989d80c80fda3607dac324cbd47681c1;/home/luna/TG/java-projects/guava/guava-gwt/test/com/google/common/collect/NewCustomTableTest_gwt.java;17;164;NewCustomTableTest_gwt;com.google.gwt.junit.client.GWTTestCase;[];0;[];[];
;;guava;adce8999989d80c80fda3607dac324cbd47681c1;/home/luna/TG/java-projects/guava/guava-gwt/test/com/google/common/collect/EnumHashBiMapTest_gwt.java;17;50;EnumHashBiMapTest_gwt;com.google.gwt.junit.client.GWTTestCase;[];0;[];[];
;;guava;adce8999989d80c80fda3607dac324cbd47681c1;/home/luna/TG/java-projects/guava/guava-gwt/test/com/google/common/collect/ImmutableEnumMapTest_gwt.java;17;30;ImmutableEnumMapTest_gwt;com.google.gwt.junit.client.GWTTestCase;[];0;[];[];
;;guava;adce8999989d80c80fda3607dac324cbd47681c1;/home/luna/TG/java-projects/guava/guava-gwt/test/com/google/common/collect/IterablesTest_gwt.java;17;610;IterablesTest_gwt;com.google.gwt.junit.client.GWTTestCase;[];0;[];[];
;;guava;adce8999989d80c80fda3607dac324cbd47681c1;/home/luna/TG/java-projects/guava/guava-gwt/test/com/google/common/collect/TransposedTableTest_gwt.java;17;176;TransposedTableTest_gwt;com.google.gwt.junit.client.GWTTestCase;[];0;[];[];
;;guava;adce8999989d80c80fda3607dac324cbd47681c1;/home/luna/TG/java-projects/guava/guava-gwt/test/com/google/common/collect/ConstrainedMapTest_gwt.java;17;35;ConstrainedMapTest_gwt;com.google.gwt.junit.client.GWTTestCase;[];0;[];[];
;;guava;adce8999989d80c80fda3607dac324cbd47681c1;/home/luna/TG/java-projects/guava/guava-gwt/test/com/google/common/collect/ImmutableMapTest_gwt.java;17;1045;ImmutableMapTest_gwt;com.google.gwt.junit.client.GWTTestCase;[];0;[];[];
;;guava;adce8999989d80c80fda3607dac324cbd47681c1;/home/luna/TG/java-projects/guava/guava-gwt/test/com/google/common/collect/HashMultisetTest_gwt.java;17;35;HashMultisetTest_gwt;com.google.gwt.junit.client.GWTTestCase;[];0;[];[];
;;guava;adce8999989d80c80fda3607dac324cbd47681c1;/home/luna/TG/java-projects/guava/guava-gwt/test/com/google/common/collect/ArrayListMultimapTest_gwt.java;17;75;ArrayListMultimapTest_gwt;com.google.gwt.junit.client.GWTTestCase;[];0;[];[];
;;guava;adce8999989d80c80fda3607dac324cbd47681c1;/home/luna/TG/java-projects/guava/guava-gwt/test/com/google/common/collect/SubMapMultimapAsMapImplementsMapTest_gwt.java;17;300;SubMapMultimapAsMapImplementsMapTest_gwt;com.google.gwt.junit.client.GWTTestCase;[];0;[];[];
;;guava;adce8999989d80c80fda3607dac324cbd47681c1;/home/luna/TG/java-projects/guava/guava-gwt/test/com/google/common/collect/SimpleAbstractMultisetTest_gwt.java;17;30;SimpleAbstractMultisetTest_gwt;com.google.gwt.junit.client.GWTTestCase;[];0;[];[];
;;guava;adce8999989d80c80fda3607dac324cbd47681c1;/home/luna/TG/java-projects/guava/guava-gwt/test/com/google/common/collect/ListsTest_gwt.java;17;260;ListsTest_gwt;com.google.gwt.junit.client.GWTTestCase;[];0;[];[];
;;guava;adce8999989d80c80fda3607dac324cbd47681c1;/home/luna/TG/java-projects/guava/guava-gwt/test/com/google/common/collect/AbstractIteratorTest_gwt.java;17;60;AbstractIteratorTest_gwt;com.google.gwt.junit.client.GWTTestCase;[];0;[];[];
;;guava;adce8999989d80c80fda3607dac324cbd47681c1;/home/luna/TG/java-projects/guava/guava-gwt/test/com/google/common/collect/MapsTransformValuesUnmodifiableIteratorTest_gwt.java;17;350;MapsTransformValuesUnmodifiableIteratorTest_gwt;com.google.gwt.junit.client.GWTTestCase;[];0;[];[];
;;guava;adce8999989d80c80fda3607dac324cbd47681c1;/home/luna/TG/java-projects/guava/guava-gwt/test/com/google/common/collect/SortedIterablesTest_gwt.java;17;30;SortedIterablesTest_gwt;com.google.gwt.junit.client.GWTTestCase;[];0;[];[];
;;guava;adce8999989d80c80fda3607dac324cbd47681c1;/home/luna/TG/java-projects/guava/guava-gwt/test/com/google/common/collect/ConstrainedMultimapAsMapImplementsMapTest_gwt.java;17;300;ConstrainedMultimapAsMapImplementsMapTest_gwt;com.google.gwt.junit.client.GWTTestCase;[];0;[];[];
;;guava;adce8999989d80c80fda3607dac324cbd47681c1;/home/luna/TG/java-projects/guava/guava-gwt/test/com/google/common/collect/ImmutableMultisetTest_gwt.java;17;255;ImmutableMultisetTest_gwt;com.google.gwt.junit.client.GWTTestCase;[];0;[];[];
;;guava;adce8999989d80c80fda3607dac324cbd47681c1;/home/luna/TG/java-projects/guava/guava-gwt/test/com/google/common/collect/MultimapsTransformValuesAsMapTest_gwt.java;17;300;MultimapsTransformValuesAsMapTest_gwt;com.google.gwt.junit.client.GWTTestCase;[];0;[];[];
;;guava;adce8999989d80c80fda3607dac324cbd47681c1;/home/luna/TG/java-projects/guava/guava-gwt/test/com/google/common/collect/ImmutableSetMultimapAsMapImplementsMapTest_gwt.java;17;300;ImmutableSetMultimapAsMapImplementsMapTest_gwt;com.google.gwt.junit.client.GWTTestCase;[];0;[];[];
;;guava;adce8999989d80c80fda3607dac324cbd47681c1;/home/luna/TG/java-projects/guava/guava-gwt/test/com/google/common/collect/TreeMultimapNaturalTest_gwt.java;17;85;TreeMultimapNaturalTest_gwt;com.google.gwt.junit.client.GWTTestCase;[];0;[];[];
;;guava;adce8999989d80c80fda3607dac324cbd47681c1;/home/luna/TG/java-projects/guava/guava-gwt/test/com/google/common/collect/AbstractMapEntryTest_gwt.java;17;50;AbstractMapEntryTest_gwt;com.google.gwt.junit.client.GWTTestCase;[];0;[];[];
;;guava;adce8999989d80c80fda3607dac324cbd47681c1;/home/luna/TG/java-projects/guava/guava-gwt/test/com/google/common/collect/MultisetsTest_gwt.java;17;170;MultisetsTest_gwt;com.google.gwt.junit.client.GWTTestCase;[];0;[];[];
;;guava;adce8999989d80c80fda3607dac324cbd47681c1;/home/luna/TG/java-projects/guava/guava-gwt/test/com/google/common/collect/ImmutableSetMultimapTest_gwt.java;17;175;ImmutableSetMultimapTest_gwt;com.google.gwt.junit.client.GWTTestCase;[];0;[];[];
;;guava;adce8999989d80c80fda3607dac324cbd47681c1;/home/luna/TG/java-projects/guava/guava-gwt/test/com/google/common/collect/MinMaxPriorityQueueTest_gwt.java;17;240;MinMaxPriorityQueueTest_gwt;com.google.gwt.junit.client.GWTTestCase;[];0;[];[];
;;guava;adce8999989d80c80fda3607dac324cbd47681c1;/home/luna/TG/java-projects/guava/guava-gwt/test/com/google/common/collect/MapMakerTest_gwt.java;17;30;MapMakerTest_gwt;com.google.gwt.junit.client.GWTTestCase;[];0;[];[];
;;guava;adce8999989d80c80fda3607dac324cbd47681c1;/home/luna/TG/java-projects/guava/guava-gwt/test/com/google/common/collect/HashBasedTableTest_gwt.java;17;176;HashBasedTableTest_gwt;com.google.gwt.junit.client.GWTTestCase;[];0;[];[];
;;guava;adce8999989d80c80fda3607dac324cbd47681c1;/home/luna/TG/java-projects/guava/guava-gwt/test/com/google/common/collect/TreeTraverserTest_gwt.java;17;45;TreeTraverserTest_gwt;com.google.gwt.junit.client.GWTTestCase;[];0;[];[];
;;guava;adce8999989d80c80fda3607dac324cbd47681c1;/home/luna/TG/java-projects/guava/guava-gwt/test/com/google/common/collect/ImmutableListMultimapTest_gwt.java;17;175;ImmutableListMultimapTest_gwt;com.google.gwt.junit.client.GWTTestCase;[];0;[];[];
;;guava;adce8999989d80c80fda3607dac324cbd47681c1;/home/luna/TG/java-projects/guava/guava-gwt/test/com/google/common/collect/MapsTransformValuesTest_gwt.java;17;350;MapsTransformValuesTest_gwt;com.google.gwt.junit.client.GWTTestCase;[];0;[];[];
;;guava;adce8999989d80c80fda3607dac324cbd47681c1;/home/luna/TG/java-projects/guava/guava-gwt/test/com/google/common/collect/ConstrainedSetMultimapTest_gwt.java;17;668;ConstrainedSetMultimapTest_gwt;com.google.gwt.junit.client.GWTTestCase;[];0;[];[];
;;guava;adce8999989d80c80fda3607dac324cbd47681c1;/home/luna/TG/java-projects/guava/guava-gwt/test/com/google/common/collect/ContiguousSetTest_gwt.java;17;120;ContiguousSetTest_gwt;com.google.gwt.junit.client.GWTTestCase;[];0;[];[];
;;guava;adce8999989d80c80fda3607dac324cbd47681c1;/home/luna/TG/java-projects/guava/guava-gwt/test/com/google/common/collect/CollectSpliteratorsTest_gwt.java;17;35;CollectSpliteratorsTest_gwt;com.google.gwt.junit.client.GWTTestCase;[];0;[];[];
;;guava;adce8999989d80c80fda3607dac324cbd47681c1;/home/luna/TG/java-projects/guava/guava-gwt/test/com/google/common/collect/ImmutableMultimapAsMapImplementsMapTest_gwt.java;17;300;ImmutableMultimapAsMapImplementsMapTest_gwt;com.google.gwt.junit.client.GWTTestCase;[];0;[];[];
;;guava;adce8999989d80c80fda3607dac324cbd47681c1;/home/luna/TG/java-projects/guava/guava-gwt/test/com/google/common/collect/ImmutableSortedSetTest_gwt.java;17;640;ImmutableSortedSetTest_gwt;com.google.gwt.junit.client.GWTTestCase;[];0;[];[];
;;guava;adce8999989d80c80fda3607dac324cbd47681c1;/home/luna/TG/java-projects/guava/guava-gwt/test/com/google/common/collect/ConstrainedMapImplementsMapTest_gwt.java;17;300;ConstrainedMapImplementsMapTest_gwt;com.google.gwt.junit.client.GWTTestCase;[];0;[];[];
;;guava;adce8999989d80c80fda3607dac324cbd47681c1;/home/luna/TG/java-projects/guava/guava-gwt/test/com/google/common/collect/ImmutableTableTest_gwt.java;17;326;ImmutableTableTest_gwt;com.google.gwt.junit.client.GWTTestCase;[];0;[];[];
;;guava;adce8999989d80c80fda3607dac324cbd47681c1;/home/luna/TG/java-projects/guava/guava-gwt/test/com/google/common/collect/TreeMultisetTest_gwt.java;17;85;TreeMultisetTest_gwt;com.google.gwt.junit.client.GWTTestCase;[];0;[];[];
;;guava;adce8999989d80c80fda3607dac324cbd47681c1;/home/luna/TG/java-projects/guava/guava-gwt/test/com/google/common/collect/ObjectArraysTest_gwt.java;17;100;ObjectArraysTest_gwt;com.google.gwt.junit.client.GWTTestCase;[];0;[];[];
;;guava;adce8999989d80c80fda3607dac324cbd47681c1;/home/luna/TG/java-projects/guava/guava-gwt/test/com/google/common/collect/LinkedListMultimapTest_gwt.java;17;120;LinkedListMultimapTest_gwt;com.google.gwt.junit.client.GWTTestCase;[];0;[];[];
;;guava;adce8999989d80c80fda3607dac324cbd47681c1;/home/luna/TG/java-projects/guava/guava-gwt/test/com/google/common/collect/SetOperationsTest_gwt.java;17;44;SetOperationsTest_gwt;com.google.gwt.junit.client.GWTTestCase;[];0;[];[];
;;guava;adce8999989d80c80fda3607dac324cbd47681c1;/home/luna/TG/java-projects/guava/guava-gwt/test/com/google/common/collect/RegularImmutableTableTest_gwt.java;17;130;RegularImmutableTableTest_gwt;com.google.gwt.junit.client.GWTTestCase;[];0;[];[];
;;guava;adce8999989d80c80fda3607dac324cbd47681c1;/home/luna/TG/java-projects/guava/guava-gwt/test/com/google/common/collect/SetsTest_gwt.java;17;326;SetsTest_gwt;com.google.gwt.junit.client.GWTTestCase;[];0;[];[];
;;guava;adce8999989d80c80fda3607dac324cbd47681c1;/home/luna/TG/java-projects/guava/guava-gwt/test/com/google/common/collect/UnmodifiableListIteratorTest_gwt.java;17;35;UnmodifiableListIteratorTest_gwt;com.google.gwt.junit.client.GWTTestCase;[];0;[];[];
;;guava;adce8999989d80c80fda3607dac324cbd47681c1;/home/luna/TG/java-projects/guava/guava-gwt/test/com/google/common/collect/TreeBasedTableTest_gwt.java;17;638;TreeBasedTableTest_gwt;com.google.gwt.junit.client.GWTTestCase;[];0;[];[];
;;guava;adce8999989d80c80fda3607dac324cbd47681c1;/home/luna/TG/java-projects/guava/guava-gwt/test/com/google/common/collect/HashBiMapTest_gwt.java;17;80;HashBiMapTest_gwt;com.google.gwt.junit.client.GWTTestCase;[];0;[];[];
;;guava;adce8999989d80c80fda3607dac324cbd47681c1;/home/luna/TG/java-projects/guava/guava-gwt/test/com/google/common/collect/RangesTest_gwt.java;17;45;RangesTest_gwt;com.google.gwt.junit.client.GWTTestCase;[];0;[];[];
;;guava;adce8999989d80c80fda3607dac324cbd47681c1;/home/luna/TG/java-projects/guava/guava-gwt/test/com/google/common/collect/IteratorsTest_gwt.java;17;620;IteratorsTest_gwt;com.google.gwt.junit.client.GWTTestCase;[];0;[];[];
;;guava;adce8999989d80c80fda3607dac324cbd47681c1;/home/luna/TG/java-projects/guava/guava-gwt/test/com/google/common/collect/TablesTransformValuesTest_gwt.java;17;152;TablesTransformValuesTest_gwt;com.google.gwt.junit.client.GWTTestCase;[];0;[];[];
;;guava;adce8999989d80c80fda3607dac324cbd47681c1;/home/luna/TG/java-projects/guava/guava-gwt/test/com/google/common/collect/MultisetsImmutableEntryTest_gwt.java;17;55;MultisetsImmutableEntryTest_gwt;com.google.gwt.junit.client.GWTTestCase;[];0;[];[];
;;guava;adce8999989d80c80fda3607dac324cbd47681c1;/home/luna/TG/java-projects/guava/guava-gwt/test/com/google/common/collect/LinkedHashMultimapTest_gwt.java;17;100;LinkedHashMultimapTest_gwt;com.google.gwt.junit.client.GWTTestCase;[];0;[];[];
;;guava;adce8999989d80c80fda3607dac324cbd47681c1;/home/luna/TG/java-projects/guava/guava-gwt/test/com/google/common/collect/TreeMultimapExplicitTest_gwt.java;17;75;TreeMultimapExplicitTest_gwt;com.google.gwt.junit.client.GWTTestCase;[];0;[];[];
;;guava;adce8999989d80c80fda3607dac324cbd47681c1;/home/luna/TG/java-projects/guava/guava-gwt/test/com/google/common/collect/testing/TestModuleEntryPoint.java;21;30;TestModuleEntryPoint;null;[EntryPoint];0;[];[];
;;guava;adce8999989d80c80fda3607dac324cbd47681c1;/home/luna/TG/java-projects/guava/guava-gwt/test/com/google/common/collect/testing/MinimalIterableTest_gwt.java;17;40;MinimalIterableTest_gwt;com.google.gwt.junit.client.GWTTestCase;[];0;[];[];
;;guava;adce8999989d80c80fda3607dac324cbd47681c1;/home/luna/TG/java-projects/guava/guava-gwt/test/com/google/common/collect/testing/GwtPlatform.java;21;39;GwtPlatform;null;[];0;[];[GwtCompatible];
;;guava;adce8999989d80c80fda3607dac324cbd47681c1;/home/luna/TG/java-projects/guava/guava-gwt/test/com/google/common/collect/testing/HelpersTest_gwt.java;17;55;HelpersTest_gwt;com.google.gwt.junit.client.GWTTestCase;[];0;[];[];
;;guava;adce8999989d80c80fda3607dac324cbd47681c1;/home/luna/TG/java-projects/guava/guava-gwt/test/com/google/common/collect/testing/IteratorTesterTest_gwt.java;17;80;IteratorTesterTest_gwt;com.google.gwt.junit.client.GWTTestCase;[];0;[];[];
;;guava;adce8999989d80c80fda3607dac324cbd47681c1;/home/luna/TG/java-projects/guava/guava-gwt/test/com/google/common/collect/AbstractSequentialIteratorTest_gwt.java;17;40;AbstractSequentialIteratorTest_gwt;com.google.gwt.junit.client.GWTTestCase;[];0;[];[];
;;guava;adce8999989d80c80fda3607dac324cbd47681c1;/home/luna/TG/java-projects/guava/guava-gwt/test/com/google/common/collect/SortedListsTest_gwt.java;17;30;SortedListsTest_gwt;com.google.gwt.junit.client.GWTTestCase;[];0;[];[];
;;guava;adce8999989d80c80fda3607dac324cbd47681c1;/home/luna/TG/java-projects/guava/guava-gwt/test/com/google/common/collect/WellBehavedMapTest_gwt.java;17;40;WellBehavedMapTest_gwt;com.google.gwt.junit.client.GWTTestCase;[];0;[];[];
;;guava;adce8999989d80c80fda3607dac324cbd47681c1;/home/luna/TG/java-projects/guava/guava-gwt/test/com/google/common/collect/OrderingTest_gwt.java;17;335;OrderingTest_gwt;com.google.gwt.junit.client.GWTTestCase;[];0;[];[];
;;guava;adce8999989d80c80fda3607dac324cbd47681c1;/home/luna/TG/java-projects/guava/guava-gwt/test/com/google/common/collect/MapsTest_gwt.java;17;565;MapsTest_gwt;com.google.gwt.junit.client.GWTTestCase;[];0;[];[];
;;guava;adce8999989d80c80fda3607dac324cbd47681c1;/home/luna/TG/java-projects/guava/guava-gwt/test/com/google/common/collect/GeneralRangeTest_gwt.java;17;110;GeneralRangeTest_gwt;com.google.gwt.junit.client.GWTTestCase;[];0;[];[];
;;guava;adce8999989d80c80fda3607dac324cbd47681c1;/home/luna/TG/java-projects/guava/guava-gwt/test/com/google/common/collect/RegularImmutableAsListTest_gwt.java;17;25;RegularImmutableAsListTest_gwt;com.google.gwt.junit.client.GWTTestCase;[];0;[];[];
;;guava;adce8999989d80c80fda3607dac324cbd47681c1;/home/luna/TG/java-projects/guava/guava-gwt/test/com/google/common/collect/MultimapBuilderTest_gwt.java;17;30;MultimapBuilderTest_gwt;com.google.gwt.junit.client.GWTTestCase;[];0;[];[];
;;guava;adce8999989d80c80fda3607dac324cbd47681c1;/home/luna/TG/java-projects/guava/guava-gwt/test/com/google/common/collect/LinkedHashMultisetTest_gwt.java;17;45;LinkedHashMultisetTest_gwt;com.google.gwt.junit.client.GWTTestCase;[];0;[];[];
;;guava;adce8999989d80c80fda3607dac324cbd47681c1;/home/luna/TG/java-projects/guava/guava-gwt/test/com/google/common/collect/RangeTest_gwt.java;17;185;RangeTest_gwt;com.google.gwt.junit.client.GWTTestCase;[];0;[];[];
;;guava;adce8999989d80c80fda3607dac324cbd47681c1;/home/luna/TG/java-projects/guava/guava-gwt/test/com/google/common/collect/CountTest_gwt.java;17;45;CountTest_gwt;com.google.gwt.junit.client.GWTTestCase;[];0;[];[];
;;guava;adce8999989d80c80fda3607dac324cbd47681c1;/home/luna/TG/java-projects/guava/guava-gwt/test/com/google/common/collect/ImmutableBiMapTest_gwt.java;17;740;ImmutableBiMapTest_gwt;com.google.gwt.junit.client.GWTTestCase;[];0;[];[];
;;guava;adce8999989d80c80fda3607dac324cbd47681c1;/home/luna/TG/java-projects/guava/guava-gwt/test/com/google/common/collect/ConstrainedBiMapTest_gwt.java;17;35;ConstrainedBiMapTest_gwt;com.google.gwt.junit.client.GWTTestCase;[];0;[];[];
;;guava;adce8999989d80c80fda3607dac324cbd47681c1;/home/luna/TG/java-projects/guava/guava-gwt/test/com/google/common/collect/MapsSortedTransformValuesTest_gwt.java;17;350;MapsSortedTransformValuesTest_gwt;com.google.gwt.junit.client.GWTTestCase;[];0;[];[];
;;guava;adce8999989d80c80fda3607dac324cbd47681c1;/home/luna/TG/java-projects/guava/guava-gwt/test/com/google/common/collect/UnmodifiableIteratorTest_gwt.java;17;25;UnmodifiableIteratorTest_gwt;com.google.gwt.junit.client.GWTTestCase;[];0;[];[];
;;guava;adce8999989d80c80fda3607dac324cbd47681c1;/home/luna/TG/java-projects/guava/guava-gwt/test/com/google/common/collect/UnmodifiableMultimapAsMapImplementsMapTest_gwt.java;17;300;UnmodifiableMultimapAsMapImplementsMapTest_gwt;com.google.gwt.junit.client.GWTTestCase;[];0;[];[];
;;guava;adce8999989d80c80fda3607dac324cbd47681c1;/home/luna/TG/java-projects/guava/guava-gwt/test/com/google/common/collect/ConstraintsTest_gwt.java;17;70;ConstraintsTest_gwt;com.google.gwt.junit.client.GWTTestCase;[];0;[];[];
;;guava;adce8999989d80c80fda3607dac324cbd47681c1;/home/luna/TG/java-projects/guava/guava-gwt/test/com/google/common/collect/MapConstraintsTest_gwt.java;17;140;MapConstraintsTest_gwt;com.google.gwt.junit.client.GWTTestCase;[];0;[];[];
;;guava;adce8999989d80c80fda3607dac324cbd47681c1;/home/luna/TG/java-projects/guava/guava-gwt/test/com/google/common/html/TestModuleEntryPoint.java;21;30;TestModuleEntryPoint;null;[EntryPoint];0;[];[];
;;guava;adce8999989d80c80fda3607dac324cbd47681c1;/home/luna/TG/java-projects/guava/guava-gwt/test/com/google/common/html/HtmlEscapersTest_gwt.java;17;26;HtmlEscapersTest_gwt;com.google.gwt.junit.client.GWTTestCase;[];0;[];[];
;;guava;adce8999989d80c80fda3607dac324cbd47681c1;/home/luna/TG/java-projects/guava/guava-gwt/test/com/google/common/net/TestModuleEntryPoint.java;21;30;TestModuleEntryPoint;null;[EntryPoint];0;[];[];
;;guava;adce8999989d80c80fda3607dac324cbd47681c1;/home/luna/TG/java-projects/guava/guava-gwt/test/com/google/common/net/HostAndPortTest_gwt.java;17;85;HostAndPortTest_gwt;com.google.gwt.junit.client.GWTTestCase;[];0;[];[];
;;guava;adce8999989d80c80fda3607dac324cbd47681c1;/home/luna/TG/java-projects/guava/guava-gwt/test/com/google/common/net/InternetDomainNameTest_gwt.java;17;100;InternetDomainNameTest_gwt;com.google.gwt.junit.client.GWTTestCase;[];0;[];[];
;;guava;adce8999989d80c80fda3607dac324cbd47681c1;/home/luna/TG/java-projects/guava/guava-gwt/test/com/google/common/net/UrlEscapersTest_gwt.java;17;35;UrlEscapersTest_gwt;com.google.gwt.junit.client.GWTTestCase;[];0;[];[];
;;guava;adce8999989d80c80fda3607dac324cbd47681c1;/home/luna/TG/java-projects/guava/guava-gwt/test/com/google/common/net/PercentEscaperTest_gwt.java;17;55;PercentEscaperTest_gwt;com.google.gwt.junit.client.GWTTestCase;[];0;[];[];
;;guava;adce8999989d80c80fda3607dac324cbd47681c1;/home/luna/TG/java-projects/guava/guava-gwt/test/com/google/common/net/MediaTypeTest_gwt.java;17;155;MediaTypeTest_gwt;com.google.gwt.junit.client.GWTTestCase;[];0;[];[];
;;guava;adce8999989d80c80fda3607dac324cbd47681c1;/home/luna/TG/java-projects/guava/guava-gwt/test/com/google/common/cache/TestModuleEntryPoint.java;21;30;TestModuleEntryPoint;null;[EntryPoint];0;[];[];
;;guava;adce8999989d80c80fda3607dac324cbd47681c1;/home/luna/TG/java-projects/guava/guava-gwt/test/com/google/common/cache/CacheBuilderTest_gwt.java;17;115;CacheBuilderTest_gwt;com.google.gwt.junit.client.GWTTestCase;[];0;[];[];
;;guava;adce8999989d80c80fda3607dac324cbd47681c1;/home/luna/TG/java-projects/guava/guava-gwt/test/com/google/common/cache/CacheBuilderGwtTest_gwt.java;17;128;CacheBuilderGwtTest_gwt;com.google.gwt.junit.client.GWTTestCase;[];0;[];[];
;;guava;adce8999989d80c80fda3607dac324cbd47681c1;/home/luna/TG/java-projects/guava/guava-gwt/test/com/google/common/testing/TearDownStackTest_gwt.java;17;98;TearDownStackTest_gwt;com.google.gwt.junit.client.GWTTestCase;[];0;[];[];
;;guava;adce8999989d80c80fda3607dac324cbd47681c1;/home/luna/TG/java-projects/guava/guava-gwt/test/com/google/common/testing/TestModuleEntryPoint.java;21;30;TestModuleEntryPoint;null;[EntryPoint];0;[];[];
;;guava;adce8999989d80c80fda3607dac324cbd47681c1;/home/luna/TG/java-projects/guava/guava-gwt/test/com/google/common/testing/EquivalenceTesterTest_gwt.java;17;62;EquivalenceTesterTest_gwt;com.google.gwt.junit.client.GWTTestCase;[];0;[];[];
;;guava;adce8999989d80c80fda3607dac324cbd47681c1;/home/luna/TG/java-projects/guava/guava-gwt/test/com/google/common/testing/FakeTickerTest_gwt.java;17;55;FakeTickerTest_gwt;com.google.gwt.junit.client.GWTTestCase;[];0;[];[];
;;guava;adce8999989d80c80fda3607dac324cbd47681c1;/home/luna/TG/java-projects/guava/guava-gwt/test/com/google/common/testing/EqualsTesterTest_gwt.java;17;128;EqualsTesterTest_gwt;com.google.gwt.junit.client.GWTTestCase;[];0;[];[];
;;guava;adce8999989d80c80fda3607dac324cbd47681c1;/home/luna/TG/java-projects/guava/guava-testlib/src/com/google/common/escape/testing/EscaperAsserts.java;29;126;EscaperAsserts;null;[];0;[];[Beta, GwtCompatible];
;;guava;adce8999989d80c80fda3607dac324cbd47681c1;/home/luna/TG/java-projects/guava/guava-testlib/src/com/google/common/util/concurrent/testing/MockFutureListener.java;29;93;MockFutureListener;null;[Runnable];0;[];[Beta, GwtIncompatible];
;;guava;adce8999989d80c80fda3607dac324cbd47681c1;/home/luna/TG/java-projects/guava/guava-testlib/src/com/google/common/util/concurrent/testing/AbstractCheckedFutureTest.java;26;157;AbstractCheckedFutureTest;AbstractListenableFutureTest;[];0;[];[Beta, GwtIncompatible];
;;guava;adce8999989d80c80fda3607dac324cbd47681c1;/home/luna/TG/java-projects/guava/guava-testlib/src/com/google/common/util/concurrent/testing/TestingExecutors.java;34;167;TestingExecutors;null;[];0;[];[Beta, GwtIncompatible];
;;guava;adce8999989d80c80fda3607dac324cbd47681c1;/home/luna/TG/java-projects/guava/guava-testlib/src/com/google/common/util/concurrent/testing/TestingExecutors.java;103;166;NoOpScheduledExecutorService;AbstractListeningExecutorService;[ListeningScheduledExecutorService];0;[];[];
;;guava;adce8999989d80c80fda3607dac324cbd47681c1;/home/luna/TG/java-projects/guava/guava-testlib/src/com/google/common/util/concurrent/testing/TestingExecutors.java;151;165;NeverScheduledFuture;AbstractFuture<V>;[ListenableScheduledFuture<V>];1;[[V]];[];
;;guava;adce8999989d80c80fda3607dac324cbd47681c1;/home/luna/TG/java-projects/guava/guava-testlib/src/com/google/common/util/concurrent/testing/AbstractListenableFutureTest.java;32;246;AbstractListenableFutureTest;TestCase;[];0;[];[Beta, GwtIncompatible];
;;guava;adce8999989d80c80fda3607dac324cbd47681c1;/home/luna/TG/java-projects/guava/guava-testlib/src/com/google/common/util/concurrent/testing/SameThreadScheduledExecutorService.java;38;198;SameThreadScheduledExecutorService;AbstractExecutorService;[ListeningScheduledExecutorService];0;[];[GwtIncompatible];
;;guava;adce8999989d80c80fda3607dac324cbd47681c1;/home/luna/TG/java-projects/guava/guava-testlib/src/com/google/common/util/concurrent/testing/SameThreadScheduledExecutorService.java;147;174;ImmediateScheduledFuture;SimpleForwardingListenableFuture<V>;[ListenableScheduledFuture<V>];1;[[V]];[];
;;guava;adce8999989d80c80fda3607dac324cbd47681c1;/home/luna/TG/java-projects/guava/guava-testlib/src/com/google/common/collect/testing/TestCollectionGenerator.java;22;28;TestCollectionGenerator;null;[TestContainerGenerator<Collection<E>,E>];1;[[E]];[GwtCompatible];
;;guava;adce8999989d80c80fda3607dac324cbd47681c1;/home/luna/TG/java-projects/guava/guava-testlib/src/com/google/common/collect/testing/MinimalCollection.java;25;134;MinimalCollection;AbstractCollection<E>;[];1;[[E]];[GwtCompatible];
;;guava;adce8999989d80c80fda3607dac324cbd47681c1;/home/luna/TG/java-projects/guava/guava-testlib/src/com/google/common/collect/testing/DerivedComparable.java;21;33;DerivedComparable;BaseComparable;[];0;[];[GwtCompatible];
;;guava;adce8999989d80c80fda3607dac324cbd47681c1;/home/luna/TG/java-projects/guava/guava-testlib/src/com/google/common/collect/testing/TestCollidingSetGenerator.java;23;45;TestCollidingSetGenerator;null;[TestSetGenerator<Object>];0;[];[GwtCompatible];
;;guava;adce8999989d80c80fda3607dac324cbd47681c1;/home/luna/TG/java-projects/guava/guava-testlib/src/com/google/common/collect/testing/OneSizeTestContainerGenerator.java;23;41;OneSizeTestContainerGenerator;null;[TestSubjectGenerator<T>, TestContainerGenerator<T,E>];2;[[T, E], [T, E]];[GwtCompatible];
;;guava;adce8999989d80c80fda3607dac324cbd47681c1;/home/luna/TG/java-projects/guava/guava-testlib/src/com/google/common/collect/testing/CollectionTestSuiteBuilder.java;32;101;CollectionTestSuiteBuilder;AbstractCollectionTestSuiteBuilder<CollectionTestSuiteBuilder<E>,E>;[];1;[[E]];[GwtIncompatible];
;;guava;adce8999989d80c80fda3607dac324cbd47681c1;/home/luna/TG/java-projects/guava/guava-testlib/src/com/google/common/collect/testing/CollectionTestSuiteBuilder.java;66;92;ReserializedCollectionGenerator;null;[TestCollectionGenerator<E>];1;[[E]];[];
;;guava;adce8999989d80c80fda3607dac324cbd47681c1;/home/luna/TG/java-projects/guava/guava-testlib/src/com/google/common/collect/testing/AbstractIteratorTester.java;35;623;AbstractIteratorTester;null;[];2;[[E, I extends Iterator<E>], [E, I extends Iterator<E>]];[GwtCompatible];
;;guava;adce8999989d80c80fda3607dac324cbd47681c1;/home/luna/TG/java-projects/guava/guava-testlib/src/com/google/common/collect/testing/AbstractIteratorTester.java;54;107;PermittedMetaException;RuntimeException;[];0;[];[];
;;guava;adce8999989d80c80fda3607dac324cbd47681c1;/home/luna/TG/java-projects/guava/guava-testlib/src/com/google/common/collect/testing/AbstractIteratorTester.java;109;115;UnknownElementException;RuntimeException;[];0;[];[];
;;guava;adce8999989d80c80fda3607dac324cbd47681c1;/home/luna/TG/java-projects/guava/guava-testlib/src/com/google/common/collect/testing/AbstractIteratorTester.java;117;271;MultiExceptionListIterator;null;[ListIterator<E>];0;[];[];
;;guava;adce8999989d80c80fda3607dac324cbd47681c1;/home/luna/TG/java-projects/guava/guava-testlib/src/com/google/common/collect/testing/AbstractIteratorTester.java;394;396;IteratorOperation;null;[];0;[];[];
;;guava;adce8999989d80c80fda3607dac324cbd47681c1;/home/luna/TG/java-projects/guava/guava-testlib/src/com/google/common/collect/testing/AbstractIteratorTester.java;530;547;Stimulus;null;[];2;[[E, T extends Iterator<E>], [E, T extends Iterator<E>]];[];
;;guava;adce8999989d80c80fda3607dac324cbd47681c1;/home/luna/TG/java-projects/guava/guava-testlib/src/com/google/common/collect/testing/testers/MapEntrySetTester.java;40;130;MapEntrySetTester;AbstractMapTester<K,V>;[];2;[[K, V], [K, V]];[GwtCompatible];
;;guava;adce8999989d80c80fda3607dac324cbd47681c1;/home/luna/TG/java-projects/guava/guava-testlib/src/com/google/common/collect/testing/testers/MapRemoveEntryTester.java;30;102;MapRemoveEntryTester;AbstractMapTester<K,V>;[];2;[[K, V], [K, V]];[GwtCompatible];
;;guava;adce8999989d80c80fda3607dac324cbd47681c1;/home/luna/TG/java-projects/guava/guava-testlib/src/com/google/common/collect/testing/testers/NavigableMapNavigationTester.java;35;269;NavigableMapNavigationTester;AbstractMapTester<K,V>;[];2;[[K, V], [K, V]];[GwtIncompatible];
;;guava;adce8999989d80c80fda3607dac324cbd47681c1;/home/luna/TG/java-projects/guava/guava-testlib/src/com/google/common/collect/testing/testers/MapIsEmptyTester.java;25;43;MapIsEmptyTester;AbstractMapTester<K,V>;[];2;[[K, V], [K, V]];[GwtCompatible];
;;guava;adce8999989d80c80fda3607dac324cbd47681c1;/home/luna/TG/java-projects/guava/guava-testlib/src/com/google/common/collect/testing/testers/ConcurrentMapReplaceTester.java;31;106;ConcurrentMapReplaceTester;AbstractMapTester<K,V>;[];2;[[K, V], [K, V]];[GwtCompatible];
;;guava;adce8999989d80c80fda3607dac324cbd47681c1;/home/luna/TG/java-projects/guava/guava-testlib/src/com/google/common/collect/testing/testers/ListSubListTester.java;41;357;ListSubListTester;AbstractListTester<E>;[];1;[[E]];[SuppressWarnings, GwtCompatible];
;;guava;adce8999989d80c80fda3607dac324cbd47681c1;/home/luna/TG/java-projects/guava/guava-testlib/src/com/google/common/collect/testing/testers/ListSetTester.java;31;152;ListSetTester;AbstractListTester<E>;[];1;[[E]];[GwtCompatible];
;;guava;adce8999989d80c80fda3607dac324cbd47681c1;/home/luna/TG/java-projects/guava/guava-testlib/src/com/google/common/collect/testing/testers/MapReplaceAllTester.java;34;125;MapReplaceAllTester;AbstractMapTester<K,V>;[];2;[[K, V], [K, V]];[GwtCompatible];
;;guava;adce8999989d80c80fda3607dac324cbd47681c1;/home/luna/TG/java-projects/guava/guava-testlib/src/com/google/common/collect/testing/testers/MapClearTester.java;32;111;MapClearTester;AbstractMapTester<K,V>;[];2;[[K, V], [K, V]];[GwtCompatible];
;;guava;adce8999989d80c80fda3607dac324cbd47681c1;/home/luna/TG/java-projects/guava/guava-testlib/src/com/google/common/collect/testing/testers/ListToArrayTester.java;25;55;ListToArrayTester;AbstractListTester<E>;[];1;[[E]];[GwtCompatible];
;;guava;adce8999989d80c80fda3607dac324cbd47681c1;/home/luna/TG/java-projects/guava/guava-testlib/src/com/google/common/collect/testing/testers/ListGetTester.java;21;50;ListGetTester;AbstractListTester<E>;[];1;[[E]];[GwtCompatible];
;;guava;adce8999989d80c80fda3607dac324cbd47681c1;/home/luna/TG/java-projects/guava/guava-testlib/src/com/google/common/collect/testing/testers/ListRemoveAllTester.java;28;55;ListRemoveAllTester;AbstractListTester<E>;[];1;[[E]];[SuppressWarnings, GwtCompatible];
;;guava;adce8999989d80c80fda3607dac324cbd47681c1;/home/luna/TG/java-projects/guava/guava-testlib/src/com/google/common/collect/testing/testers/MapMergeTester.java;35;197;MapMergeTester;AbstractMapTester<K,V>;[];2;[[K, V], [K, V]];[GwtCompatible];
;;guava;adce8999989d80c80fda3607dac324cbd47681c1;/home/luna/TG/java-projects/guava/guava-testlib/src/com/google/common/collect/testing/testers/MapMergeTester.java;112;112;ExpectedException;RuntimeException;[];0;[];[];
;;guava;adce8999989d80c80fda3607dac324cbd47681c1;/home/luna/TG/java-projects/guava/guava-testlib/src/com/google/common/collect/testing/testers/CollectionRetainAllTester.java;34;330;CollectionRetainAllTester;AbstractCollectionTester<E>;[];1;[[E]];[SuppressWarnings, GwtCompatible];
;;guava;adce8999989d80c80fda3607dac324cbd47681c1;/home/luna/TG/java-projects/guava/guava-testlib/src/com/google/common/collect/testing/testers/CollectionRetainAllTester.java;45;62;Target;null;[];0;[];[];
;;guava;adce8999989d80c80fda3607dac324cbd47681c1;/home/luna/TG/java-projects/guava/guava-testlib/src/com/google/common/collect/testing/testers/CollectionForEachTester.java;29;53;CollectionForEachTester;AbstractCollectionTester<E>;[];1;[[E]];[GwtCompatible];
;;guava;adce8999989d80c80fda3607dac324cbd47681c1;/home/luna/TG/java-projects/guava/guava-testlib/src/com/google/common/collect/testing/testers/CollectionToArrayTester.java;34;203;CollectionToArrayTester;AbstractCollectionTester<E>;[];1;[[E]];[GwtCompatible];
;;guava;adce8999989d80c80fda3607dac324cbd47681c1;/home/luna/TG/java-projects/guava/guava-testlib/src/com/google/common/collect/testing/testers/CollectionClearTester.java;31;87;CollectionClearTester;AbstractCollectionTester<E>;[];1;[[E]];[GwtCompatible];
;;guava;adce8999989d80c80fda3607dac324cbd47681c1;/home/luna/TG/java-projects/guava/guava-testlib/src/com/google/common/collect/testing/testers/SetCreationTester.java;30;84;SetCreationTester;AbstractSetTester<E>;[];1;[[E]];[GwtCompatible];
;;guava;adce8999989d80c80fda3607dac324cbd47681c1;/home/luna/TG/java-projects/guava/guava-testlib/src/com/google/common/collect/testing/testers/ConcurrentMapReplaceEntryTester.java;30;150;ConcurrentMapReplaceEntryTester;AbstractMapTester<K,V>;[];2;[[K, V], [K, V]];[GwtCompatible];
;;guava;adce8999989d80c80fda3607dac324cbd47681c1;/home/luna/TG/java-projects/guava/guava-testlib/src/com/google/common/collect/testing/testers/AbstractListTester.java;25;73;AbstractListTester;AbstractCollectionTester<E>;[];1;[[E]];[GwtCompatible];
;;guava;adce8999989d80c80fda3607dac324cbd47681c1;/home/luna/TG/java-projects/guava/guava-testlib/src/com/google/common/collect/testing/testers/ListCreationTester.java;27;45;ListCreationTester;AbstractListTester<E>;[];1;[[E]];[GwtCompatible];
;;guava;adce8999989d80c80fda3607dac324cbd47681c1;/home/luna/TG/java-projects/guava/guava-testlib/src/com/google/common/collect/testing/testers/CollectionContainsTester.java;29;79;CollectionContainsTester;AbstractCollectionTester<E>;[];1;[[E]];[GwtCompatible];
;;guava;adce8999989d80c80fda3607dac324cbd47681c1;/home/luna/TG/java-projects/guava/guava-testlib/src/com/google/common/collect/testing/testers/MapComputeTester.java;31;210;MapComputeTester;AbstractMapTester<K,V>;[];2;[[K, V], [K, V]];[GwtCompatible];
;;guava;adce8999989d80c80fda3607dac324cbd47681c1;/home/luna/TG/java-projects/guava/guava-testlib/src/com/google/common/collect/testing/testers/MapComputeTester.java;174;174;ExpectedException;RuntimeException;[];0;[];[];
;;guava;adce8999989d80c80fda3607dac324cbd47681c1;/home/luna/TG/java-projects/guava/guava-testlib/src/com/google/common/collect/testing/testers/SetHashCodeTester.java;29;78;SetHashCodeTester;AbstractSetTester<E>;[];1;[[E]];[GwtCompatible];
;;guava;adce8999989d80c80fda3607dac324cbd47681c1;/home/luna/TG/java-projects/guava/guava-testlib/src/com/google/common/collect/testing/testers/MapRemoveTester.java;35;164;MapRemoveTester;AbstractMapTester<K,V>;[];2;[[K, V], [K, V]];[SuppressWarnings, GwtCompatible];
;;guava;adce8999989d80c80fda3607dac324cbd47681c1;/home/luna/TG/java-projects/guava/guava-testlib/src/com/google/common/collect/testing/testers/CollectionContainsAllTester.java;31;105;CollectionContainsAllTester;AbstractCollectionTester<E>;[];1;[[E]];[SuppressWarnings, GwtCompatible];
;;guava;adce8999989d80c80fda3607dac324cbd47681c1;/home/luna/TG/java-projects/guava/guava-testlib/src/com/google/common/collect/testing/testers/ListLastIndexOfTester.java;27;57;ListLastIndexOfTester;AbstractListIndexOfTester<E>;[];1;[[E]];[GwtCompatible];
;;guava;adce8999989d80c80fda3607dac324cbd47681c1;/home/luna/TG/java-projects/guava/guava-testlib/src/com/google/common/collect/testing/testers/SetAddTester.java;30;64;SetAddTester;AbstractSetTester<E>;[];1;[[E]];[GwtCompatible];
;;guava;adce8999989d80c80fda3607dac324cbd47681c1;/home/luna/TG/java-projects/guava/guava-testlib/src/com/google/common/collect/testing/testers/CollectionAddTester.java;35;146;CollectionAddTester;AbstractCollectionTester<E>;[];1;[[E]];[SuppressWarnings, GwtCompatible];
;;guava;adce8999989d80c80fda3607dac324cbd47681c1;/home/luna/TG/java-projects/guava/guava-testlib/src/com/google/common/collect/testing/testers/ListRemoveTester.java;27;58;ListRemoveTester;AbstractListTester<E>;[];1;[[E]];[GwtCompatible];
;;guava;adce8999989d80c80fda3607dac324cbd47681c1;/home/luna/TG/java-projects/guava/guava-testlib/src/com/google/common/collect/testing/testers/MapSizeTester.java;22;34;MapSizeTester;AbstractMapTester<K,V>;[];2;[[K, V], [K, V]];[GwtCompatible];
;;guava;adce8999989d80c80fda3607dac324cbd47681c1;/home/luna/TG/java-projects/guava/guava-testlib/src/com/google/common/collect/testing/testers/CollectionEqualsTester.java;22;47;CollectionEqualsTester;AbstractCollectionTester<E>;[];1;[[E]];[GwtCompatible];
;;guava;adce8999989d80c80fda3607dac324cbd47681c1;/home/luna/TG/java-projects/guava/guava-testlib/src/com/google/common/collect/testing/testers/CollectionStreamTester.java;27;61;CollectionStreamTester;AbstractCollectionTester<E>;[];1;[[E]];[GwtCompatible];
;;guava;adce8999989d80c80fda3607dac324cbd47681c1;/home/luna/TG/java-projects/guava/guava-testlib/src/com/google/common/collect/testing/testers/MapPutTester.java;37;264;MapPutTester;AbstractMapTester<K,V>;[];2;[[K, V], [K, V]];[SuppressWarnings, GwtCompatible];
;;guava;adce8999989d80c80fda3607dac324cbd47681c1;/home/luna/TG/java-projects/guava/guava-testlib/src/com/google/common/collect/testing/testers/QueueElementTester.java;29;60;QueueElementTester;AbstractQueueTester<E>;[];1;[[E]];[GwtCompatible];
;;guava;adce8999989d80c80fda3607dac324cbd47681c1;/home/luna/TG/java-projects/guava/guava-testlib/src/com/google/common/collect/testing/testers/MapEqualsTester.java;31;128;MapEqualsTester;AbstractMapTester<K,V>;[];2;[[K, V], [K, V]];[GwtCompatible];
;;guava;adce8999989d80c80fda3607dac324cbd47681c1;/home/luna/TG/java-projects/guava/guava-testlib/src/com/google/common/collect/testing/testers/QueuePeekTester.java;28;55;QueuePeekTester;AbstractQueueTester<E>;[];1;[[E]];[GwtCompatible];
;;guava;adce8999989d80c80fda3607dac324cbd47681c1;/home/luna/TG/java-projects/guava/guava-testlib/src/com/google/common/collect/testing/testers/MapToStringTester.java;33;87;MapToStringTester;AbstractMapTester<K,V>;[];2;[[K, V], [K, V]];[GwtCompatible];
;;guava;adce8999989d80c80fda3607dac324cbd47681c1;/home/luna/TG/java-projects/guava/guava-testlib/src/com/google/common/collect/testing/testers/CollectionCreationTester.java;30;70;CollectionCreationTester;AbstractCollectionTester<E>;[];1;[[E]];[GwtCompatible];
;;guava;adce8999989d80c80fda3607dac324cbd47681c1;/home/luna/TG/java-projects/guava/guava-testlib/src/com/google/common/collect/testing/testers/ConcurrentMapRemoveTester.java;30;108;ConcurrentMapRemoveTester;AbstractMapTester<K,V>;[];2;[[K, V], [K, V]];[GwtCompatible];
;;guava;adce8999989d80c80fda3607dac324cbd47681c1;/home/luna/TG/java-projects/guava/guava-testlib/src/com/google/common/collect/testing/testers/ListAddAtIndexTester.java;35;161;ListAddAtIndexTester;AbstractListTester<E>;[];1;[[E]];[SuppressWarnings, GwtCompatible];
;;guava;adce8999989d80c80fda3607dac324cbd47681c1;/home/luna/TG/java-projects/guava/guava-testlib/src/com/google/common/collect/testing/testers/MapComputeIfPresentTester.java;32;181;MapComputeIfPresentTester;AbstractMapTester<K,V>;[];2;[[K, V], [K, V]];[GwtCompatible];
;;guava;adce8999989d80c80fda3607dac324cbd47681c1;/home/luna/TG/java-projects/guava/guava-testlib/src/com/google/common/collect/testing/testers/MapComputeIfPresentTester.java;103;103;ExpectedException;RuntimeException;[];0;[];[];
;;guava;adce8999989d80c80fda3607dac324cbd47681c1;/home/luna/TG/java-projects/guava/guava-testlib/src/com/google/common/collect/testing/testers/SortedSetNavigationTester.java;31;104;SortedSetNavigationTester;AbstractSetTester<E>;[];1;[[E]];[GwtCompatible];
;;guava;adce8999989d80c80fda3607dac324cbd47681c1;/home/luna/TG/java-projects/guava/guava-testlib/src/com/google/common/collect/testing/testers/ListListIteratorTester.java;40;129;ListListIteratorTester;AbstractListTester<E>;[];1;[[E]];[GwtCompatible];
;;guava;adce8999989d80c80fda3607dac324cbd47681c1;/home/luna/TG/java-projects/guava/guava-testlib/src/com/google/common/collect/testing/testers/CollectionToStringTester.java;32;73;CollectionToStringTester;AbstractCollectionTester<E>;[];1;[[E]];[GwtCompatible];
;;guava;adce8999989d80c80fda3607dac324cbd47681c1;/home/luna/TG/java-projects/guava/guava-testlib/src/com/google/common/collect/testing/testers/MapSerializationTester.java;26;37;MapSerializationTester;AbstractMapTester<K,V>;[];2;[[K, V], [K, V]];[GwtCompatible];
;;guava;adce8999989d80c80fda3607dac324cbd47681c1;/home/luna/TG/java-projects/guava/guava-testlib/src/com/google/common/collect/testing/testers/MapGetOrDefaultTester.java;31;108;MapGetOrDefaultTester;AbstractMapTester<K,V>;[];2;[[K, V], [K, V]];[GwtCompatible];
;;guava;adce8999989d80c80fda3607dac324cbd47681c1;/home/luna/TG/java-projects/guava/guava-testlib/src/com/google/common/collect/testing/testers/MapReplaceEntryTester.java;30;148;MapReplaceEntryTester;AbstractMapTester<K,V>;[];2;[[K, V], [K, V]];[GwtCompatible];
;;guava;adce8999989d80c80fda3607dac324cbd47681c1;/home/luna/TG/java-projects/guava/guava-testlib/src/com/google/common/collect/testing/testers/SetRemoveTester.java;26;43;SetRemoveTester;AbstractSetTester<E>;[];1;[[E]];[GwtCompatible];
;;guava;adce8999989d80c80fda3607dac324cbd47681c1;/home/luna/TG/java-projects/guava/guava-testlib/src/com/google/common/collect/testing/testers/ListIndexOfTester.java;27;55;ListIndexOfTester;AbstractListIndexOfTester<E>;[];1;[[E]];[GwtCompatible];
;;guava;adce8999989d80c80fda3607dac324cbd47681c1;/home/luna/TG/java-projects/guava/guava-testlib/src/com/google/common/collect/testing/testers/CollectionSerializationTester.java;27;40;CollectionSerializationTester;AbstractCollectionTester<E>;[];1;[[E]];[GwtCompatible];
;;guava;adce8999989d80c80fda3607dac324cbd47681c1;/home/luna/TG/java-projects/guava/guava-testlib/src/com/google/common/collect/testing/testers/CollectionIteratorTester.java;41;134;CollectionIteratorTester;AbstractCollectionTester<E>;[];1;[[E]];[GwtCompatible];
;;guava;adce8999989d80c80fda3607dac324cbd47681c1;/home/luna/TG/java-projects/guava/guava-testlib/src/com/google/common/collect/testing/testers/QueueRemoveTester.java;30;64;QueueRemoveTester;AbstractQueueTester<E>;[];1;[[E]];[SuppressWarnings, GwtCompatible];
;;guava;adce8999989d80c80fda3607dac324cbd47681c1;/home/luna/TG/java-projects/guava/guava-testlib/src/com/google/common/collect/testing/testers/MapForEachTester.java;36;78;MapForEachTester;AbstractMapTester<K,V>;[];2;[[K, V], [K, V]];[GwtCompatible];
;;guava;adce8999989d80c80fda3607dac324cbd47681c1;/home/luna/TG/java-projects/guava/guava-testlib/src/com/google/common/collect/testing/testers/MapPutIfAbsentTester.java;30;122;MapPutIfAbsentTester;AbstractMapTester<K,V>;[];2;[[K, V], [K, V]];[GwtCompatible];
;;guava;adce8999989d80c80fda3607dac324cbd47681c1;/home/luna/TG/java-projects/guava/guava-testlib/src/com/google/common/collect/testing/testers/MapGetTester.java;29;81;MapGetTester;AbstractMapTester<K,V>;[];2;[[K, V], [K, V]];[GwtCompatible];
;;guava;adce8999989d80c80fda3607dac324cbd47681c1;/home/luna/TG/java-projects/guava/guava-testlib/src/com/google/common/collect/testing/testers/MapHashCodeTester.java;29;84;MapHashCodeTester;AbstractMapTester<K,V>;[];2;[[K, V], [K, V]];[GwtCompatible];
;;guava;adce8999989d80c80fda3607dac324cbd47681c1;/home/luna/TG/java-projects/guava/guava-testlib/src/com/google/common/collect/testing/testers/QueuePollTester.java;29;59;QueuePollTester;AbstractQueueTester<E>;[];1;[[E]];[SuppressWarnings, GwtCompatible];
;;guava;adce8999989d80c80fda3607dac324cbd47681c1;/home/luna/TG/java-projects/guava/guava-testlib/src/com/google/common/collect/testing/testers/ListAddAllTester.java;27;62;ListAddAllTester;AbstractListTester<E>;[];1;[[E]];[SuppressWarnings, GwtCompatible];
;;guava;adce8999989d80c80fda3607dac324cbd47681c1;/home/luna/TG/java-projects/guava/guava-testlib/src/com/google/common/collect/testing/testers/MapContainsValueTester.java;29;82;MapContainsValueTester;AbstractMapTester<K,V>;[];2;[[K, V], [K, V]];[GwtCompatible];
;;guava;adce8999989d80c80fda3607dac324cbd47681c1;/home/luna/TG/java-projects/guava/guava-testlib/src/com/google/common/collect/testing/testers/MapContainsKeyTester.java;29;80;MapContainsKeyTester;AbstractMapTester<K,V>;[];2;[[K, V], [K, V]];[GwtCompatible];
;;guava;adce8999989d80c80fda3607dac324cbd47681c1;/home/luna/TG/java-projects/guava/guava-testlib/src/com/google/common/collect/testing/testers/SetAddAllTester.java;27;58;SetAddAllTester;AbstractSetTester<E>;[];1;[[E]];[SuppressWarnings, GwtCompatible];
;;guava;adce8999989d80c80fda3607dac324cbd47681c1;/home/luna/TG/java-projects/guava/guava-testlib/src/com/google/common/collect/testing/testers/CollectionIsEmptyTester.java;25;43;CollectionIsEmptyTester;AbstractCollectionTester<E>;[];1;[[E]];[GwtCompatible];
;;guava;adce8999989d80c80fda3607dac324cbd47681c1;/home/luna/TG/java-projects/guava/guava-testlib/src/com/google/common/collect/testing/testers/ListAddAllAtIndexTester.java;32;182;ListAddAllAtIndexTester;AbstractListTester<E>;[];1;[[E]];[SuppressWarnings, GwtCompatible];
;;guava;adce8999989d80c80fda3607dac324cbd47681c1;/home/luna/TG/java-projects/guava/guava-testlib/src/com/google/common/collect/testing/testers/ListEqualsTester.java;29;90;ListEqualsTester;AbstractListTester<E>;[];1;[[E]];[GwtCompatible];
;;guava;adce8999989d80c80fda3607dac324cbd47681c1;/home/luna/TG/java-projects/guava/guava-testlib/src/com/google/common/collect/testing/testers/CollectionAddAllTester.java;38;200;CollectionAddAllTester;AbstractCollectionTester<E>;[];1;[[E]];[SuppressWarnings, GwtCompatible];
;;guava;adce8999989d80c80fda3607dac324cbd47681c1;/home/luna/TG/java-projects/guava/guava-testlib/src/com/google/common/collect/testing/testers/MapPutAllTester.java;42;204;MapPutAllTester;AbstractMapTester<K,V>;[];2;[[K, V], [K, V]];[SuppressWarnings, GwtCompatible];
;;guava;adce8999989d80c80fda3607dac324cbd47681c1;/home/luna/TG/java-projects/guava/guava-testlib/src/com/google/common/collect/testing/testers/CollectionSpliteratorTester.java;35;95;CollectionSpliteratorTester;AbstractCollectionTester<E>;[];1;[[E]];[GwtCompatible];
;;guava;adce8999989d80c80fda3607dac324cbd47681c1;/home/luna/TG/java-projects/guava/guava-testlib/src/com/google/common/collect/testing/testers/QueueOfferTester.java;25;57;QueueOfferTester;AbstractQueueTester<E>;[];1;[[E]];[SuppressWarnings, GwtCompatible];
;;guava;adce8999989d80c80fda3607dac324cbd47681c1;/home/luna/TG/java-projects/guava/guava-testlib/src/com/google/common/collect/testing/testers/AbstractQueueTester.java;23;33;AbstractQueueTester;AbstractCollectionTester<E>;[];1;[[E]];[GwtCompatible];
;;guava;adce8999989d80c80fda3607dac324cbd47681c1;/home/luna/TG/java-projects/guava/guava-testlib/src/com/google/common/collect/testing/testers/CollectionSizeTester.java;22;34;CollectionSizeTester;AbstractCollectionTester<E>;[];1;[[E]];[GwtCompatible];
;;guava;adce8999989d80c80fda3607dac324cbd47681c1;/home/luna/TG/java-projects/guava/guava-testlib/src/com/google/common/collect/testing/testers/NavigableSetNavigationTester.java;36;259;NavigableSetNavigationTester;AbstractSetTester<E>;[];1;[[E]];[GwtIncompatible];
;;guava;adce8999989d80c80fda3607dac324cbd47681c1;/home/luna/TG/java-projects/guava/guava-testlib/src/com/google/common/collect/testing/testers/MapCreationTester.java;36;154;MapCreationTester;AbstractMapTester<K,V>;[];2;[[K, V], [K, V]];[GwtCompatible];
;;guava;adce8999989d80c80fda3607dac324cbd47681c1;/home/luna/TG/java-projects/guava/guava-testlib/src/com/google/common/collect/testing/testers/AbstractSetTester.java;23;36;AbstractSetTester;AbstractCollectionTester<E>;[];1;[[E]];[GwtCompatible];
;;guava;adce8999989d80c80fda3607dac324cbd47681c1;/home/luna/TG/java-projects/guava/guava-testlib/src/com/google/common/collect/testing/testers/CollectionSerializationEqualTester.java;26;38;CollectionSerializationEqualTester;AbstractCollectionTester<E>;[];1;[[E]];[GwtCompatible];
;;guava;adce8999989d80c80fda3607dac324cbd47681c1;/home/luna/TG/java-projects/guava/guava-testlib/src/com/google/common/collect/testing/testers/ListAddTester.java;31;83;ListAddTester;AbstractListTester<E>;[];1;[[E]];[SuppressWarnings, GwtCompatible];
;;guava;adce8999989d80c80fda3607dac324cbd47681c1;/home/luna/TG/java-projects/guava/guava-testlib/src/com/google/common/collect/testing/testers/AbstractListIndexOfTester.java;27;91;AbstractListIndexOfTester;AbstractListTester<E>;[];1;[[E]];[GwtCompatible];
;;guava;adce8999989d80c80fda3607dac324cbd47681c1;/home/luna/TG/java-projects/guava/guava-testlib/src/com/google/common/collect/testing/testers/CollectionRemoveTester.java;34;152;CollectionRemoveTester;AbstractCollectionTester<E>;[];1;[[E]];[SuppressWarnings, GwtCompatible];
;;guava;adce8999989d80c80fda3607dac324cbd47681c1;/home/luna/TG/java-projects/guava/guava-testlib/src/com/google/common/collect/testing/testers/MapReplaceTester.java;31;108;MapReplaceTester;AbstractMapTester<K,V>;[];2;[[K, V], [K, V]];[GwtCompatible];
;;guava;adce8999989d80c80fda3607dac324cbd47681c1;/home/luna/TG/java-projects/guava/guava-testlib/src/com/google/common/collect/testing/testers/CollectionRemoveIfTester.java;34;103;CollectionRemoveIfTester;AbstractCollectionTester<E>;[];1;[[E]];[GwtCompatible, SuppressWarnings];
;;guava;adce8999989d80c80fda3607dac324cbd47681c1;/home/luna/TG/java-projects/guava/guava-testlib/src/com/google/common/collect/testing/testers/Platform.java;22;49;Platform;null;[];0;[];[GwtCompatible];
;;guava;adce8999989d80c80fda3607dac324cbd47681c1;/home/luna/TG/java-projects/guava/guava-testlib/src/com/google/common/collect/testing/testers/ConcurrentMapPutIfAbsentTester.java;31;134;ConcurrentMapPutIfAbsentTester;AbstractMapTester<K,V>;[];2;[[K, V], [K, V]];[GwtCompatible];
;;guava;adce8999989d80c80fda3607dac324cbd47681c1;/home/luna/TG/java-projects/guava/guava-testlib/src/com/google/common/collect/testing/testers/ListRetainAllTester.java;31;73;ListRetainAllTester;AbstractListTester<E>;[];1;[[E]];[GwtCompatible];
;;guava;adce8999989d80c80fda3607dac324cbd47681c1;/home/luna/TG/java-projects/guava/guava-testlib/src/com/google/common/collect/testing/testers/CollectionRemoveAllTester.java;36;206;CollectionRemoveAllTester;AbstractCollectionTester<E>;[];1;[[E]];[SuppressWarnings, GwtCompatible];
;;guava;adce8999989d80c80fda3607dac324cbd47681c1;/home/luna/TG/java-projects/guava/guava-testlib/src/com/google/common/collect/testing/testers/ListHashCodeTester.java;24;51;ListHashCodeTester;AbstractListTester<E>;[];1;[[E]];[GwtCompatible];
;;guava;adce8999989d80c80fda3607dac324cbd47681c1;/home/luna/TG/java-projects/guava/guava-testlib/src/com/google/common/collect/testing/testers/SortedMapNavigationTester.java;36;188;SortedMapNavigationTester;AbstractMapTester<K,V>;[];2;[[K, V], [K, V]];[GwtCompatible];
;;guava;adce8999989d80c80fda3607dac324cbd47681c1;/home/luna/TG/java-projects/guava/guava-testlib/src/com/google/common/collect/testing/testers/MapComputeIfAbsentTester.java;31;165;MapComputeIfAbsentTester;AbstractMapTester<K,V>;[];2;[[K, V], [K, V]];[GwtCompatible];
;;guava;adce8999989d80c80fda3607dac324cbd47681c1;/home/luna/TG/java-projects/guava/guava-testlib/src/com/google/common/collect/testing/testers/MapComputeIfAbsentTester.java;92;92;ExpectedException;RuntimeException;[];0;[];[];
;;guava;adce8999989d80c80fda3607dac324cbd47681c1;/home/luna/TG/java-projects/guava/guava-testlib/src/com/google/common/collect/testing/testers/ListRemoveAtIndexTester.java;33;114;ListRemoveAtIndexTester;AbstractListTester<E>;[];1;[[E]];[GwtCompatible];
;;guava;adce8999989d80c80fda3607dac324cbd47681c1;/home/luna/TG/java-projects/guava/guava-testlib/src/com/google/common/collect/testing/testers/SetEqualsTester.java;29;94;SetEqualsTester;AbstractSetTester<E>;[];1;[[E]];[GwtCompatible];
;;guava;adce8999989d80c80fda3607dac324cbd47681c1;/home/luna/TG/java-projects/guava/guava-testlib/src/com/google/common/collect/testing/testers/ListReplaceAllTester.java;28;65;ListReplaceAllTester;AbstractListTester<E>;[];1;[[E]];[GwtCompatible];
;;guava;adce8999989d80c80fda3607dac324cbd47681c1;/home/luna/TG/java-projects/guava/guava-testlib/src/com/google/common/collect/testing/SpliteratorTester.java;41;190;SpliteratorTester;null;[];1;[[E]];[GwtCompatible];
;;guava;adce8999989d80c80fda3607dac324cbd47681c1;/home/luna/TG/java-projects/guava/guava-testlib/src/com/google/common/collect/testing/SpliteratorTester.java;46;55;Ordered;null;[];0;[];[];
;;guava;adce8999989d80c80fda3607dac324cbd47681c1;/home/luna/TG/java-projects/guava/guava-testlib/src/com/google/common/collect/testing/UnhashableObject.java;21;58;UnhashableObject;null;[Comparable<UnhashableObject>];0;[];[GwtCompatible];
;;guava;adce8999989d80c80fda3607dac324cbd47681c1;/home/luna/TG/java-projects/guava/guava-testlib/src/com/google/common/collect/testing/QueueTestSuiteBuilder.java;28;68;QueueTestSuiteBuilder;AbstractCollectionTestSuiteBuilder<QueueTestSuiteBuilder<E>,E>;[];1;[[E]];[GwtIncompatible];
;;guava;adce8999989d80c80fda3607dac324cbd47681c1;/home/luna/TG/java-projects/guava/guava-testlib/src/com/google/common/collect/testing/TestMapEntrySetGenerator.java;24;64;TestMapEntrySetGenerator;null;[TestSetGenerator<Map.Entry<K,V>>];2;[[K, V], [K, V]];[GwtCompatible];
;;guava;adce8999989d80c80fda3607dac324cbd47681c1;/home/luna/TG/java-projects/guava/guava-testlib/src/com/google/common/collect/testing/NavigableSetTestSuiteBuilder.java;36;156;NavigableSetTestSuiteBuilder;SortedSetTestSuiteBuilder<E>;[];1;[[E]];[GwtIncompatible];
;;guava;adce8999989d80c80fda3607dac324cbd47681c1;/home/luna/TG/java-projects/guava/guava-testlib/src/com/google/common/collect/testing/NavigableSetTestSuiteBuilder.java;69;93;NavigableSetSubsetTestSetGenerator;SortedSetSubsetTestSetGenerator<E>;[];1;[[E]];[];
;;guava;adce8999989d80c80fda3607dac324cbd47681c1;/home/luna/TG/java-projects/guava/guava-testlib/src/com/google/common/collect/testing/ReserializingTestCollectionGenerator.java;28;83;ReserializingTestCollectionGenerator;null;[TestCollectionGenerator<E>];1;[[E]];[GwtIncompatible];
;;guava;adce8999989d80c80fda3607dac324cbd47681c1;/home/luna/TG/java-projects/guava/guava-testlib/src/com/google/common/collect/testing/TestStringSortedMapGenerator.java;26;66;TestStringSortedMapGenerator;TestStringMapGenerator;[TestSortedMapGenerator<String,String>];0;[];[GwtCompatible];
;;guava;adce8999989d80c80fda3607dac324cbd47681c1;/home/luna/TG/java-projects/guava/guava-testlib/src/com/google/common/collect/testing/AbstractMapTester.java;27;270;AbstractMapTester;AbstractContainerTester<Map<K,V>,Map.Entry<K,V>>;[];2;[[K, V], [K, V]];[GwtCompatible];
;;guava;adce8999989d80c80fda3607dac324cbd47681c1;/home/luna/TG/java-projects/guava/guava-testlib/src/com/google/common/collect/testing/ConcurrentNavigableMapTestSuiteBuilder.java;22;51;ConcurrentNavigableMapTestSuiteBuilder;NavigableMapTestSuiteBuilder<K,V>;[];2;[[K, V], [K, V]];[GwtIncompatible];
;;guava;adce8999989d80c80fda3607dac324cbd47681c1;/home/luna/TG/java-projects/guava/guava-testlib/src/com/google/common/collect/testing/SafeTreeMap.java;32;332;SafeTreeMap;null;[Serializable, NavigableMap<K,V>];2;[[K, V], [K, V]];[GwtIncompatible];
;;guava;adce8999989d80c80fda3607dac324cbd47681c1;/home/luna/TG/java-projects/guava/guava-testlib/src/com/google/common/collect/testing/AbstractCollectionTester.java;22;82;AbstractCollectionTester;AbstractContainerTester<Collection<E>,E>;[];1;[[E]];[GwtCompatible];
;;guava;adce8999989d80c80fda3607dac324cbd47681c1;/home/luna/TG/java-projects/guava/guava-testlib/src/com/google/common/collect/testing/TestStringQueueGenerator.java;24;58;TestStringQueueGenerator;null;[TestQueueGenerator<String>];0;[];[GwtCompatible];
;;guava;adce8999989d80c80fda3607dac324cbd47681c1;/home/luna/TG/java-projects/guava/guava-testlib/src/com/google/common/collect/testing/BaseComparable.java;22;57;BaseComparable;null;[Comparable<BaseComparable>, Serializable];0;[];[GwtCompatible];
;;guava;adce8999989d80c80fda3607dac324cbd47681c1;/home/luna/TG/java-projects/guava/guava-testlib/src/com/google/common/collect/testing/TestCharacterListGenerator.java;23;62;TestCharacterListGenerator;null;[TestListGenerator<Character>];0;[];[GwtCompatible];
;;guava;adce8999989d80c80fda3607dac324cbd47681c1;/home/luna/TG/java-projects/guava/guava-testlib/src/com/google/common/collect/testing/SafeTreeSet.java;28;256;SafeTreeSet;null;[Serializable, NavigableSet<E>];1;[[E]];[GwtIncompatible];
;;guava;adce8999989d80c80fda3607dac324cbd47681c1;/home/luna/TG/java-projects/guava/guava-testlib/src/com/google/common/collect/testing/ConcurrentMapInterfaceTest.java;23;845;ConcurrentMapInterfaceTest;MapInterfaceTest<K,V>;[];2;[[K, V], [K, V]];[GwtCompatible];
;;guava;adce8999989d80c80fda3607dac324cbd47681c1;/home/luna/TG/java-projects/guava/guava-testlib/src/com/google/common/collect/testing/MapInterfaceTest.java;32;1675;MapInterfaceTest;TestCase;[];2;[[K, V], [K, V]];[GwtCompatible];
;;guava;adce8999989d80c80fda3607dac324cbd47681c1;/home/luna/TG/java-projects/guava/guava-testlib/src/com/google/common/collect/testing/MapInterfaceTest.java;47;53;IncompatibleKeyType;null;[];0;[];[];
;;guava;adce8999989d80c80fda3607dac324cbd47681c1;/home/luna/TG/java-projects/guava/guava-testlib/src/com/google/common/collect/testing/AbstractCollectionTestSuiteBuilder.java;44;79;AbstractCollectionTestSuiteBuilder;PerCollectionSizeTestSuiteBuilder<B,TestCollectionGenerator<E>,Collection<E>,E>;[];2;[[B extends AbstractCollectionTestSuiteBuilder<B,E>, E], [B extends AbstractCollectionTestSuiteBuilder<B,E>, E]];[GwtIncompatible];
;;guava;adce8999989d80c80fda3607dac324cbd47681c1;/home/luna/TG/java-projects/guava/guava-testlib/src/com/google/common/collect/testing/DerivedIteratorTestSuiteBuilder.java;23;53;DerivedIteratorTestSuiteBuilder;FeatureSpecificTestSuiteBuilder<DerivedIteratorTestSuiteBuilder<E>,TestSubjectGenerator<? extends Iterable<E>>>;[];1;[[E]];[GwtIncompatible];
;;guava;adce8999989d80c80fda3607dac324cbd47681c1;/home/luna/TG/java-projects/guava/guava-testlib/src/com/google/common/collect/testing/TestSubjectGenerator.java;21;32;TestSubjectGenerator;null;[];1;[[T]];[GwtCompatible];
;;guava;adce8999989d80c80fda3607dac324cbd47681c1;/home/luna/TG/java-projects/guava/guava-testlib/src/com/google/common/collect/testing/TestsForListsInJavaUtil.java;46;345;TestsForListsInJavaUtil;null;[];0;[];[GwtIncompatible];
;;guava;adce8999989d80c80fda3607dac324cbd47681c1;/home/luna/TG/java-projects/guava/guava-testlib/src/com/google/common/collect/testing/DerivedCollectionGenerators.java;37;563;DerivedCollectionGenerators;null;[];0;[];[GwtCompatible];
;;guava;adce8999989d80c80fda3607dac324cbd47681c1;/home/luna/TG/java-projects/guava/guava-testlib/src/com/google/common/collect/testing/DerivedCollectionGenerators.java;44;77;MapEntrySetGenerator;null;[TestSetGenerator<Map.Entry<K,V>>, DerivedGenerator];2;[[K, V], [K, V]];[];
;;guava;adce8999989d80c80fda3607dac324cbd47681c1;/home/luna/TG/java-projects/guava/guava-testlib/src/com/google/common/collect/testing/DerivedCollectionGenerators.java;93;161;MapKeySetGenerator;null;[TestSetGenerator<K>, DerivedGenerator];2;[[K, V], [K, V]];[];
;;guava;adce8999989d80c80fda3607dac324cbd47681c1;/home/luna/TG/java-projects/guava/guava-testlib/src/com/google/common/collect/testing/DerivedCollectionGenerators.java;163;197;MapSortedKeySetGenerator;MapKeySetGenerator<K,V>;[TestSortedSetGenerator<K>, DerivedGenerator];2;[[K, V], [K, V]];[];
;;guava;adce8999989d80c80fda3607dac324cbd47681c1;/home/luna/TG/java-projects/guava/guava-testlib/src/com/google/common/collect/testing/DerivedCollectionGenerators.java;199;278;MapValueCollectionGenerator;null;[TestCollectionGenerator<V>, DerivedGenerator];2;[[K, V], [K, V]];[];
;;guava;adce8999989d80c80fda3607dac324cbd47681c1;/home/luna/TG/java-projects/guava/guava-testlib/src/com/google/common/collect/testing/DerivedCollectionGenerators.java;281;317;ForwardingTestMapGenerator;null;[TestMapGenerator<K,V>];2;[[K, V], [K, V]];[];
;;guava;adce8999989d80c80fda3607dac324cbd47681c1;/home/luna/TG/java-projects/guava/guava-testlib/src/com/google/common/collect/testing/DerivedCollectionGenerators.java;328;447;SortedSetSubsetTestSetGenerator;null;[TestSortedSetGenerator<E>];1;[[E]];[];
;;guava;adce8999989d80c80fda3607dac324cbd47681c1;/home/luna/TG/java-projects/guava/guava-testlib/src/com/google/common/collect/testing/DerivedCollectionGenerators.java;453;560;SortedMapSubmapTestMapGenerator;ForwardingTestMapGenerator<K,V>;[TestSortedMapGenerator<K,V>];2;[[K, V], [K, V]];[];
;;guava;adce8999989d80c80fda3607dac324cbd47681c1;/home/luna/TG/java-projects/guava/guava-testlib/src/com/google/common/collect/testing/MinimalIterable.java;24;91;MinimalIterable;null;[Iterable<E>];1;[[E]];[GwtCompatible];
;;guava;adce8999989d80c80fda3607dac324cbd47681c1;/home/luna/TG/java-projects/guava/guava-testlib/src/com/google/common/collect/testing/TestEnumSetGenerator.java;25;62;TestEnumSetGenerator;null;[TestSetGenerator<AnEnum>];0;[];[GwtCompatible];
;;guava;adce8999989d80c80fda3607dac324cbd47681c1;/home/luna/TG/java-projects/guava/guava-testlib/src/com/google/common/collect/testing/TestUnhashableCollectionGenerator.java;24;62;TestUnhashableCollectionGenerator;null;[TestCollectionGenerator<UnhashableObject>];1;[[T extends Collection<UnhashableObject>]];[GwtCompatible];
;;guava;adce8999989d80c80fda3607dac324cbd47681c1;/home/luna/TG/java-projects/guava/guava-testlib/src/com/google/common/collect/testing/TestsForQueuesInJavaUtil.java;38;270;TestsForQueuesInJavaUtil;null;[];0;[];[GwtIncompatible];
;;guava;adce8999989d80c80fda3607dac324cbd47681c1;/home/luna/TG/java-projects/guava/guava-testlib/src/com/google/common/collect/testing/TestsForSetsInJavaUtil.java;46;543;TestsForSetsInJavaUtil;null;[];0;[];[GwtIncompatible];
;;guava;adce8999989d80c80fda3607dac324cbd47681c1;/home/luna/TG/java-projects/guava/guava-testlib/src/com/google/common/collect/testing/TestsForSetsInJavaUtil.java;537;542;NullFriendlyComparator;null;[Comparator<T>, Serializable];1;[[T]];[];
;;guava;adce8999989d80c80fda3607dac324cbd47681c1;/home/luna/TG/java-projects/guava/guava-testlib/src/com/google/common/collect/testing/PerCollectionSizeTestSuiteBuilder.java;31;139;PerCollectionSizeTestSuiteBuilder;FeatureSpecificTestSuiteBuilder<B,G>;[];4;[[B extends PerCollectionSizeTestSuiteBuilder<B,G,T,E>, G extends TestContainerGenerator<T,E>, T, E], [B extends PerCollectionSizeTestSuiteBuilder<B,G,T,E>, G extends TestContainerGenerator<T,E>, T, E], [B extends PerCollectionSizeTestSuiteBuilder<B,G,T,E>, G extends TestContainerGenerator<T,E>, T, E], [B extends PerCollectionSizeTestSuiteBuilder<B,G,T,E>, G extends TestContainerGenerator<T,E>, T, E]];[GwtIncompatible];
;;guava;adce8999989d80c80fda3607dac324cbd47681c1;/home/luna/TG/java-projects/guava/guava-testlib/src/com/google/common/collect/testing/PerCollectionSizeTestSuiteBuilder.java;124;138;OneSizeTestSuiteBuilder;FeatureSpecificTestSuiteBuilder<OneSizeTestSuiteBuilder<T,E>,OneSizeGenerator<T,E>>;[];2;[[T, E], [T, E]];[];
;;guava;adce8999989d80c80fda3607dac324cbd47681c1;/home/luna/TG/java-projects/guava/guava-testlib/src/com/google/common/collect/testing/TestSortedSetGenerator.java;21;54;TestSortedSetGenerator;null;[TestSetGenerator<E>];1;[[E]];[GwtCompatible];
;;guava;adce8999989d80c80fda3607dac324cbd47681c1;/home/luna/TG/java-projects/guava/guava-testlib/src/com/google/common/collect/testing/NavigableMapTestSuiteBuilder.java;36;185;NavigableMapTestSuiteBuilder;SortedMapTestSuiteBuilder<K,V>;[];2;[[K, V], [K, V]];[GwtIncompatible];
;;guava;adce8999989d80c80fda3607dac324cbd47681c1;/home/luna/TG/java-projects/guava/guava-testlib/src/com/google/common/collect/testing/NavigableMapTestSuiteBuilder.java;85;109;NavigableMapSubmapTestMapGenerator;SortedMapSubmapTestMapGenerator<K,V>;[];2;[[K, V], [K, V]];[];
;;guava;adce8999989d80c80fda3607dac324cbd47681c1;/home/luna/TG/java-projects/guava/guava-testlib/src/com/google/common/collect/testing/NavigableMapTestSuiteBuilder.java;142;184;DescendingTestMapGenerator;ForwardingTestMapGenerator<K,V>;[TestSortedMapGenerator<K,V>];2;[[K, V], [K, V]];[];
;;guava;adce8999989d80c80fda3607dac324cbd47681c1;/home/luna/TG/java-projects/guava/guava-testlib/src/com/google/common/collect/testing/DerivedTestIteratorGenerator.java;22;46;DerivedTestIteratorGenerator;null;[TestIteratorGenerator<E>, DerivedGenerator];1;[[E]];[GwtCompatible];
;;guava;adce8999989d80c80fda3607dac324cbd47681c1;/home/luna/TG/java-projects/guava/guava-testlib/src/com/google/common/collect/testing/TestIteratorGenerator.java;22;32;TestIteratorGenerator;null;[];1;[[E]];[GwtCompatible];
;;guava;adce8999989d80c80fda3607dac324cbd47681c1;/home/luna/TG/java-projects/guava/guava-testlib/src/com/google/common/collect/testing/TestStringMapGenerator.java;24;81;TestStringMapGenerator;null;[TestMapGenerator<String,String>];0;[];[GwtCompatible];
;;guava;adce8999989d80c80fda3607dac324cbd47681c1;/home/luna/TG/java-projects/guava/guava-testlib/src/com/google/common/collect/testing/TestStringCollectionGenerator.java;24;58;TestStringCollectionGenerator;null;[TestCollectionGenerator<String>];0;[];[GwtCompatible];
;;guava;adce8999989d80c80fda3607dac324cbd47681c1;/home/luna/TG/java-projects/guava/guava-testlib/src/com/google/common/collect/testing/ListTestSuiteBuilder.java;54;158;ListTestSuiteBuilder;AbstractCollectionTestSuiteBuilder<ListTestSuiteBuilder<E>,E>;[];1;[[E]];[GwtIncompatible];
;;guava;adce8999989d80c80fda3607dac324cbd47681c1;/home/luna/TG/java-projects/guava/guava-testlib/src/com/google/common/collect/testing/ListTestSuiteBuilder.java;123;149;ReserializedListGenerator;null;[TestListGenerator<E>];1;[[E]];[];
;;guava;adce8999989d80c80fda3607dac324cbd47681c1;/home/luna/TG/java-projects/guava/guava-testlib/src/com/google/common/collect/testing/TestQueueGenerator.java;22;31;TestQueueGenerator;null;[TestCollectionGenerator<E>];1;[[E]];[GwtCompatible];
;;guava;adce8999989d80c80fda3607dac324cbd47681c1;/home/luna/TG/java-projects/guava/guava-testlib/src/com/google/common/collect/testing/TestEnumMapGenerator.java;26;80;TestEnumMapGenerator;null;[TestMapGenerator<AnEnum,String>];0;[];[GwtCompatible];
;;guava;adce8999989d80c80fda3607dac324cbd47681c1;/home/luna/TG/java-projects/guava/guava-testlib/src/com/google/common/collect/testing/SortedMapInterfaceTest.java;24;129;SortedMapInterfaceTest;MapInterfaceTest<K,V>;[];2;[[K, V], [K, V]];[GwtCompatible];
;;guava;adce8999989d80c80fda3607dac324cbd47681c1;/home/luna/TG/java-projects/guava/guava-testlib/src/com/google/common/collect/testing/AbstractContainerTester.java;26;265;AbstractContainerTester;AbstractTester<OneSizeTestContainerGenerator<C,E>>;[];2;[[C, E], [C, E]];[GwtCompatible];
;;guava;adce8999989d80c80fda3607dac324cbd47681c1;/home/luna/TG/java-projects/guava/guava-testlib/src/com/google/common/collect/testing/AbstractContainerTester.java;179;187;ArrayWithDuplicate;null;[];1;[[E]];[];
;;guava;adce8999989d80c80fda3607dac324cbd47681c1;/home/luna/TG/java-projects/guava/guava-testlib/src/com/google/common/collect/testing/TestListGenerator.java;22;31;TestListGenerator;null;[TestCollectionGenerator<E>];1;[[E]];[GwtCompatible];
;;guava;adce8999989d80c80fda3607dac324cbd47681c1;/home/luna/TG/java-projects/guava/guava-testlib/src/com/google/common/collect/testing/SortedSetTestSuiteBuilder.java;30;107;SortedSetTestSuiteBuilder;SetTestSuiteBuilder<E>;[];1;[[E]];[GwtIncompatible];
;;guava;adce8999989d80c80fda3607dac324cbd47681c1;/home/luna/TG/java-projects/guava/guava-testlib/src/com/google/common/collect/testing/TestSetGenerator.java;22;31;TestSetGenerator;null;[TestCollectionGenerator<E>];1;[[E]];[GwtCompatible];
;;guava;adce8999989d80c80fda3607dac324cbd47681c1;/home/luna/TG/java-projects/guava/guava-testlib/src/com/google/common/collect/testing/ExampleIteratorTester.java;21;31;ExampleIteratorTester;AbstractTester<TestIteratorGenerator<E>>;[];1;[[E]];[GwtCompatible];
;;guava;adce8999989d80c80fda3607dac324cbd47681c1;/home/luna/TG/java-projects/guava/guava-testlib/src/com/google/common/collect/testing/Helpers.java;43;529;Helpers;null;[];0;[];[GwtCompatible];
;;guava;adce8999989d80c80fda3607dac324cbd47681c1;/home/luna/TG/java-projects/guava/guava-testlib/src/com/google/common/collect/testing/Helpers.java;445;503;NullsBefore;null;[Comparator<String>, Serializable];0;[];[];
;;guava;adce8999989d80c80fda3607dac324cbd47681c1;/home/luna/TG/java-projects/guava/guava-testlib/src/com/google/common/collect/testing/Helpers.java;505;511;NullsBeforeB;NullsBefore;[];0;[];[];
;;guava;adce8999989d80c80fda3607dac324cbd47681c1;/home/luna/TG/java-projects/guava/guava-testlib/src/com/google/common/collect/testing/Helpers.java;513;519;NullsBeforeTwo;NullsBefore;[];0;[];[];
;;guava;adce8999989d80c80fda3607dac324cbd47681c1;/home/luna/TG/java-projects/guava/guava-testlib/src/com/google/common/collect/testing/TestIntegerSortedSetGenerator.java;24;42;TestIntegerSortedSetGenerator;TestIntegerSetGenerator;[];0;[];[GwtCompatible];
;;guava;adce8999989d80c80fda3607dac324cbd47681c1;/home/luna/TG/java-projects/guava/guava-testlib/src/com/google/common/collect/testing/ListIteratorTester.java;24;61;ListIteratorTester;AbstractIteratorTester<E,ListIterator<E>>;[];1;[[E]];[GwtCompatible];
;;guava;adce8999989d80c80fda3607dac324cbd47681c1;/home/luna/TG/java-projects/guava/guava-testlib/src/com/google/common/collect/testing/ReserializingTestSetGenerator.java;22;45;ReserializingTestSetGenerator;ReserializingTestCollectionGenerator<E>;[TestSetGenerator<E>];1;[[E]];[GwtIncompatible];
;;guava;adce8999989d80c80fda3607dac324cbd47681c1;/home/luna/TG/java-projects/guava/guava-testlib/src/com/google/common/collect/testing/TestContainerGenerator.java;24;66;TestContainerGenerator;null;[];2;[[T, E], [T, E]];[GwtCompatible];
;;guava;adce8999989d80c80fda3607dac324cbd47681c1;/home/luna/TG/java-projects/guava/guava-testlib/src/com/google/common/collect/testing/FeatureSpecificTestSuiteBuilder.java;42;323;FeatureSpecificTestSuiteBuilder;null;[];2;[[B extends FeatureSpecificTestSuiteBuilder<B,G>, G], [B extends FeatureSpecificTestSuiteBuilder<B,G>, G]];[GwtIncompatible];
;;guava;adce8999989d80c80fda3607dac324cbd47681c1;/home/luna/TG/java-projects/guava/guava-testlib/src/com/google/common/collect/testing/TestStringSortedSetGenerator.java;24;68;TestStringSortedSetGenerator;TestStringSetGenerator;[TestSortedSetGenerator<String>];0;[];[GwtCompatible];
;;guava;adce8999989d80c80fda3607dac324cbd47681c1;/home/luna/TG/java-projects/guava/guava-testlib/src/com/google/common/collect/testing/OneSizeGenerator.java;26;85;OneSizeGenerator;null;[OneSizeTestContainerGenerator<T,E>];2;[[T, E], [T, E]];[GwtCompatible];
;;guava;adce8999989d80c80fda3607dac324cbd47681c1;/home/luna/TG/java-projects/guava/guava-testlib/src/com/google/common/collect/testing/TestIntegerSetGenerator.java;24;69;TestIntegerSetGenerator;null;[TestSetGenerator<Integer>];0;[];[GwtCompatible];
;;guava;adce8999989d80c80fda3607dac324cbd47681c1;/home/luna/TG/java-projects/guava/guava-testlib/src/com/google/common/collect/testing/TestSortedMapGenerator.java;23;56;TestSortedMapGenerator;null;[TestMapGenerator<K,V>];2;[[K, V], [K, V]];[GwtCompatible];
;;guava;adce8999989d80c80fda3607dac324cbd47681c1;/home/luna/TG/java-projects/guava/guava-testlib/src/com/google/common/collect/testing/ConcurrentMapTestSuiteBuilder.java;25;52;ConcurrentMapTestSuiteBuilder;MapTestSuiteBuilder<K,V>;[];2;[[K, V], [K, V]];[GwtIncompatible];
;;guava;adce8999989d80c80fda3607dac324cbd47681c1;/home/luna/TG/java-projects/guava/guava-testlib/src/com/google/common/collect/testing/features/ConflictingRequirementsException.java;22;54;ConflictingRequirementsException;Exception;[];0;[];[GwtCompatible];
;;guava;adce8999989d80c80fda3607dac324cbd47681c1;/home/luna/TG/java-projects/guava/guava-testlib/src/com/google/common/collect/testing/features/TesterRequirements.java;24;80;TesterRequirements;null;[];0;[];[GwtCompatible];
;;guava;adce8999989d80c80fda3607dac324cbd47681c1;/home/luna/TG/java-projects/guava/guava-testlib/src/com/google/common/collect/testing/features/Feature.java;22;32;Feature;null;[];1;[[T]];[GwtCompatible];
;;guava;adce8999989d80c80fda3607dac324cbd47681c1;/home/luna/TG/java-projects/guava/guava-testlib/src/com/google/common/collect/testing/features/FeatureUtil.java;35;304;FeatureUtil;null;[];0;[];[GwtIncompatible];
;;guava;adce8999989d80c80fda3607dac324cbd47681c1;/home/luna/TG/java-projects/guava/guava-testlib/src/com/google/common/collect/testing/AbstractTester.java;22;83;AbstractTester;TestCase;[];1;[[G]];[GwtCompatible];
;;guava;adce8999989d80c80fda3607dac324cbd47681c1;/home/luna/TG/java-projects/guava/guava-testlib/src/com/google/common/collect/testing/MinimalSet.java;26;82;MinimalSet;MinimalCollection<E>;[Set<E>];1;[[E]];[GwtCompatible];
;;guava;adce8999989d80c80fda3607dac324cbd47681c1;/home/luna/TG/java-projects/guava/guava-testlib/src/com/google/common/collect/testing/MapTestSuiteBuilder.java;62;281;MapTestSuiteBuilder;PerCollectionSizeTestSuiteBuilder<MapTestSuiteBuilder<K,V>,TestMapGenerator<K,V>,Map<K,V>,Map.Entry<K,V>>;[];2;[[K, V], [K, V]];[GwtIncompatible];
;;guava;adce8999989d80c80fda3607dac324cbd47681c1;/home/luna/TG/java-projects/guava/guava-testlib/src/com/google/common/collect/testing/MapTestSuiteBuilder.java;243;280;ReserializedMapGenerator;null;[TestMapGenerator<K,V>];2;[[K, V], [K, V]];[];
;;guava;adce8999989d80c80fda3607dac324cbd47681c1;/home/luna/TG/java-projects/guava/guava-testlib/src/com/google/common/collect/testing/SetTestSuiteBuilder.java;39;123;SetTestSuiteBuilder;AbstractCollectionTestSuiteBuilder<SetTestSuiteBuilder<E>,E>;[];1;[[E]];[GwtIncompatible];
;;guava;adce8999989d80c80fda3607dac324cbd47681c1;/home/luna/TG/java-projects/guava/guava-testlib/src/com/google/common/collect/testing/SetTestSuiteBuilder.java;88;114;ReserializedSetGenerator;null;[TestSetGenerator<E>];1;[[E]];[];
;;guava;adce8999989d80c80fda3607dac324cbd47681c1;/home/luna/TG/java-projects/guava/guava-testlib/src/com/google/common/collect/testing/Platform.java;22;45;Platform;null;[];0;[];[GwtCompatible];
;;guava;adce8999989d80c80fda3607dac324cbd47681c1;/home/luna/TG/java-projects/guava/guava-testlib/src/com/google/common/collect/testing/IteratorTester.java;23;82;IteratorTester;AbstractIteratorTester<E,Iterator<E>>;[];1;[[E]];[GwtCompatible];
;;guava;adce8999989d80c80fda3607dac324cbd47681c1;/home/luna/TG/java-projects/guava/guava-testlib/src/com/google/common/collect/testing/SortedMapTestSuiteBuilder.java;34;133;SortedMapTestSuiteBuilder;MapTestSuiteBuilder<K,V>;[];2;[[K, V], [K, V]];[GwtIncompatible];
;;guava;adce8999989d80c80fda3607dac324cbd47681c1;/home/luna/TG/java-projects/guava/guava-testlib/src/com/google/common/collect/testing/TestMapGenerator.java;22;32;TestMapGenerator;null;[TestContainerGenerator<Map<K,V>,Map.Entry<K,V>>];2;[[K, V], [K, V]];[GwtCompatible];
;;guava;adce8999989d80c80fda3607dac324cbd47681c1;/home/luna/TG/java-projects/guava/guava-testlib/src/com/google/common/collect/testing/TestStringSetGenerator.java;24;69;TestStringSetGenerator;null;[TestSetGenerator<String>];0;[];[GwtCompatible];
;;guava;adce8999989d80c80fda3607dac324cbd47681c1;/home/luna/TG/java-projects/guava/guava-testlib/src/com/google/common/collect/testing/google/MultimapTestSuiteBuilder.java;59;682;MultimapTestSuiteBuilder;PerCollectionSizeTestSuiteBuilder<MultimapTestSuiteBuilder<K,V,M>,TestMultimapGenerator<K,V,M>,M,Map.Entry<K,V>>;[];3;[[K, V, M extends Multimap<K,V>], [K, V, M extends Multimap<K,V>], [K, V, M extends Multimap<K,V>]];[GwtIncompatible];
;;guava;adce8999989d80c80fda3607dac324cbd47681c1;/home/luna/TG/java-projects/guava/guava-testlib/src/com/google/common/collect/testing/google/MultimapTestSuiteBuilder.java;307;389;AsMapGenerator;null;[TestMapGenerator<K,Collection<V>>, DerivedGenerator];3;[[K, V, M extends Multimap<K,V>], [K, V, M extends Multimap<K,V>], [K, V, M extends Multimap<K,V>]];[];
;;guava;adce8999989d80c80fda3607dac324cbd47681c1;/home/luna/TG/java-projects/guava/guava-testlib/src/com/google/common/collect/testing/google/MultimapTestSuiteBuilder.java;391;424;EntriesGenerator;null;[TestCollectionGenerator<Entry<K,V>>, DerivedGenerator];3;[[K, V, M extends Multimap<K,V>], [K, V, M extends Multimap<K,V>], [K, V, M extends Multimap<K,V>]];[];
;;guava;adce8999989d80c80fda3607dac324cbd47681c1;/home/luna/TG/java-projects/guava/guava-testlib/src/com/google/common/collect/testing/google/MultimapTestSuiteBuilder.java;426;477;ValuesGenerator;null;[TestCollectionGenerator<V>];3;[[K, V, M extends Multimap<K,V>], [K, V, M extends Multimap<K,V>], [K, V, M extends Multimap<K,V>]];[];
;;guava;adce8999989d80c80fda3607dac324cbd47681c1;/home/luna/TG/java-projects/guava/guava-testlib/src/com/google/common/collect/testing/google/MultimapTestSuiteBuilder.java;479;545;KeysGenerator;null;[TestMultisetGenerator<K>, DerivedGenerator];3;[[K, V, M extends Multimap<K,V>], [K, V, M extends Multimap<K,V>], [K, V, M extends Multimap<K,V>]];[];
;;guava;adce8999989d80c80fda3607dac324cbd47681c1;/home/luna/TG/java-projects/guava/guava-testlib/src/com/google/common/collect/testing/google/MultimapTestSuiteBuilder.java;547;598;MultimapGetGenerator;null;[TestCollectionGenerator<V>];3;[[K, V, M extends Multimap<K,V>], [K, V, M extends Multimap<K,V>], [K, V, M extends Multimap<K,V>]];[];
;;guava;adce8999989d80c80fda3607dac324cbd47681c1;/home/luna/TG/java-projects/guava/guava-testlib/src/com/google/common/collect/testing/google/MultimapTestSuiteBuilder.java;600;620;MultimapAsMapGetGenerator;MultimapGetGenerator<K,V,M>;[];3;[[K, V, M extends Multimap<K,V>], [K, V, M extends Multimap<K,V>], [K, V, M extends Multimap<K,V>]];[];
;;guava;adce8999989d80c80fda3607dac324cbd47681c1;/home/luna/TG/java-projects/guava/guava-testlib/src/com/google/common/collect/testing/google/MultimapTestSuiteBuilder.java;622;681;ReserializedMultimapGenerator;null;[TestMultimapGenerator<K,V,M>];3;[[K, V, M extends Multimap<K,V>], [K, V, M extends Multimap<K,V>], [K, V, M extends Multimap<K,V>]];[];
;;guava;adce8999989d80c80fda3607dac324cbd47681c1;/home/luna/TG/java-projects/guava/guava-testlib/src/com/google/common/collect/testing/google/MultimapKeySetTester.java;31;77;MultimapKeySetTester;AbstractMultimapTester<K,V,Multimap<K,V>>;[];2;[[K, V], [K, V]];[GwtCompatible];
;;guava;adce8999989d80c80fda3607dac324cbd47681c1;/home/luna/TG/java-projects/guava/guava-testlib/src/com/google/common/collect/testing/google/MultimapToStringTester.java;29;68;MultimapToStringTester;AbstractMultimapTester<K,V,Multimap<K,V>>;[];2;[[K, V], [K, V]];[GwtCompatible];
;;guava;adce8999989d80c80fda3607dac324cbd47681c1;/home/luna/TG/java-projects/guava/guava-testlib/src/com/google/common/collect/testing/google/MultimapAsMapGetTester.java;35;135;MultimapAsMapGetTester;AbstractMultimapTester<K,V,Multimap<K,V>>;[];2;[[K, V], [K, V]];[GwtCompatible];
;;guava;adce8999989d80c80fda3607dac324cbd47681c1;/home/luna/TG/java-projects/guava/guava-testlib/src/com/google/common/collect/testing/google/MultimapReplaceValuesTester.java;37;142;MultimapReplaceValuesTester;AbstractMultimapTester<K,V,Multimap<K,V>>;[];2;[[K, V], [K, V]];[GwtCompatible];
;;guava;adce8999989d80c80fda3607dac324cbd47681c1;/home/luna/TG/java-projects/guava/guava-testlib/src/com/google/common/collect/testing/google/MultimapContainsEntryTester.java;30;90;MultimapContainsEntryTester;AbstractMultimapTester<K,V,Multimap<K,V>>;[];2;[[K, V], [K, V]];[GwtCompatible];
;;guava;adce8999989d80c80fda3607dac324cbd47681c1;/home/luna/TG/java-projects/guava/guava-testlib/src/com/google/common/collect/testing/google/GoogleHelpers.java;24;39;GoogleHelpers;null;[];0;[];[GwtCompatible];
;;guava;adce8999989d80c80fda3607dac324cbd47681c1;/home/luna/TG/java-projects/guava/guava-testlib/src/com/google/common/collect/testing/google/MultimapSizeTester.java;32;104;MultimapSizeTester;AbstractMultimapTester<K,V,Multimap<K,V>>;[];2;[[K, V], [K, V]];[GwtCompatible];
;;guava;adce8999989d80c80fda3607dac324cbd47681c1;/home/luna/TG/java-projects/guava/guava-testlib/src/com/google/common/collect/testing/google/ListMultimapTestSuiteBuilder.java;38;137;ListMultimapTestSuiteBuilder;MultimapTestSuiteBuilder<K,V,ListMultimap<K,V>>;[];2;[[K, V], [K, V]];[GwtIncompatible];
;;guava;adce8999989d80c80fda3607dac324cbd47681c1;/home/luna/TG/java-projects/guava/guava-testlib/src/com/google/common/collect/testing/google/ListMultimapTestSuiteBuilder.java;110;122;MultimapGetGenerator;MultimapTestSuiteBuilder.MultimapGetGenerator<K,V,ListMultimap<K,V>>;[TestListGenerator<V>];2;[[K, V], [K, V]];[];
;;guava;adce8999989d80c80fda3607dac324cbd47681c1;/home/luna/TG/java-projects/guava/guava-testlib/src/com/google/common/collect/testing/google/ListMultimapTestSuiteBuilder.java;124;136;MultimapAsMapGetGenerator;MultimapTestSuiteBuilder.MultimapAsMapGetGenerator<K,V,ListMultimap<K,V>>;[TestListGenerator<V>];2;[[K, V], [K, V]];[];
;;guava;adce8999989d80c80fda3607dac324cbd47681c1;/home/luna/TG/java-projects/guava/guava-testlib/src/com/google/common/collect/testing/google/MultimapKeysTester.java;35;105;MultimapKeysTester;AbstractMultimapTester<K,V,Multimap<K,V>>;[];2;[[K, V], [K, V]];[GwtCompatible];
;;guava;adce8999989d80c80fda3607dac324cbd47681c1;/home/luna/TG/java-projects/guava/guava-testlib/src/com/google/common/collect/testing/google/ListMultimapPutTester.java;29;76;ListMultimapPutTester;AbstractListMultimapTester<K,V>;[];2;[[K, V], [K, V]];[GwtCompatible];
;;guava;adce8999989d80c80fda3607dac324cbd47681c1;/home/luna/TG/java-projects/guava/guava-testlib/src/com/google/common/collect/testing/google/MultisetElementSetTester.java;31;84;MultisetElementSetTester;AbstractMultisetTester<E>;[];1;[[E]];[GwtCompatible];
;;guava;adce8999989d80c80fda3607dac324cbd47681c1;/home/luna/TG/java-projects/guava/guava-testlib/src/com/google/common/collect/testing/google/MultisetContainsTester.java;23;39;MultisetContainsTester;AbstractMultisetTester<E>;[];1;[[E]];[GwtCompatible];
;;guava;adce8999989d80c80fda3607dac324cbd47681c1;/home/luna/TG/java-projects/guava/guava-testlib/src/com/google/common/collect/testing/google/MultimapForEachTester.java;29;48;MultimapForEachTester;AbstractMultimapTester<K,V,Multimap<K,V>>;[];2;[[K, V], [K, V]];[GwtCompatible];
;;guava;adce8999989d80c80fda3607dac324cbd47681c1;/home/luna/TG/java-projects/guava/guava-testlib/src/com/google/common/collect/testing/google/ListGenerators.java;34;143;ListGenerators;null;[];0;[];[GwtCompatible];
;;guava;adce8999989d80c80fda3607dac324cbd47681c1;/home/luna/TG/java-projects/guava/guava-testlib/src/com/google/common/collect/testing/google/ListGenerators.java;44;49;ImmutableListOfGenerator;TestStringListGenerator;[];0;[];[];
;;guava;adce8999989d80c80fda3607dac324cbd47681c1;/home/luna/TG/java-projects/guava/guava-testlib/src/com/google/common/collect/testing/google/ListGenerators.java;51;60;BuilderAddListGenerator;TestStringListGenerator;[];0;[];[];
;;guava;adce8999989d80c80fda3607dac324cbd47681c1;/home/luna/TG/java-projects/guava/guava-testlib/src/com/google/common/collect/testing/google/ListGenerators.java;62;67;BuilderAddAllListGenerator;TestStringListGenerator;[];0;[];[];
;;guava;adce8999989d80c80fda3607dac324cbd47681c1;/home/luna/TG/java-projects/guava/guava-testlib/src/com/google/common/collect/testing/google/ListGenerators.java;69;76;BuilderReversedListGenerator;TestStringListGenerator;[];0;[];[];
;;guava;adce8999989d80c80fda3607dac324cbd47681c1;/home/luna/TG/java-projects/guava/guava-testlib/src/com/google/common/collect/testing/google/ListGenerators.java;78;87;ImmutableListHeadSubListGenerator;TestStringListGenerator;[];0;[];[];
;;guava;adce8999989d80c80fda3607dac324cbd47681c1;/home/luna/TG/java-projects/guava/guava-testlib/src/com/google/common/collect/testing/google/ListGenerators.java;89;98;ImmutableListTailSubListGenerator;TestStringListGenerator;[];0;[];[];
;;guava;adce8999989d80c80fda3607dac324cbd47681c1;/home/luna/TG/java-projects/guava/guava-testlib/src/com/google/common/collect/testing/google/ListGenerators.java;100;113;ImmutableListMiddleSubListGenerator;TestStringListGenerator;[];0;[];[];
;;guava;adce8999989d80c80fda3607dac324cbd47681c1;/home/luna/TG/java-projects/guava/guava-testlib/src/com/google/common/collect/testing/google/ListGenerators.java;115;121;CharactersOfStringGenerator;TestCharacterListGenerator;[];0;[];[];
;;guava;adce8999989d80c80fda3607dac324cbd47681c1;/home/luna/TG/java-projects/guava/guava-testlib/src/com/google/common/collect/testing/google/ListGenerators.java;123;131;CharactersOfCharSequenceGenerator;TestCharacterListGenerator;[];0;[];[];
;;guava;adce8999989d80c80fda3607dac324cbd47681c1;/home/luna/TG/java-projects/guava/guava-testlib/src/com/google/common/collect/testing/google/ListGenerators.java;133;135;TestUnhashableListGenerator;TestUnhashableCollectionGenerator<List<UnhashableObject>>;[TestListGenerator<UnhashableObject>];0;[];[];
;;guava;adce8999989d80c80fda3607dac324cbd47681c1;/home/luna/TG/java-projects/guava/guava-testlib/src/com/google/common/collect/testing/google/ListGenerators.java;137;142;UnhashableElementsImmutableListGenerator;TestUnhashableListGenerator;[];0;[];[];
;;guava;adce8999989d80c80fda3607dac324cbd47681c1;/home/luna/TG/java-projects/guava/guava-testlib/src/com/google/common/collect/testing/google/BiMapInverseTester.java;32;82;BiMapInverseTester;AbstractBiMapTester<K,V>;[];2;[[K, V], [K, V]];[GwtCompatible];
;;guava;adce8999989d80c80fda3607dac324cbd47681c1;/home/luna/TG/java-projects/guava/guava-testlib/src/com/google/common/collect/testing/google/BiMapInverseTester.java;57;67;BiMapPair;null;[Serializable];2;[[K, V], [K, V]];[];
;;guava;adce8999989d80c80fda3607dac324cbd47681c1;/home/luna/TG/java-projects/guava/guava-testlib/src/com/google/common/collect/testing/google/MultimapGetTester.java;37;156;MultimapGetTester;AbstractMultimapTester<K,V,Multimap<K,V>>;[];2;[[K, V], [K, V]];[GwtCompatible];
;;guava;adce8999989d80c80fda3607dac324cbd47681c1;/home/luna/TG/java-projects/guava/guava-testlib/src/com/google/common/collect/testing/google/MultisetSetCountConditionallyTester.java;28;110;MultisetSetCountConditionallyTester;AbstractMultisetSetCountTester<E>;[];1;[[E]];[GwtCompatible];
;;guava;adce8999989d80c80fda3607dac324cbd47681c1;/home/luna/TG/java-projects/guava/guava-testlib/src/com/google/common/collect/testing/google/MultimapValuesTester.java;32;64;MultimapValuesTester;AbstractMultimapTester<K,V,Multimap<K,V>>;[];2;[[K, V], [K, V]];[GwtCompatible];
;;guava;adce8999989d80c80fda3607dac324cbd47681c1;/home/luna/TG/java-projects/guava/guava-testlib/src/com/google/common/collect/testing/google/BiMapGenerators.java;27;64;BiMapGenerators;null;[];0;[];[GwtCompatible];
;;guava;adce8999989d80c80fda3607dac324cbd47681c1;/home/luna/TG/java-projects/guava/guava-testlib/src/com/google/common/collect/testing/google/BiMapGenerators.java;36;45;ImmutableBiMapGenerator;TestStringBiMapGenerator;[];0;[];[];
;;guava;adce8999989d80c80fda3607dac324cbd47681c1;/home/luna/TG/java-projects/guava/guava-testlib/src/com/google/common/collect/testing/google/BiMapGenerators.java;47;56;ImmutableBiMapCopyOfGenerator;TestStringBiMapGenerator;[];0;[];[];
;;guava;adce8999989d80c80fda3607dac324cbd47681c1;/home/luna/TG/java-projects/guava/guava-testlib/src/com/google/common/collect/testing/google/BiMapGenerators.java;58;63;ImmutableBiMapCopyOfEntriesGenerator;TestStringBiMapGenerator;[];0;[];[];
;;guava;adce8999989d80c80fda3607dac324cbd47681c1;/home/luna/TG/java-projects/guava/guava-testlib/src/com/google/common/collect/testing/google/MultisetEntrySetTester.java;36;253;MultisetEntrySetTester;AbstractMultisetTester<E>;[];1;[[E]];[GwtCompatible];
;;guava;adce8999989d80c80fda3607dac324cbd47681c1;/home/luna/TG/java-projects/guava/guava-testlib/src/com/google/common/collect/testing/google/MultisetIteratorTester.java;32;112;MultisetIteratorTester;AbstractMultisetTester<E>;[];1;[[E]];[GwtCompatible];
;;guava;adce8999989d80c80fda3607dac324cbd47681c1;/home/luna/TG/java-projects/guava/guava-testlib/src/com/google/common/collect/testing/google/AbstractBiMapTester.java;28;83;AbstractBiMapTester;AbstractMapTester<K,V>;[];2;[[K, V], [K, V]];[GwtCompatible];
;;guava;adce8999989d80c80fda3607dac324cbd47681c1;/home/luna/TG/java-projects/guava/guava-testlib/src/com/google/common/collect/testing/google/MultisetSerializationTester.java;27;46;MultisetSerializationTester;AbstractMultisetTester<E>;[];1;[[E]];[GwtCompatible];
;;guava;adce8999989d80c80fda3607dac324cbd47681c1;/home/luna/TG/java-projects/guava/guava-testlib/src/com/google/common/collect/testing/google/MultimapPutIterableTester.java;36;219;MultimapPutIterableTester;AbstractMultimapTester<K,V,Multimap<K,V>>;[];2;[[K, V], [K, V]];[GwtCompatible];
;;guava;adce8999989d80c80fda3607dac324cbd47681c1;/home/luna/TG/java-projects/guava/guava-testlib/src/com/google/common/collect/testing/google/SetMultimapEqualsTester.java;25;48;SetMultimapEqualsTester;AbstractMultimapTester<K,V,SetMultimap<K,V>>;[];2;[[K, V], [K, V]];[GwtCompatible];
;;guava;adce8999989d80c80fda3607dac324cbd47681c1;/home/luna/TG/java-projects/guava/guava-testlib/src/com/google/common/collect/testing/google/MultisetReadsTester.java;28;113;MultisetReadsTester;AbstractMultisetTester<E>;[];1;[[E]];[GwtCompatible];
;;guava;adce8999989d80c80fda3607dac324cbd47681c1;/home/luna/TG/java-projects/guava/guava-testlib/src/com/google/common/collect/testing/google/MultimapRemoveAllTester.java;35;91;MultimapRemoveAllTester;AbstractMultimapTester<K,V,Multimap<K,V>>;[];2;[[K, V], [K, V]];[GwtCompatible];
;;guava;adce8999989d80c80fda3607dac324cbd47681c1;/home/luna/TG/java-projects/guava/guava-testlib/src/com/google/common/collect/testing/google/TestStringBiMapGenerator.java;27;85;TestStringBiMapGenerator;null;[TestBiMapGenerator<String,String>];0;[];[GwtCompatible];
;;guava;adce8999989d80c80fda3607dac324cbd47681c1;/home/luna/TG/java-projects/guava/guava-testlib/src/com/google/common/collect/testing/google/TestStringListMultimapGenerator.java;28;98;TestStringListMultimapGenerator;null;[TestListMultimapGenerator<String,String>];0;[];[GwtCompatible];
;;guava;adce8999989d80c80fda3607dac324cbd47681c1;/home/luna/TG/java-projects/guava/guava-testlib/src/com/google/common/collect/testing/google/ListMultimapPutAllTester.java;26;49;ListMultimapPutAllTester;AbstractListMultimapTester<K,V>;[];2;[[K, V], [K, V]];[GwtCompatible];
;;guava;adce8999989d80c80fda3607dac324cbd47681c1;/home/luna/TG/java-projects/guava/guava-testlib/src/com/google/common/collect/testing/google/SetMultimapAsMapTester.java;36;101;SetMultimapAsMapTester;AbstractMultimapTester<K,V,SetMultimap<K,V>>;[];2;[[K, V], [K, V]];[GwtCompatible];
;;guava;adce8999989d80c80fda3607dac324cbd47681c1;/home/luna/TG/java-projects/guava/guava-testlib/src/com/google/common/collect/testing/google/MultisetRemoveTester.java;37;193;MultisetRemoveTester;AbstractMultisetTester<E>;[];1;[[E]];[GwtCompatible];
;;guava;adce8999989d80c80fda3607dac324cbd47681c1;/home/luna/TG/java-projects/guava/guava-testlib/src/com/google/common/collect/testing/google/MultimapClearTester.java;32;136;MultimapClearTester;AbstractMultimapTester<K,V,Multimap<K,V>>;[];2;[[K, V], [K, V]];[GwtCompatible];
;;guava;adce8999989d80c80fda3607dac324cbd47681c1;/home/luna/TG/java-projects/guava/guava-testlib/src/com/google/common/collect/testing/google/AbstractMultisetSetCountTester.java;40;406;AbstractMultisetSetCountTester;AbstractMultisetTester<E>;[];1;[[E]];[GwtCompatible];
;;guava;adce8999989d80c80fda3607dac324cbd47681c1;/home/luna/TG/java-projects/guava/guava-testlib/src/com/google/common/collect/testing/google/MultisetCountTester.java;34;92;MultisetCountTester;AbstractMultisetTester<E>;[];1;[[E]];[GwtCompatible];
;;guava;adce8999989d80c80fda3607dac324cbd47681c1;/home/luna/TG/java-projects/guava/guava-testlib/src/com/google/common/collect/testing/google/DerivedGoogleCollectionGenerators.java;35;211;DerivedGoogleCollectionGenerators;null;[];0;[];[GwtCompatible];
;;guava;adce8999989d80c80fda3607dac324cbd47681c1;/home/luna/TG/java-projects/guava/guava-testlib/src/com/google/common/collect/testing/google/DerivedGoogleCollectionGenerators.java;43;87;MapGenerator;null;[TestMapGenerator<K,V>, DerivedGenerator];2;[[K, V], [K, V]];[];
;;guava;adce8999989d80c80fda3607dac324cbd47681c1;/home/luna/TG/java-projects/guava/guava-testlib/src/com/google/common/collect/testing/google/DerivedGoogleCollectionGenerators.java;89;150;InverseBiMapGenerator;null;[TestBiMapGenerator<V,K>, DerivedGenerator];2;[[K, V], [K, V]];[];
;;guava;adce8999989d80c80fda3607dac324cbd47681c1;/home/luna/TG/java-projects/guava/guava-testlib/src/com/google/common/collect/testing/google/DerivedGoogleCollectionGenerators.java;152;208;BiMapValueSetGenerator;null;[TestSetGenerator<V>, DerivedGenerator];2;[[K, V], [K, V]];[];
;;guava;adce8999989d80c80fda3607dac324cbd47681c1;/home/luna/TG/java-projects/guava/guava-testlib/src/com/google/common/collect/testing/google/MapGenerators.java;40;186;MapGenerators;null;[];0;[];[GwtCompatible];
;;guava;adce8999989d80c80fda3607dac324cbd47681c1;/home/luna/TG/java-projects/guava/guava-testlib/src/com/google/common/collect/testing/google/MapGenerators.java;48;57;ImmutableMapGenerator;TestStringMapGenerator;[];0;[];[];
;;guava;adce8999989d80c80fda3607dac324cbd47681c1;/home/luna/TG/java-projects/guava/guava-testlib/src/com/google/common/collect/testing/google/MapGenerators.java;59;68;ImmutableMapCopyOfGenerator;TestStringMapGenerator;[];0;[];[];
;;guava;adce8999989d80c80fda3607dac324cbd47681c1;/home/luna/TG/java-projects/guava/guava-testlib/src/com/google/common/collect/testing/google/MapGenerators.java;70;75;ImmutableMapCopyOfEntriesGenerator;TestStringMapGenerator;[];0;[];[];
;;guava;adce8999989d80c80fda3607dac324cbd47681c1;/home/luna/TG/java-projects/guava/guava-testlib/src/com/google/common/collect/testing/google/MapGenerators.java;77;89;ImmutableMapUnhashableValuesGenerator;TestUnhashableCollectionGenerator<Collection<UnhashableObject>>;[];0;[];[];
;;guava;adce8999989d80c80fda3607dac324cbd47681c1;/home/luna/TG/java-projects/guava/guava-testlib/src/com/google/common/collect/testing/google/MapGenerators.java;91;100;ImmutableMapKeyListGenerator;TestStringListGenerator;[];0;[];[];
;;guava;adce8999989d80c80fda3607dac324cbd47681c1;/home/luna/TG/java-projects/guava/guava-testlib/src/com/google/common/collect/testing/google/MapGenerators.java;102;111;ImmutableMapValueListGenerator;TestStringListGenerator;[];0;[];[];
;;guava;adce8999989d80c80fda3607dac324cbd47681c1;/home/luna/TG/java-projects/guava/guava-testlib/src/com/google/common/collect/testing/google/MapGenerators.java;113;147;ImmutableMapEntryListGenerator;null;[TestListGenerator<Entry<String,Integer>>];0;[];[];
;;guava;adce8999989d80c80fda3607dac324cbd47681c1;/home/luna/TG/java-projects/guava/guava-testlib/src/com/google/common/collect/testing/google/MapGenerators.java;149;159;ImmutableEnumMapGenerator;TestEnumMapGenerator;[];0;[];[];
;;guava;adce8999989d80c80fda3607dac324cbd47681c1;/home/luna/TG/java-projects/guava/guava-testlib/src/com/google/common/collect/testing/google/MapGenerators.java;161;181;ImmutableMapCopyOfEnumMapGenerator;TestEnumMapGenerator;[];0;[];[];
;;guava;adce8999989d80c80fda3607dac324cbd47681c1;/home/luna/TG/java-projects/guava/guava-testlib/src/com/google/common/collect/testing/google/MultisetNavigationTester.java;41;676;MultisetNavigationTester;AbstractMultisetTester<E>;[];1;[[E]];[GwtCompatible];
;;guava;adce8999989d80c80fda3607dac324cbd47681c1;/home/luna/TG/java-projects/guava/guava-testlib/src/com/google/common/collect/testing/google/AbstractMultisetTester.java;23;37;AbstractMultisetTester;AbstractCollectionTester<E>;[];1;[[E]];[GwtCompatible];
;;guava;adce8999989d80c80fda3607dac324cbd47681c1;/home/luna/TG/java-projects/guava/guava-testlib/src/com/google/common/collect/testing/google/MultimapAsMapTester.java;42;140;MultimapAsMapTester;AbstractMultimapTester<K,V,Multimap<K,V>>;[];2;[[K, V], [K, V]];[GwtCompatible];
;;guava;adce8999989d80c80fda3607dac324cbd47681c1;/home/luna/TG/java-projects/guava/guava-testlib/src/com/google/common/collect/testing/google/MultimapPutAllMultimapTester.java;30;109;MultimapPutAllMultimapTester;AbstractMultimapTester<K,V,Multimap<K,V>>;[];2;[[K, V], [K, V]];[GwtCompatible];
;;guava;adce8999989d80c80fda3607dac324cbd47681c1;/home/luna/TG/java-projects/guava/guava-testlib/src/com/google/common/collect/testing/google/MultimapRemoveEntryTester.java;38;189;MultimapRemoveEntryTester;AbstractMultimapTester<K,V,Multimap<K,V>>;[];2;[[K, V], [K, V]];[GwtCompatible];
;;guava;adce8999989d80c80fda3607dac324cbd47681c1;/home/luna/TG/java-projects/guava/guava-testlib/src/com/google/common/collect/testing/google/TestStringMultisetGenerator.java;25;59;TestStringMultisetGenerator;null;[TestMultisetGenerator<String>];0;[];[GwtCompatible];
;;guava;adce8999989d80c80fda3607dac324cbd47681c1;/home/luna/TG/java-projects/guava/guava-testlib/src/com/google/common/collect/testing/google/SetMultimapPutTester.java;31;72;SetMultimapPutTester;AbstractMultimapTester<K,V,SetMultimap<K,V>>;[];2;[[K, V], [K, V]];[GwtCompatible];
;;guava;adce8999989d80c80fda3607dac324cbd47681c1;/home/luna/TG/java-projects/guava/guava-testlib/src/com/google/common/collect/testing/google/TestMultimapGenerator.java;26;44;TestMultimapGenerator;null;[TestContainerGenerator<M,Map.Entry<K,V>>];3;[[K, V, M extends Multimap<K,V>], [K, V, M extends Multimap<K,V>], [K, V, M extends Multimap<K,V>]];[GwtCompatible];
;;guava;adce8999989d80c80fda3607dac324cbd47681c1;/home/luna/TG/java-projects/guava/guava-testlib/src/com/google/common/collect/testing/google/BiMapRemoveTester.java;29;94;BiMapRemoveTester;AbstractBiMapTester<K,V>;[];2;[[K, V], [K, V]];[GwtCompatible];
;;guava;adce8999989d80c80fda3607dac324cbd47681c1;/home/luna/TG/java-projects/guava/guava-testlib/src/com/google/common/collect/testing/google/SetMultimapPutAllTester.java;27;51;SetMultimapPutAllTester;AbstractMultimapTester<K,V,SetMultimap<K,V>>;[];2;[[K, V], [K, V]];[GwtCompatible];
;;guava;adce8999989d80c80fda3607dac324cbd47681c1;/home/luna/TG/java-projects/guava/guava-testlib/src/com/google/common/collect/testing/google/MultimapContainsKeyTester.java;28;89;MultimapContainsKeyTester;AbstractMultimapTester<K,V,Multimap<K,V>>;[];2;[[K, V], [K, V]];[GwtCompatible];
;;guava;adce8999989d80c80fda3607dac324cbd47681c1;/home/luna/TG/java-projects/guava/guava-testlib/src/com/google/common/collect/testing/google/SetMultimapTestSuiteBuilder.java;37;151;SetMultimapTestSuiteBuilder;MultimapTestSuiteBuilder<K,V,SetMultimap<K,V>>;[];2;[[K, V], [K, V]];[GwtIncompatible];
;;guava;adce8999989d80c80fda3607dac324cbd47681c1;/home/luna/TG/java-projects/guava/guava-testlib/src/com/google/common/collect/testing/google/SetMultimapTestSuiteBuilder.java;109;122;EntriesGenerator;MultimapTestSuiteBuilder.EntriesGenerator<K,V,SetMultimap<K,V>>;[TestSetGenerator<Entry<K,V>>];2;[[K, V], [K, V]];[];
;;guava;adce8999989d80c80fda3607dac324cbd47681c1;/home/luna/TG/java-projects/guava/guava-testlib/src/com/google/common/collect/testing/google/SetMultimapTestSuiteBuilder.java;124;136;MultimapGetGenerator;MultimapTestSuiteBuilder.MultimapGetGenerator<K,V,SetMultimap<K,V>>;[TestSetGenerator<V>];2;[[K, V], [K, V]];[];
;;guava;adce8999989d80c80fda3607dac324cbd47681c1;/home/luna/TG/java-projects/guava/guava-testlib/src/com/google/common/collect/testing/google/SetMultimapTestSuiteBuilder.java;138;150;MultimapAsMapGetGenerator;MultimapTestSuiteBuilder.MultimapAsMapGetGenerator<K,V,SetMultimap<K,V>>;[TestSetGenerator<V>];2;[[K, V], [K, V]];[];
;;guava;adce8999989d80c80fda3607dac324cbd47681c1;/home/luna/TG/java-projects/guava/guava-testlib/src/com/google/common/collect/testing/google/BiMapClearTester.java;25;79;BiMapClearTester;AbstractBiMapTester<K,V>;[];2;[[K, V], [K, V]];[GwtCompatible];
;;guava;adce8999989d80c80fda3607dac324cbd47681c1;/home/luna/TG/java-projects/guava/guava-testlib/src/com/google/common/collect/testing/google/TestEnumMultisetGenerator.java;27;65;TestEnumMultisetGenerator;null;[TestMultisetGenerator<AnEnum>];0;[];[GwtCompatible];
;;guava;adce8999989d80c80fda3607dac324cbd47681c1;/home/luna/TG/java-projects/guava/guava-testlib/src/com/google/common/collect/testing/google/ListMultimapEqualsTester.java;25;48;ListMultimapEqualsTester;AbstractListMultimapTester<K,V>;[];2;[[K, V], [K, V]];[GwtCompatible];
;;guava;adce8999989d80c80fda3607dac324cbd47681c1;/home/luna/TG/java-projects/guava/guava-testlib/src/com/google/common/collect/testing/google/MultimapPutTester.java;39;220;MultimapPutTester;AbstractMultimapTester<K,V,Multimap<K,V>>;[];2;[[K, V], [K, V]];[GwtCompatible];
;;guava;adce8999989d80c80fda3607dac324cbd47681c1;/home/luna/TG/java-projects/guava/guava-testlib/src/com/google/common/collect/testing/google/TestStringSetMultimapGenerator.java;27;97;TestStringSetMultimapGenerator;null;[TestSetMultimapGenerator<String,String>];0;[];[GwtCompatible];
;;guava;adce8999989d80c80fda3607dac324cbd47681c1;/home/luna/TG/java-projects/guava/guava-testlib/src/com/google/common/collect/testing/google/MultimapContainsValueTester.java;28;66;MultimapContainsValueTester;AbstractMultimapTester<K,V,Multimap<K,V>>;[];2;[[K, V], [K, V]];[GwtCompatible];
;;guava;adce8999989d80c80fda3607dac324cbd47681c1;/home/luna/TG/java-projects/guava/guava-testlib/src/com/google/common/collect/testing/google/MultisetSetCountUnconditionallyTester.java;21;46;MultisetSetCountUnconditionallyTester;AbstractMultisetSetCountTester<E>;[];1;[[E]];[GwtCompatible];
;;guava;adce8999989d80c80fda3607dac324cbd47681c1;/home/luna/TG/java-projects/guava/guava-testlib/src/com/google/common/collect/testing/google/BiMapPutTester.java;27;86;BiMapPutTester;AbstractBiMapTester<K,V>;[];2;[[K, V], [K, V]];[GwtCompatible];
;;guava;adce8999989d80c80fda3607dac324cbd47681c1;/home/luna/TG/java-projects/guava/guava-testlib/src/com/google/common/collect/testing/google/SortedSetMultimapTestSuiteBuilder.java;35;97;SortedSetMultimapTestSuiteBuilder;MultimapTestSuiteBuilder<K,V,SetMultimap<K,V>>;[];2;[[K, V], [K, V]];[GwtIncompatible];
;;guava;adce8999989d80c80fda3607dac324cbd47681c1;/home/luna/TG/java-projects/guava/guava-testlib/src/com/google/common/collect/testing/google/BiMapTestSuiteBuilder.java;43;158;BiMapTestSuiteBuilder;PerCollectionSizeTestSuiteBuilder<BiMapTestSuiteBuilder<K,V>,TestBiMapGenerator<K,V>,BiMap<K,V>,Map.Entry<K,V>>;[];2;[[K, V], [K, V]];[GwtIncompatible];
;;guava;adce8999989d80c80fda3607dac324cbd47681c1;/home/luna/TG/java-projects/guava/guava-testlib/src/com/google/common/collect/testing/google/ListMultimapAsMapTester.java;36;102;ListMultimapAsMapTester;AbstractListMultimapTester<K,V>;[];2;[[K, V], [K, V]];[GwtCompatible];
;;guava;adce8999989d80c80fda3607dac324cbd47681c1;/home/luna/TG/java-projects/guava/guava-testlib/src/com/google/common/collect/testing/google/ListMultimapReplaceValuesTester.java;26;44;ListMultimapReplaceValuesTester;AbstractListMultimapTester<K,V>;[];2;[[K, V], [K, V]];[GwtCompatible];
;;guava;adce8999989d80c80fda3607dac324cbd47681c1;/home/luna/TG/java-projects/guava/guava-testlib/src/com/google/common/collect/testing/google/MultimapEntriesTester.java;38;120;MultimapEntriesTester;AbstractMultimapTester<K,V,Multimap<K,V>>;[];2;[[K, V], [K, V]];[GwtCompatible];
;;guava;adce8999989d80c80fda3607dac324cbd47681c1;/home/luna/TG/java-projects/guava/guava-testlib/src/com/google/common/collect/testing/google/MultimapEqualsTester.java;31;90;MultimapEqualsTester;AbstractMultimapTester<K,V,Multimap<K,V>>;[];2;[[K, V], [K, V]];[GwtCompatible];
;;guava;adce8999989d80c80fda3607dac324cbd47681c1;/home/luna/TG/java-projects/guava/guava-testlib/src/com/google/common/collect/testing/google/UnmodifiableCollectionTests.java;39;419;UnmodifiableCollectionTests;null;[];0;[];[GwtCompatible];
;;guava;adce8999989d80c80fda3607dac324cbd47681c1;/home/luna/TG/java-projects/guava/guava-testlib/src/com/google/common/collect/testing/google/MultisetTestSuiteBuilder.java;48;283;MultisetTestSuiteBuilder;AbstractCollectionTestSuiteBuilder<MultisetTestSuiteBuilder<E>,E>;[];1;[[E]];[GwtIncompatible];
;;guava;adce8999989d80c80fda3607dac324cbd47681c1;/home/luna/TG/java-projects/guava/guava-testlib/src/com/google/common/collect/testing/google/MultisetTestSuiteBuilder.java;164;195;ElementSetGenerator;null;[TestSetGenerator<E>];1;[[E]];[];
;;guava;adce8999989d80c80fda3607dac324cbd47681c1;/home/luna/TG/java-projects/guava/guava-testlib/src/com/google/common/collect/testing/google/MultisetTestSuiteBuilder.java;197;254;EntrySetGenerator;null;[TestSetGenerator<Multiset.Entry<E>>];1;[[E]];[];
;;guava;adce8999989d80c80fda3607dac324cbd47681c1;/home/luna/TG/java-projects/guava/guava-testlib/src/com/google/common/collect/testing/google/MultisetTestSuiteBuilder.java;256;282;ReserializedMultisetGenerator;null;[TestMultisetGenerator<E>];1;[[E]];[];
;;guava;adce8999989d80c80fda3607dac324cbd47681c1;/home/luna/TG/java-projects/guava/guava-testlib/src/com/google/common/collect/testing/google/ListMultimapRemoveTester.java;32;103;ListMultimapRemoveTester;AbstractListMultimapTester<K,V>;[];2;[[K, V], [K, V]];[GwtCompatible];
;;guava;adce8999989d80c80fda3607dac324cbd47681c1;/home/luna/TG/java-projects/guava/guava-testlib/src/com/google/common/collect/testing/google/MultisetForEachEntryTester.java;29;52;MultisetForEachEntryTester;AbstractMultisetTester<E>;[];1;[[E]];[GwtCompatible];
;;guava;adce8999989d80c80fda3607dac324cbd47681c1;/home/luna/TG/java-projects/guava/guava-testlib/src/com/google/common/collect/testing/google/TestBiMapGenerator.java;24;35;TestBiMapGenerator;null;[TestContainerGenerator<BiMap<K,V>,Map.Entry<K,V>>];2;[[K, V], [K, V]];[GwtCompatible];
;;guava;adce8999989d80c80fda3607dac324cbd47681c1;/home/luna/TG/java-projects/guava/guava-testlib/src/com/google/common/collect/testing/google/SetMultimapReplaceValuesTester.java;26;46;SetMultimapReplaceValuesTester;AbstractMultimapTester<K,V,SetMultimap<K,V>>;[];2;[[K, V], [K, V]];[GwtCompatible];
;;guava;adce8999989d80c80fda3607dac324cbd47681c1;/home/luna/TG/java-projects/guava/guava-testlib/src/com/google/common/collect/testing/google/TestListMultimapGenerator.java;22;29;TestListMultimapGenerator;null;[TestMultimapGenerator<K,V,ListMultimap<K,V>>];2;[[K, V], [K, V]];[GwtCompatible];
;;guava;adce8999989d80c80fda3607dac324cbd47681c1;/home/luna/TG/java-projects/guava/guava-testlib/src/com/google/common/collect/testing/google/MultisetWritesTester.java;37;265;MultisetWritesTester;AbstractMultisetTester<E>;[];1;[[E]];[GwtCompatible];
;;guava;adce8999989d80c80fda3607dac324cbd47681c1;/home/luna/TG/java-projects/guava/guava-testlib/src/com/google/common/collect/testing/google/AbstractListMultimapTester.java;24;52;AbstractListMultimapTester;AbstractMultimapTester<K,V,ListMultimap<K,V>>;[];2;[[K, V], [K, V]];[GwtCompatible];
;;guava;adce8999989d80c80fda3607dac324cbd47681c1;/home/luna/TG/java-projects/guava/guava-testlib/src/com/google/common/collect/testing/google/MultisetAddTester.java;26;125;MultisetAddTester;AbstractMultisetTester<E>;[];1;[[E]];[GwtCompatible];
;;guava;adce8999989d80c80fda3607dac324cbd47681c1;/home/luna/TG/java-projects/guava/guava-testlib/src/com/google/common/collect/testing/google/AbstractMultimapTester.java;32;204;AbstractMultimapTester;AbstractContainerTester<M,Map.Entry<K,V>>;[];3;[[K, V, M extends Multimap<K,V>], [K, V, M extends Multimap<K,V>], [K, V, M extends Multimap<K,V>]];[GwtCompatible];
;;guava;adce8999989d80c80fda3607dac324cbd47681c1;/home/luna/TG/java-projects/guava/guava-testlib/src/com/google/common/collect/testing/google/TestSetMultimapGenerator.java;22;29;TestSetMultimapGenerator;null;[TestMultimapGenerator<K,V,SetMultimap<K,V>>];2;[[K, V], [K, V]];[GwtCompatible];
;;guava;adce8999989d80c80fda3607dac324cbd47681c1;/home/luna/TG/java-projects/guava/guava-testlib/src/com/google/common/collect/testing/google/SortedSetMultimapAsMapTester.java;27;60;SortedSetMultimapAsMapTester;AbstractMultimapTester<K,V,SortedSetMultimap<K,V>>;[];2;[[K, V], [K, V]];[GwtCompatible];
;;guava;adce8999989d80c80fda3607dac324cbd47681c1;/home/luna/TG/java-projects/guava/guava-testlib/src/com/google/common/collect/testing/google/SortedMultisetTestSuiteBuilder.java;48;317;SortedMultisetTestSuiteBuilder;MultisetTestSuiteBuilder<E>;[];1;[[E]];[GwtIncompatible];
;;guava;adce8999989d80c80fda3607dac324cbd47681c1;/home/luna/TG/java-projects/guava/guava-testlib/src/com/google/common/collect/testing/google/SortedMultisetTestSuiteBuilder.java;290;316;ForwardingTestMultisetGenerator;null;[TestMultisetGenerator<E>];1;[[E]];[];
;;guava;adce8999989d80c80fda3607dac324cbd47681c1;/home/luna/TG/java-projects/guava/guava-testlib/src/com/google/common/collect/testing/google/SortedSetMultimapGetTester.java;22;33;SortedSetMultimapGetTester;AbstractMultimapTester<K,V,SortedSetMultimap<K,V>>;[];2;[[K, V], [K, V]];[GwtCompatible];
;;guava;adce8999989d80c80fda3607dac324cbd47681c1;/home/luna/TG/java-projects/guava/guava-testlib/src/com/google/common/collect/testing/google/TestMultisetGenerator.java;23;32;TestMultisetGenerator;null;[TestCollectionGenerator<E>];1;[[E]];[GwtCompatible];
;;guava;adce8999989d80c80fda3607dac324cbd47681c1;/home/luna/TG/java-projects/guava/guava-testlib/src/com/google/common/collect/testing/google/SortedMapGenerators.java;34;133;SortedMapGenerators;null;[];0;[];[GwtCompatible];
;;guava;adce8999989d80c80fda3607dac324cbd47681c1;/home/luna/TG/java-projects/guava/guava-testlib/src/com/google/common/collect/testing/google/SortedMapGenerators.java;46;56;ImmutableSortedMapGenerator;TestStringSortedMapGenerator;[];0;[];[];
;;guava;adce8999989d80c80fda3607dac324cbd47681c1;/home/luna/TG/java-projects/guava/guava-testlib/src/com/google/common/collect/testing/google/SortedMapGenerators.java;58;64;ImmutableSortedMapCopyOfEntriesGenerator;TestStringSortedMapGenerator;[];0;[];[];
;;guava;adce8999989d80c80fda3607dac324cbd47681c1;/home/luna/TG/java-projects/guava/guava-testlib/src/com/google/common/collect/testing/google/SortedMapGenerators.java;66;105;ImmutableSortedMapEntryListGenerator;null;[TestListGenerator<Entry<String,Integer>>];0;[];[];
;;guava;adce8999989d80c80fda3607dac324cbd47681c1;/home/luna/TG/java-projects/guava/guava-testlib/src/com/google/common/collect/testing/google/SortedMapGenerators.java;107;121;ImmutableSortedMapKeyListGenerator;TestStringListGenerator;[];0;[];[];
;;guava;adce8999989d80c80fda3607dac324cbd47681c1;/home/luna/TG/java-projects/guava/guava-testlib/src/com/google/common/collect/testing/google/SortedMapGenerators.java;123;132;ImmutableSortedMapValueListGenerator;TestStringListGenerator;[];0;[];[];
;;guava;adce8999989d80c80fda3607dac324cbd47681c1;/home/luna/TG/java-projects/guava/guava-testlib/src/com/google/common/collect/testing/google/MultisetEqualsTester.java;25;61;MultisetEqualsTester;AbstractMultisetTester<E>;[];1;[[E]];[GwtCompatible];
;;guava;adce8999989d80c80fda3607dac324cbd47681c1;/home/luna/TG/java-projects/guava/guava-testlib/src/com/google/common/collect/testing/google/SetGenerators.java;54;377;SetGenerators;null;[];0;[];[GwtCompatible];
;;guava;adce8999989d80c80fda3607dac324cbd47681c1;/home/luna/TG/java-projects/guava/guava-testlib/src/com/google/common/collect/testing/google/SetGenerators.java;64;69;ImmutableSetCopyOfGenerator;TestStringSetGenerator;[];0;[];[];
;;guava;adce8999989d80c80fda3607dac324cbd47681c1;/home/luna/TG/java-projects/guava/guava-testlib/src/com/google/common/collect/testing/google/SetGenerators.java;71;80;ImmutableSetWithBadHashesGenerator;TestCollidingSetGenerator;[TestCollectionGenerator<Object>];0;[];[];
;;guava;adce8999989d80c80fda3607dac324cbd47681c1;/home/luna/TG/java-projects/guava/guava-testlib/src/com/google/common/collect/testing/google/SetGenerators.java;82;90;DegeneratedImmutableSetGenerator;TestStringSetGenerator;[];0;[];[];
;;guava;adce8999989d80c80fda3607dac324cbd47681c1;/home/luna/TG/java-projects/guava/guava-testlib/src/com/google/common/collect/testing/google/SetGenerators.java;92;97;ImmutableSortedSetCopyOfGenerator;TestStringSortedSetGenerator;[];0;[];[];
;;guava;adce8999989d80c80fda3607dac324cbd47681c1;/home/luna/TG/java-projects/guava/guava-testlib/src/com/google/common/collect/testing/google/SetGenerators.java;99;106;ImmutableSortedSetHeadsetGenerator;TestStringSortedSetGenerator;[];0;[];[];
;;guava;adce8999989d80c80fda3607dac324cbd47681c1;/home/luna/TG/java-projects/guava/guava-testlib/src/com/google/common/collect/testing/google/SetGenerators.java;108;115;ImmutableSortedSetTailsetGenerator;TestStringSortedSetGenerator;[];0;[];[];
;;guava;adce8999989d80c80fda3607dac324cbd47681c1;/home/luna/TG/java-projects/guava/guava-testlib/src/com/google/common/collect/testing/google/SetGenerators.java;117;125;ImmutableSortedSetSubsetGenerator;TestStringSortedSetGenerator;[];0;[];[];
;;guava;adce8999989d80c80fda3607dac324cbd47681c1;/home/luna/TG/java-projects/guava/guava-testlib/src/com/google/common/collect/testing/google/SetGenerators.java;127;133;ImmutableSortedSetDescendingGenerator;TestStringSortedSetGenerator;[];0;[];[GwtIncompatible];
;;guava;adce8999989d80c80fda3607dac324cbd47681c1;/home/luna/TG/java-projects/guava/guava-testlib/src/com/google/common/collect/testing/google/SetGenerators.java;135;149;ImmutableSortedSetExplicitComparator;TestStringSetGenerator;[];0;[];[];
;;guava;adce8999989d80c80fda3607dac324cbd47681c1;/home/luna/TG/java-projects/guava/guava-testlib/src/com/google/common/collect/testing/google/SetGenerators.java;151;166;ImmutableSortedSetExplicitSuperclassComparatorGenerator;TestStringSetGenerator;[];0;[];[];
;;guava;adce8999989d80c80fda3607dac324cbd47681c1;/home/luna/TG/java-projects/guava/guava-testlib/src/com/google/common/collect/testing/google/SetGenerators.java;168;182;ImmutableSortedSetReversedOrderGenerator;TestStringSetGenerator;[];0;[];[];
;;guava;adce8999989d80c80fda3607dac324cbd47681c1;/home/luna/TG/java-projects/guava/guava-testlib/src/com/google/common/collect/testing/google/SetGenerators.java;184;189;ImmutableSortedSetUnhashableGenerator;TestUnhashableSetGenerator;[];0;[];[];
;;guava;adce8999989d80c80fda3607dac324cbd47681c1;/home/luna/TG/java-projects/guava/guava-testlib/src/com/google/common/collect/testing/google/SetGenerators.java;191;196;ImmutableSetAsListGenerator;TestStringListGenerator;[];0;[];[];
;;guava;adce8999989d80c80fda3607dac324cbd47681c1;/home/luna/TG/java-projects/guava/guava-testlib/src/com/google/common/collect/testing/google/SetGenerators.java;198;205;ImmutableSortedSetAsListGenerator;TestStringListGenerator;[];0;[];[];
;;guava;adce8999989d80c80fda3607dac324cbd47681c1;/home/luna/TG/java-projects/guava/guava-testlib/src/com/google/common/collect/testing/google/SetGenerators.java;207;217;ImmutableSortedSetSubsetAsListGenerator;TestStringListGenerator;[];0;[];[];
;;guava;adce8999989d80c80fda3607dac324cbd47681c1;/home/luna/TG/java-projects/guava/guava-testlib/src/com/google/common/collect/testing/google/SetGenerators.java;219;230;ImmutableSortedSetDescendingAsListGenerator;TestStringListGenerator;[];0;[];[GwtIncompatible];
;;guava;adce8999989d80c80fda3607dac324cbd47681c1;/home/luna/TG/java-projects/guava/guava-testlib/src/com/google/common/collect/testing/google/SetGenerators.java;232;242;ImmutableSortedSetAsListSubListGenerator;TestStringListGenerator;[];0;[];[];
;;guava;adce8999989d80c80fda3607dac324cbd47681c1;/home/luna/TG/java-projects/guava/guava-testlib/src/com/google/common/collect/testing/google/SetGenerators.java;244;261;ImmutableSortedSetSubsetAsListSubListGenerator;TestStringListGenerator;[];0;[];[];
;;guava;adce8999989d80c80fda3607dac324cbd47681c1;/home/luna/TG/java-projects/guava/guava-testlib/src/com/google/common/collect/testing/google/SetGenerators.java;263;265;TestUnhashableSetGenerator;TestUnhashableCollectionGenerator<Set<UnhashableObject>>;[TestSetGenerator<UnhashableObject>];0;[];[];
;;guava;adce8999989d80c80fda3607dac324cbd47681c1;/home/luna/TG/java-projects/guava/guava-testlib/src/com/google/common/collect/testing/google/SetGenerators.java;300;305;ContiguousSetGenerator;AbstractContiguousSetGenerator;[];0;[];[];
;;guava;adce8999989d80c80fda3607dac324cbd47681c1;/home/luna/TG/java-projects/guava/guava-testlib/src/com/google/common/collect/testing/google/SetGenerators.java;307;315;ContiguousSetHeadsetGenerator;AbstractContiguousSetGenerator;[];0;[];[];
;;guava;adce8999989d80c80fda3607dac324cbd47681c1;/home/luna/TG/java-projects/guava/guava-testlib/src/com/google/common/collect/testing/google/SetGenerators.java;317;325;ContiguousSetTailsetGenerator;AbstractContiguousSetGenerator;[];0;[];[];
;;guava;adce8999989d80c80fda3607dac324cbd47681c1;/home/luna/TG/java-projects/guava/guava-testlib/src/com/google/common/collect/testing/google/SetGenerators.java;327;344;ContiguousSetSubsetGenerator;AbstractContiguousSetGenerator;[];0;[];[];
;;guava;adce8999989d80c80fda3607dac324cbd47681c1;/home/luna/TG/java-projects/guava/guava-testlib/src/com/google/common/collect/testing/google/SetGenerators.java;346;359;ContiguousSetDescendingGenerator;AbstractContiguousSetGenerator;[];0;[];[GwtIncompatible];
;;guava;adce8999989d80c80fda3607dac324cbd47681c1;/home/luna/TG/java-projects/guava/guava-testlib/src/com/google/common/collect/testing/google/SetGenerators.java;361;376;AbstractContiguousSetGenerator;TestIntegerSortedSetGenerator;[];0;[];[];
;;guava;adce8999989d80c80fda3607dac324cbd47681c1;/home/luna/TG/java-projects/guava/guava-testlib/src/com/google/common/collect/testing/IteratorTestSuiteBuilder.java;24;40;IteratorTestSuiteBuilder;FeatureSpecificTestSuiteBuilder<IteratorTestSuiteBuilder<E>,TestIteratorGenerator<?>>;[];1;[[E]];[GwtIncompatible];
;;guava;adce8999989d80c80fda3607dac324cbd47681c1;/home/luna/TG/java-projects/guava/guava-testlib/src/com/google/common/collect/testing/SampleElements.java;25;155;SampleElements;null;[Iterable<E>];1;[[E]];[GwtCompatible];
;;guava;adce8999989d80c80fda3607dac324cbd47681c1;/home/luna/TG/java-projects/guava/guava-testlib/src/com/google/common/collect/testing/SampleElements.java;56;68;Strings;SampleElements<String>;[];0;[];[];
;;guava;adce8999989d80c80fda3607dac324cbd47681c1;/home/luna/TG/java-projects/guava/guava-testlib/src/com/google/common/collect/testing/SampleElements.java;70;75;Chars;SampleElements<Character>;[];0;[];[];
;;guava;adce8999989d80c80fda3607dac324cbd47681c1;/home/luna/TG/java-projects/guava/guava-testlib/src/com/google/common/collect/testing/SampleElements.java;77;82;Enums;SampleElements<AnEnum>;[];0;[];[];
;;guava;adce8999989d80c80fda3607dac324cbd47681c1;/home/luna/TG/java-projects/guava/guava-testlib/src/com/google/common/collect/testing/SampleElements.java;84;89;Ints;SampleElements<Integer>;[];0;[];[];
;;guava;adce8999989d80c80fda3607dac324cbd47681c1;/home/luna/TG/java-projects/guava/guava-testlib/src/com/google/common/collect/testing/SampleElements.java;121;130;Unhashables;SampleElements<UnhashableObject>;[];0;[];[];
;;guava;adce8999989d80c80fda3607dac324cbd47681c1;/home/luna/TG/java-projects/guava/guava-testlib/src/com/google/common/collect/testing/SampleElements.java;132;136;Colliders;SampleElements<Object>;[];0;[];[];
;;guava;adce8999989d80c80fda3607dac324cbd47681c1;/home/luna/TG/java-projects/guava/guava-testlib/src/com/google/common/collect/testing/SampleElements.java;138;154;Collider;null;[];0;[];[];
;;guava;adce8999989d80c80fda3607dac324cbd47681c1;/home/luna/TG/java-projects/guava/guava-testlib/src/com/google/common/collect/testing/DerivedGenerator.java;21;35;DerivedGenerator;null;[];0;[];[GwtCompatible];
;;guava;adce8999989d80c80fda3607dac324cbd47681c1;/home/luna/TG/java-projects/guava/guava-testlib/src/com/google/common/collect/testing/TestsForMapsInJavaUtil.java;45;569;TestsForMapsInJavaUtil;null;[];0;[];[GwtIncompatible];
;;guava;adce8999989d80c80fda3607dac324cbd47681c1;/home/luna/TG/java-projects/guava/guava-testlib/src/com/google/common/collect/testing/TestsForMapsInJavaUtil.java;563;568;NullFriendlyComparator;null;[Comparator<T>, Serializable];1;[[T]];[];
;;guava;adce8999989d80c80fda3607dac324cbd47681c1;/home/luna/TG/java-projects/guava/guava-testlib/src/com/google/common/collect/testing/TestStringListGenerator.java;23;61;TestStringListGenerator;null;[TestListGenerator<String>];0;[];[GwtCompatible];
;;guava;adce8999989d80c80fda3607dac324cbd47681c1;/home/luna/TG/java-projects/guava/guava-testlib/src/com/google/common/graph/testing/TestGraphBuilder.java;23;60;TestGraphBuilder;null;[];1;[[N]];[];
;;guava;adce8999989d80c80fda3607dac324cbd47681c1;/home/luna/TG/java-projects/guava/guava-testlib/src/com/google/common/graph/testing/TestNetworkBuilder.java;23;60;TestNetworkBuilder;null;[];2;[[N, E], [N, E]];[];
;;guava;adce8999989d80c80fda3607dac324cbd47681c1;/home/luna/TG/java-projects/guava/guava-testlib/src/com/google/common/testing/SloppyTearDown.java;24;48;SloppyTearDown;null;[TearDown];0;[];[Beta, GwtCompatible];
;;guava;adce8999989d80c80fda3607dac324cbd47681c1;/home/luna/TG/java-projects/guava/guava-testlib/src/com/google/common/testing/EquivalenceTester.java;31;115;EquivalenceTester;null;[];1;[[T]];[Beta, GwtCompatible];
;;guava;adce8999989d80c80fda3607dac324cbd47681c1;/home/luna/TG/java-projects/guava/guava-testlib/src/com/google/common/testing/TearDown.java;22;52;TearDown;null;[];0;[];[Beta, FunctionalInterface, GwtCompatible];
;;guava;adce8999989d80c80fda3607dac324cbd47681c1;/home/luna/TG/java-projects/guava/guava-testlib/src/com/google/common/testing/ForwardingWrapperTester.java;39;230;ForwardingWrapperTester;null;[];0;[];[Beta, GwtIncompatible];
;;guava;adce8999989d80c80fda3607dac324cbd47681c1;/home/luna/TG/java-projects/guava/guava-testlib/src/com/google/common/testing/ForwardingWrapperTester.java;178;229;InteractionTester;AbstractInvocationHandler;[];1;[[T]];[];
;;guava;adce8999989d80c80fda3607dac324cbd47681c1;/home/luna/TG/java-projects/guava/guava-testlib/src/com/google/common/testing/ClusterException.java;24;121;ClusterException;RuntimeException;[];0;[];[GwtCompatible];
;;guava;adce8999989d80c80fda3607dac324cbd47681c1;/home/luna/TG/java-projects/guava/guava-testlib/src/com/google/common/testing/GcFinalization.java;32;304;GcFinalization;null;[];0;[];[Beta, GwtIncompatible, J2ObjCIncompatible];
;;guava;adce8999989d80c80fda3607dac324cbd47681c1;/home/luna/TG/java-projects/guava/guava-testlib/src/com/google/common/testing/GcFinalization.java;200;213;FinalizationPredicate;null;[];0;[];[];
;;guava;adce8999989d80c80fda3607dac324cbd47681c1;/home/luna/TG/java-projects/guava/guava-testlib/src/com/google/common/testing/AbstractPackageSanityTests.java;50;414;AbstractPackageSanityTests;TestCase;[];0;[];[Beta, GwtIncompatible, J2ObjCIncompatible];
;;guava;adce8999989d80c80fda3607dac324cbd47681c1;/home/luna/TG/java-projects/guava/guava-testlib/src/com/google/common/testing/AbstractPackageSanityTests.java;389;413;Chopper;null;[];0;[];[];
;;guava;adce8999989d80c80fda3607dac324cbd47681c1;/home/luna/TG/java-projects/guava/guava-testlib/src/com/google/common/testing/TestLogHandler.java;28;93;TestLogHandler;Handler;[];0;[];[Beta, GwtCompatible];
;;guava;adce8999989d80c80fda3607dac324cbd47681c1;/home/luna/TG/java-projects/guava/guava-testlib/src/com/google/common/testing/FreshValueGenerator.java;124;892;FreshValueGenerator;null;[];0;[];[GwtIncompatible];
;;guava;adce8999989d80c80fda3607dac324cbd47681c1;/home/luna/TG/java-projects/guava/guava-testlib/src/com/google/common/testing/FreshValueGenerator.java;281;308;FreshInvocationHandler;AbstractInvocationHandler;[];0;[];[];
;;guava;adce8999989d80c80fda3607dac324cbd47681c1;/home/luna/TG/java-projects/guava/guava-testlib/src/com/google/common/testing/RelationshipTester.java;28;155;RelationshipTester;null;[];1;[[T]];[GwtCompatible];
;;guava;adce8999989d80c80fda3607dac324cbd47681c1;/home/luna/TG/java-projects/guava/guava-testlib/src/com/google/common/testing/RelationshipTester.java;37;41;ItemReporter;null;[];0;[];[];
;;guava;adce8999989d80c80fda3607dac324cbd47681c1;/home/luna/TG/java-projects/guava/guava-testlib/src/com/google/common/testing/RelationshipTester.java;133;154;Item;null;[];1;[[T]];[];
;;guava;adce8999989d80c80fda3607dac324cbd47681c1;/home/luna/TG/java-projects/guava/guava-testlib/src/com/google/common/testing/EqualsTester.java;31;134;EqualsTester;null;[];0;[];[Beta, GwtCompatible];
;;guava;adce8999989d80c80fda3607dac324cbd47681c1;/home/luna/TG/java-projects/guava/guava-testlib/src/com/google/common/testing/SerializableTester.java;24;101;SerializableTester;null;[];0;[];[Beta, GwtCompatible];
;;guava;adce8999989d80c80fda3607dac324cbd47681c1;/home/luna/TG/java-projects/guava/guava-testlib/src/com/google/common/testing/NullPointerTester.java;49;538;NullPointerTester;null;[];0;[];[Beta, GwtIncompatible];
;;guava;adce8999989d80c80fda3607dac324cbd47681c1;/home/luna/TG/java-projects/guava/guava-testlib/src/com/google/common/testing/NullPointerTester.java;293;318;Signature;null;[];0;[];[];
;;guava;adce8999989d80c80fda3607dac324cbd47681c1;/home/luna/TG/java-projects/guava/guava-testlib/src/com/google/common/testing/FakeTicker.java;27;71;FakeTicker;Ticker;[];0;[];[Beta, GwtCompatible];
;;guava;adce8999989d80c80fda3607dac324cbd47681c1;/home/luna/TG/java-projects/guava/guava-testlib/src/com/google/common/testing/DummyProxy.java;34;110;DummyProxy;null;[];0;[];[GwtIncompatible];
;;guava;adce8999989d80c80fda3607dac324cbd47681c1;/home/luna/TG/java-projects/guava/guava-testlib/src/com/google/common/testing/DummyProxy.java;63;109;DummyHandler;AbstractInvocationHandler;[Serializable];0;[];[];
;;guava;adce8999989d80c80fda3607dac324cbd47681c1;/home/luna/TG/java-projects/guava/guava-testlib/src/com/google/common/testing/CollectorTester.java;34;175;CollectorTester;null;[];3;[[T, A, R], [T, A, R], [T, A, R]];[Beta, GwtCompatible];
;;guava;adce8999989d80c80fda3607dac324cbd47681c1;/home/luna/TG/java-projects/guava/guava-testlib/src/com/google/common/testing/TearDownStack.java;29;78;TearDownStack;null;[TearDownAccepter];0;[];[Beta, GwtCompatible];
;;guava;adce8999989d80c80fda3607dac324cbd47681c1;/home/luna/TG/java-projects/guava/guava-testlib/src/com/google/common/testing/ClassSanityTester.java;56;794;ClassSanityTester;null;[];0;[];[Beta, GwtIncompatible];
;;guava;adce8999989d80c80fda3607dac324cbd47681c1;/home/luna/TG/java-projects/guava/guava-testlib/src/com/google/common/testing/ClassSanityTester.java;374;524;FactoryMethodReturnValueTester;null;[];0;[];[];
;;guava;adce8999989d80c80fda3607dac324cbd47681c1;/home/luna/TG/java-projects/guava/guava-testlib/src/com/google/common/testing/ClassSanityTester.java;740;749;ParameterNotInstantiableException;Exception;[];0;[];[VisibleForTesting];
;;guava;adce8999989d80c80fda3607dac324cbd47681c1;/home/luna/TG/java-projects/guava/guava-testlib/src/com/google/common/testing/ClassSanityTester.java;751;761;ParameterHasNoDistinctValueException;Exception;[];0;[];[VisibleForTesting];
;;guava;adce8999989d80c80fda3607dac324cbd47681c1;/home/luna/TG/java-projects/guava/guava-testlib/src/com/google/common/testing/ClassSanityTester.java;763;771;FactoryMethodReturnsNullException;Exception;[];0;[];[VisibleForTesting];
;;guava;adce8999989d80c80fda3607dac324cbd47681c1;/home/luna/TG/java-projects/guava/guava-testlib/src/com/google/common/testing/ClassSanityTester.java;773;793;SerializableDummyProxy;DummyProxy;[Serializable];0;[];[];
;;guava;adce8999989d80c80fda3607dac324cbd47681c1;/home/luna/TG/java-projects/guava/guava-testlib/src/com/google/common/testing/TearDownAccepter.java;22;40;TearDownAccepter;null;[];0;[];[Beta, GwtCompatible];
;;guava;adce8999989d80c80fda3607dac324cbd47681c1;/home/luna/TG/java-projects/guava/guava-testlib/src/com/google/common/testing/ArbitraryInstances.java;147;497;ArbitraryInstances;null;[];0;[];[Beta, GwtIncompatible];
;;guava;adce8999989d80c80fda3607dac324cbd47681c1;/home/luna/TG/java-projects/guava/guava-testlib/src/com/google/common/testing/ArbitraryInstances.java;405;450;Dummies;null;[];0;[];[];
;;guava;adce8999989d80c80fda3607dac324cbd47681c1;/home/luna/TG/java-projects/guava/guava-testlib/src/com/google/common/testing/ArbitraryInstances.java;407;411;InMemoryPrintStream;PrintStream;[];0;[];[];
;;guava;adce8999989d80c80fda3607dac324cbd47681c1;/home/luna/TG/java-projects/guava/guava-testlib/src/com/google/common/testing/ArbitraryInstances.java;413;417;InMemoryPrintWriter;PrintWriter;[];0;[];[];
;;guava;adce8999989d80c80fda3607dac324cbd47681c1;/home/luna/TG/java-projects/guava/guava-testlib/src/com/google/common/testing/ArbitraryInstances.java;419;423;DeterministicRandom;Random;[];0;[];[];
;;guava;adce8999989d80c80fda3607dac324cbd47681c1;/home/luna/TG/java-projects/guava/guava-testlib/src/com/google/common/testing/ArbitraryInstances.java;425;429;DummyScheduledThreadPoolExecutor;ScheduledThreadPoolExecutor;[];0;[];[];
;;guava;adce8999989d80c80fda3607dac324cbd47681c1;/home/luna/TG/java-projects/guava/guava-testlib/src/com/google/common/testing/ArbitraryInstances.java;431;435;DummyCountDownLatch;CountDownLatch;[];0;[];[];
;;guava;adce8999989d80c80fda3607dac324cbd47681c1;/home/luna/TG/java-projects/guava/guava-testlib/src/com/google/common/testing/ArbitraryInstances.java;437;439;DummyRunnable;null;[Runnable, Serializable];0;[];[];
;;guava;adce8999989d80c80fda3607dac324cbd47681c1;/home/luna/TG/java-projects/guava/guava-testlib/src/com/google/common/testing/ArbitraryInstances.java;441;445;DummyThreadFactory;null;[ThreadFactory, Serializable];0;[];[];
;;guava;adce8999989d80c80fda3607dac324cbd47681c1;/home/luna/TG/java-projects/guava/guava-testlib/src/com/google/common/testing/ArbitraryInstances.java;447;449;DummyExecutor;null;[Executor, Serializable];0;[];[];
;;guava;adce8999989d80c80fda3607dac324cbd47681c1;/home/luna/TG/java-projects/guava/guava-testlib/src/com/google/common/testing/ArbitraryInstances.java;452;458;NullByteSink;ByteSink;[Serializable];0;[];[];
;;guava;adce8999989d80c80fda3607dac324cbd47681c1;/home/luna/TG/java-projects/guava/guava-testlib/src/com/google/common/testing/ArbitraryInstances.java;463;477;ByToString;null;[Comparable<Object>, Serializable];0;[];[];
;;guava;adce8999989d80c80fda3607dac324cbd47681c1;/home/luna/TG/java-projects/guava/guava-testlib/src/com/google/common/testing/ArbitraryInstances.java;480;494;AlwaysEqual;Ordering<Object>;[Serializable];0;[];[];
;;guava;adce8999989d80c80fda3607dac324cbd47681c1;/home/luna/TG/java-projects/guava/guava-testlib/src/com/google/common/testing/Platform.java;28;56;Platform;null;[];0;[];[GwtCompatible];
;;guava;adce8999989d80c80fda3607dac324cbd47681c1;/home/luna/TG/java-projects/guava/guava-testlib/blackhole-gwt/src-super/com/google/common/collect/testing/super/com/google/common/collect/testing/testers/ListSubListTester.java;38;323;ListSubListTester;AbstractListTester<E>;[];1;[[E]];[SuppressWarnings, GwtCompatible];
;;guava;adce8999989d80c80fda3607dac324cbd47681c1;/home/luna/TG/java-projects/guava/guava-testlib/blackhole-gwt/src-super/com/google/common/collect/testing/super/com/google/common/collect/testing/testers/ListSetTester.java;28;135;ListSetTester;AbstractListTester<E>;[];1;[[E]];[GwtCompatible];
;;guava;adce8999989d80c80fda3607dac324cbd47681c1;/home/luna/TG/java-projects/guava/guava-testlib/blackhole-gwt/src-super/com/google/common/collect/testing/super/com/google/common/collect/testing/testers/CollectionToArrayTester.java;32;186;CollectionToArrayTester;AbstractCollectionTester<E>;[];1;[[E]];[GwtCompatible];
;;guava;adce8999989d80c80fda3607dac324cbd47681c1;/home/luna/TG/java-projects/guava/guava-testlib/blackhole-gwt/src-super/com/google/common/collect/testing/super/com/google/common/collect/testing/testers/SetHashCodeTester.java;27;62;SetHashCodeTester;AbstractSetTester<E>;[];1;[[E]];[GwtCompatible];
;;guava;adce8999989d80c80fda3607dac324cbd47681c1;/home/luna/TG/java-projects/guava/guava-testlib/blackhole-gwt/src-super/com/google/common/collect/testing/super/com/google/common/collect/testing/testers/SetAddTester.java;27;53;SetAddTester;AbstractSetTester<E>;[];1;[[E]];[GwtCompatible];
;;guava;adce8999989d80c80fda3607dac324cbd47681c1;/home/luna/TG/java-projects/guava/guava-testlib/blackhole-gwt/src-super/com/google/common/collect/testing/super/com/google/common/collect/testing/testers/CollectionAddTester.java;33;109;CollectionAddTester;AbstractCollectionTester<E>;[];1;[[E]];[SuppressWarnings, GwtCompatible];
;;guava;adce8999989d80c80fda3607dac324cbd47681c1;/home/luna/TG/java-projects/guava/guava-testlib/blackhole-gwt/src-super/com/google/common/collect/testing/super/com/google/common/collect/testing/testers/MapPutTester.java;35;240;MapPutTester;AbstractMapTester<K,V>;[];2;[[K, V], [K, V]];[SuppressWarnings, GwtCompatible];
;;guava;adce8999989d80c80fda3607dac324cbd47681c1;/home/luna/TG/java-projects/guava/guava-testlib/blackhole-gwt/src-super/com/google/common/collect/testing/super/com/google/common/collect/testing/testers/CollectionCreationTester.java;27;57;CollectionCreationTester;AbstractCollectionTester<E>;[];1;[[E]];[GwtCompatible];
;;guava;adce8999989d80c80fda3607dac324cbd47681c1;/home/luna/TG/java-projects/guava/guava-testlib/blackhole-gwt/src-super/com/google/common/collect/testing/super/com/google/common/collect/testing/testers/ListAddAtIndexTester.java;33;152;ListAddAtIndexTester;AbstractListTester<E>;[];1;[[E]];[SuppressWarnings, GwtCompatible];
;;guava;adce8999989d80c80fda3607dac324cbd47681c1;/home/luna/TG/java-projects/guava/guava-testlib/blackhole-gwt/src-super/com/google/common/collect/testing/super/com/google/common/collect/testing/testers/ListListIteratorTester.java;38;108;ListListIteratorTester;AbstractListTester<E>;[];1;[[E]];[GwtCompatible];
;;guava;adce8999989d80c80fda3607dac324cbd47681c1;/home/luna/TG/java-projects/guava/guava-testlib/blackhole-gwt/src-super/com/google/common/collect/testing/super/com/google/common/collect/testing/testers/CollectionIteratorTester.java;38;125;CollectionIteratorTester;AbstractCollectionTester<E>;[];1;[[E]];[GwtCompatible];
;;guava;adce8999989d80c80fda3607dac324cbd47681c1;/home/luna/TG/java-projects/guava/guava-testlib/blackhole-gwt/src-super/com/google/common/collect/testing/super/com/google/common/collect/testing/testers/CollectionAddAllTester.java;36;164;CollectionAddAllTester;AbstractCollectionTester<E>;[];1;[[E]];[SuppressWarnings, GwtCompatible];
;;guava;adce8999989d80c80fda3607dac324cbd47681c1;/home/luna/TG/java-projects/guava/guava-testlib/blackhole-gwt/src-super/com/google/common/collect/testing/super/com/google/common/collect/testing/testers/MapPutAllTester.java;40;198;MapPutAllTester;AbstractMapTester<K,V>;[];2;[[K, V], [K, V]];[SuppressWarnings, GwtCompatible];
;;guava;adce8999989d80c80fda3607dac324cbd47681c1;/home/luna/TG/java-projects/guava/guava-testlib/blackhole-gwt/src-super/com/google/common/collect/testing/super/com/google/common/collect/testing/testers/MapCreationTester.java;34;143;MapCreationTester;AbstractMapTester<K,V>;[];2;[[K, V], [K, V]];[GwtCompatible];
;;guava;adce8999989d80c80fda3607dac324cbd47681c1;/home/luna/TG/java-projects/guava/guava-testlib/blackhole-gwt/src-super/com/google/common/collect/testing/super/com/google/common/collect/testing/testers/ListAddTester.java;30;74;ListAddTester;AbstractListTester<E>;[];1;[[E]];[SuppressWarnings, GwtCompatible];
;;guava;adce8999989d80c80fda3607dac324cbd47681c1;/home/luna/TG/java-projects/guava/guava-testlib/blackhole-gwt/src-super/com/google/common/collect/testing/super/com/google/common/collect/testing/testers/Platform.java;22;74;Platform;null;[];0;[];[GwtCompatible];
;;guava;adce8999989d80c80fda3607dac324cbd47681c1;/home/luna/TG/java-projects/guava/guava-testlib/blackhole-gwt/src-super/com/google/common/collect/testing/super/com/google/common/collect/testing/testers/ListHashCodeTester.java;21;40;ListHashCodeTester;AbstractListTester<E>;[];1;[[E]];[GwtCompatible];
;;guava;adce8999989d80c80fda3607dac324cbd47681c1;/home/luna/TG/java-projects/guava/guava-testlib/blackhole-gwt/src-super/com/google/common/collect/testing/super/com/google/common/collect/testing/GwtPlatform.java;22;38;GwtPlatform;null;[];0;[];[GwtScriptOnly];
;;guava;adce8999989d80c80fda3607dac324cbd47681c1;/home/luna/TG/java-projects/guava/guava-testlib/blackhole-gwt/src-super/com/google/common/collect/testing/super/com/google/common/collect/testing/Helpers.java;43;403;Helpers;null;[];0;[];[GwtCompatible];
;;guava;adce8999989d80c80fda3607dac324cbd47681c1;/home/luna/TG/java-projects/guava/guava-testlib/blackhole-gwt/src-super/com/google/common/collect/testing/super/com/google/common/collect/testing/Helpers.java;328;386;NullsBefore;null;[Comparator<String>, Serializable];0;[];[];
;;guava;adce8999989d80c80fda3607dac324cbd47681c1;/home/luna/TG/java-projects/guava/guava-testlib/blackhole-gwt/src-super/com/google/common/collect/testing/super/com/google/common/collect/testing/Helpers.java;388;394;NullsBeforeB;NullsBefore;[];0;[];[];
;;guava;adce8999989d80c80fda3607dac324cbd47681c1;/home/luna/TG/java-projects/guava/guava-testlib/blackhole-gwt/src-super/com/google/common/collect/testing/super/com/google/common/collect/testing/Helpers.java;396;402;NullsBeforeTwo;NullsBefore;[];0;[];[];
;;guava;adce8999989d80c80fda3607dac324cbd47681c1;/home/luna/TG/java-projects/guava/guava-testlib/blackhole-gwt/src-super/com/google/common/collect/testing/super/com/google/common/collect/testing/Platform.java;19;80;Platform;null;[];0;[];[];
;;guava;adce8999989d80c80fda3607dac324cbd47681c1;/home/luna/TG/java-projects/guava/guava-testlib/blackhole-gwt/src-super/com/google/common/collect/testing/google/super/com/google/common/collect/testing/google/BiMapInverseTester.java;28;65;BiMapInverseTester;AbstractBiMapTester<K,V>;[];2;[[K, V], [K, V]];[GwtCompatible];
;;guava;adce8999989d80c80fda3607dac324cbd47681c1;/home/luna/TG/java-projects/guava/guava-testlib/blackhole-gwt/src-super/com/google/common/collect/testing/google/super/com/google/common/collect/testing/google/BiMapInverseTester.java;53;63;BiMapPair;null;[Serializable];2;[[K, V], [K, V]];[];
;;guava;adce8999989d80c80fda3607dac324cbd47681c1;/home/luna/TG/java-projects/guava/guava-testlib/blackhole-gwt/src-super/com/google/common/collect/testing/google/super/com/google/common/collect/testing/google/MultisetIteratorTester.java;28;89;MultisetIteratorTester;AbstractMultisetTester<E>;[];1;[[E]];[GwtCompatible];
;;guava;adce8999989d80c80fda3607dac324cbd47681c1;/home/luna/TG/java-projects/guava/guava-testlib/blackhole-gwt/src-super/com/google/common/collect/testing/google/super/com/google/common/collect/testing/google/MultisetReadsTester.java;30;140;MultisetReadsTester;AbstractMultisetTester<E>;[];1;[[E]];[GwtCompatible];
;;guava;adce8999989d80c80fda3607dac324cbd47681c1;/home/luna/TG/java-projects/guava/guava-testlib/blackhole-gwt/src-super/com/google/common/collect/testing/google/super/com/google/common/collect/testing/google/AbstractMultisetSetCountTester.java;36;386;AbstractMultisetSetCountTester;AbstractMultisetTester<E>;[];1;[[E]];[GwtCompatible];
;;guava;adce8999989d80c80fda3607dac324cbd47681c1;/home/luna/TG/java-projects/guava/guava-testlib/blackhole-gwt/src-super/com/google/common/collect/testing/google/super/com/google/common/collect/testing/google/BiMapRemoveTester.java;28;93;BiMapRemoveTester;AbstractBiMapTester<K,V>;[];2;[[K, V], [K, V]];[GwtCompatible];
;;guava;adce8999989d80c80fda3607dac324cbd47681c1;/home/luna/TG/java-projects/guava/guava-testlib/blackhole-gwt/src-super/com/google/common/collect/testing/google/super/com/google/common/collect/testing/google/MultisetWritesTester.java;34;252;MultisetWritesTester;AbstractMultisetTester<E>;[];1;[[E]];[GwtCompatible];
;;guava;adce8999989d80c80fda3607dac324cbd47681c1;/home/luna/TG/java-projects/guava/guava-testlib/blackhole-gwt/src-super/com/google/common/collect/testing/google/super/com/google/common/collect/testing/google/SetGenerators.java;54;348;SetGenerators;null;[];0;[];[GwtCompatible];
;;guava;adce8999989d80c80fda3607dac324cbd47681c1;/home/luna/TG/java-projects/guava/guava-testlib/blackhole-gwt/src-super/com/google/common/collect/testing/google/super/com/google/common/collect/testing/google/SetGenerators.java;64;68;ImmutableSetCopyOfGenerator;TestStringSetGenerator;[];0;[];[];
;;guava;adce8999989d80c80fda3607dac324cbd47681c1;/home/luna/TG/java-projects/guava/guava-testlib/blackhole-gwt/src-super/com/google/common/collect/testing/google/super/com/google/common/collect/testing/google/SetGenerators.java;70;80;ImmutableSetWithBadHashesGenerator;TestCollidingSetGenerator;[TestCollectionGenerator<Object>];0;[];[];
;;guava;adce8999989d80c80fda3607dac324cbd47681c1;/home/luna/TG/java-projects/guava/guava-testlib/blackhole-gwt/src-super/com/google/common/collect/testing/google/super/com/google/common/collect/testing/google/SetGenerators.java;82;91;DegeneratedImmutableSetGenerator;TestStringSetGenerator;[];0;[];[];
;;guava;adce8999989d80c80fda3607dac324cbd47681c1;/home/luna/TG/java-projects/guava/guava-testlib/blackhole-gwt/src-super/com/google/common/collect/testing/google/super/com/google/common/collect/testing/google/SetGenerators.java;93;98;ImmutableSortedSetCopyOfGenerator;TestStringSortedSetGenerator;[];0;[];[];
;;guava;adce8999989d80c80fda3607dac324cbd47681c1;/home/luna/TG/java-projects/guava/guava-testlib/blackhole-gwt/src-super/com/google/common/collect/testing/google/super/com/google/common/collect/testing/google/SetGenerators.java;100;108;ImmutableSortedSetHeadsetGenerator;TestStringSortedSetGenerator;[];0;[];[];
;;guava;adce8999989d80c80fda3607dac324cbd47681c1;/home/luna/TG/java-projects/guava/guava-testlib/blackhole-gwt/src-super/com/google/common/collect/testing/google/super/com/google/common/collect/testing/google/SetGenerators.java;110;118;ImmutableSortedSetTailsetGenerator;TestStringSortedSetGenerator;[];0;[];[];
;;guava;adce8999989d80c80fda3607dac324cbd47681c1;/home/luna/TG/java-projects/guava/guava-testlib/blackhole-gwt/src-super/com/google/common/collect/testing/google/super/com/google/common/collect/testing/google/SetGenerators.java;120;129;ImmutableSortedSetSubsetGenerator;TestStringSortedSetGenerator;[];0;[];[];
;;guava;adce8999989d80c80fda3607dac324cbd47681c1;/home/luna/TG/java-projects/guava/guava-testlib/blackhole-gwt/src-super/com/google/common/collect/testing/google/super/com/google/common/collect/testing/google/SetGenerators.java;131;147;ImmutableSortedSetExplicitComparator;TestStringSetGenerator;[];0;[];[];
;;guava;adce8999989d80c80fda3607dac324cbd47681c1;/home/luna/TG/java-projects/guava/guava-testlib/blackhole-gwt/src-super/com/google/common/collect/testing/google/super/com/google/common/collect/testing/google/SetGenerators.java;149;165;ImmutableSortedSetExplicitSuperclassComparatorGenerator;TestStringSetGenerator;[];0;[];[];
;;guava;adce8999989d80c80fda3607dac324cbd47681c1;/home/luna/TG/java-projects/guava/guava-testlib/blackhole-gwt/src-super/com/google/common/collect/testing/google/super/com/google/common/collect/testing/google/SetGenerators.java;167;180;ImmutableSortedSetReversedOrderGenerator;TestStringSetGenerator;[];0;[];[];
;;guava;adce8999989d80c80fda3607dac324cbd47681c1;/home/luna/TG/java-projects/guava/guava-testlib/blackhole-gwt/src-super/com/google/common/collect/testing/google/super/com/google/common/collect/testing/google/SetGenerators.java;182;188;ImmutableSortedSetUnhashableGenerator;TestUnhashableSetGenerator;[];0;[];[];
;;guava;adce8999989d80c80fda3607dac324cbd47681c1;/home/luna/TG/java-projects/guava/guava-testlib/blackhole-gwt/src-super/com/google/common/collect/testing/google/super/com/google/common/collect/testing/google/SetGenerators.java;190;195;ImmutableSetAsListGenerator;TestStringListGenerator;[];0;[];[];
;;guava;adce8999989d80c80fda3607dac324cbd47681c1;/home/luna/TG/java-projects/guava/guava-testlib/blackhole-gwt/src-super/com/google/common/collect/testing/google/super/com/google/common/collect/testing/google/SetGenerators.java;197;205;ImmutableSortedSetAsListGenerator;TestStringListGenerator;[];0;[];[];
;;guava;adce8999989d80c80fda3607dac324cbd47681c1;/home/luna/TG/java-projects/guava/guava-testlib/blackhole-gwt/src-super/com/google/common/collect/testing/google/super/com/google/common/collect/testing/google/SetGenerators.java;207;219;ImmutableSortedSetSubsetAsListGenerator;TestStringListGenerator;[];0;[];[];
;;guava;adce8999989d80c80fda3607dac324cbd47681c1;/home/luna/TG/java-projects/guava/guava-testlib/blackhole-gwt/src-super/com/google/common/collect/testing/google/super/com/google/common/collect/testing/google/SetGenerators.java;221;232;ImmutableSortedSetAsListSubListGenerator;TestStringListGenerator;[];0;[];[];
;;guava;adce8999989d80c80fda3607dac324cbd47681c1;/home/luna/TG/java-projects/guava/guava-testlib/blackhole-gwt/src-super/com/google/common/collect/testing/google/super/com/google/common/collect/testing/google/SetGenerators.java;234;249;ImmutableSortedSetSubsetAsListSubListGenerator;TestStringListGenerator;[];0;[];[];
;;guava;adce8999989d80c80fda3607dac324cbd47681c1;/home/luna/TG/java-projects/guava/guava-testlib/blackhole-gwt/src-super/com/google/common/collect/testing/google/super/com/google/common/collect/testing/google/SetGenerators.java;251;254;TestUnhashableSetGenerator;TestUnhashableCollectionGenerator<Set<UnhashableObject>>;[TestSetGenerator<UnhashableObject>];0;[];[];
;;guava;adce8999989d80c80fda3607dac324cbd47681c1;/home/luna/TG/java-projects/guava/guava-testlib/blackhole-gwt/src-super/com/google/common/collect/testing/google/super/com/google/common/collect/testing/google/SetGenerators.java;290;294;ContiguousSetGenerator;AbstractContiguousSetGenerator;[];0;[];[];
;;guava;adce8999989d80c80fda3607dac324cbd47681c1;/home/luna/TG/java-projects/guava/guava-testlib/blackhole-gwt/src-super/com/google/common/collect/testing/google/super/com/google/common/collect/testing/google/SetGenerators.java;296;303;ContiguousSetHeadsetGenerator;AbstractContiguousSetGenerator;[];0;[];[];
;;guava;adce8999989d80c80fda3607dac324cbd47681c1;/home/luna/TG/java-projects/guava/guava-testlib/blackhole-gwt/src-super/com/google/common/collect/testing/google/super/com/google/common/collect/testing/google/SetGenerators.java;305;312;ContiguousSetTailsetGenerator;AbstractContiguousSetGenerator;[];0;[];[];
;;guava;adce8999989d80c80fda3607dac324cbd47681c1;/home/luna/TG/java-projects/guava/guava-testlib/blackhole-gwt/src-super/com/google/common/collect/testing/google/super/com/google/common/collect/testing/google/SetGenerators.java;314;330;ContiguousSetSubsetGenerator;AbstractContiguousSetGenerator;[];0;[];[];
;;guava;adce8999989d80c80fda3607dac324cbd47681c1;/home/luna/TG/java-projects/guava/guava-testlib/blackhole-gwt/src-super/com/google/common/collect/testing/google/super/com/google/common/collect/testing/google/SetGenerators.java;332;347;AbstractContiguousSetGenerator;TestIntegerSortedSetGenerator;[];0;[];[];
;;guava;adce8999989d80c80fda3607dac324cbd47681c1;/home/luna/TG/java-projects/guava/guava-testlib/blackhole-gwt/src-super/com/google/common/testing/super/com/google/common/testing/Platform.java;21;36;Platform;null;[];0;[];[];
;;guava;adce8999989d80c80fda3607dac324cbd47681c1;/home/luna/TG/java-projects/guava/guava-testlib/blackhole-gwt/src/com/google/common/collect/testing/GwtPlatform.java;22;40;GwtPlatform;null;[];0;[];[GwtScriptOnly, GwtCompatible];
;;guava;adce8999989d80c80fda3607dac324cbd47681c1;/home/luna/TG/java-projects/guava/guava-testlib/blackhole-gwt/test/com/google/common/testing/TestModuleEntryPoint.java;21;30;TestModuleEntryPoint;null;[EntryPoint];0;[];[];
;;guava;adce8999989d80c80fda3607dac324cbd47681c1;/home/luna/TG/java-projects/guava/guava-testlib/test/com/google/common/util/concurrent/testing/TestingExecutorsTest.java;31;113;TestingExecutorsTest;TestCase;[];0;[];[];
;;guava;adce8999989d80c80fda3607dac324cbd47681c1;/home/luna/TG/java-projects/guava/guava-testlib/test/com/google/common/collect/testing/HelpersTest.java;33;182;HelpersTest;TestCase;[];0;[];[GwtCompatible];
;;guava;adce8999989d80c80fda3607dac324cbd47681c1;/home/luna/TG/java-projects/guava/guava-testlib/test/com/google/common/collect/testing/IteratorTesterTest.java;32;331;IteratorTesterTest;TestCase;[];0;[];[GwtCompatible, SuppressWarnings];
;;guava;adce8999989d80c80fda3607dac324cbd47681c1;/home/luna/TG/java-projects/guava/guava-testlib/test/com/google/common/collect/testing/IteratorTesterTest.java;94;137;IteratorWithSunJavaBug6529795;null;[Iterator<T>];1;[[T]];[];
;;guava;adce8999989d80c80fda3607dac324cbd47681c1;/home/luna/TG/java-projects/guava/guava-testlib/test/com/google/common/collect/testing/IteratorTesterTest.java;156;171;TesterThatCountsCalls;IteratorTester<Integer>;[];0;[];[];
;;guava;adce8999989d80c80fda3607dac324cbd47681c1;/home/luna/TG/java-projects/guava/guava-testlib/test/com/google/common/collect/testing/IteratorTesterTest.java;306;330;ThrowingIterator;null;[Iterator<E>];1;[[E]];[];
;;guava;adce8999989d80c80fda3607dac324cbd47681c1;/home/luna/TG/java-projects/guava/guava-testlib/test/com/google/common/collect/testing/OpenJdk6SetTests.java;31;54;OpenJdk6SetTests;TestsForSetsInJavaUtil;[];0;[];[];
;;guava;adce8999989d80c80fda3607dac324cbd47681c1;/home/luna/TG/java-projects/guava/guava-testlib/test/com/google/common/collect/testing/SafeTreeSetTest.java;38;105;SafeTreeSetTest;TestCase;[];0;[];[];
;;guava;adce8999989d80c80fda3607dac324cbd47681c1;/home/luna/TG/java-projects/guava/guava-testlib/test/com/google/common/collect/testing/MinimalIterableTest.java;25;107;MinimalIterableTest;TestCase;[];0;[];[GwtCompatible];
;;guava;adce8999989d80c80fda3607dac324cbd47681c1;/home/luna/TG/java-projects/guava/guava-testlib/test/com/google/common/collect/testing/OpenJdk6Tests.java;23;39;OpenJdk6Tests;TestCase;[];0;[];[];
;;guava;adce8999989d80c80fda3607dac324cbd47681c1;/home/luna/TG/java-projects/guava/guava-testlib/test/com/google/common/collect/testing/FeatureSpecificTestSuiteBuilderTest.java;26;81;FeatureSpecificTestSuiteBuilderTest;TestCase;[];0;[];[];
;;guava;adce8999989d80c80fda3607dac324cbd47681c1;/home/luna/TG/java-projects/guava/guava-testlib/test/com/google/common/collect/testing/FeatureSpecificTestSuiteBuilderTest.java;39;43;MyAbstractTester;AbstractTester<Void>;[];0;[];[];
;;guava;adce8999989d80c80fda3607dac324cbd47681c1;/home/luna/TG/java-projects/guava/guava-testlib/test/com/google/common/collect/testing/FeatureSpecificTestSuiteBuilderTest.java;45;52;MyTestSuiteBuilder;FeatureSpecificTestSuiteBuilder<MyTestSuiteBuilder,String>;[];0;[];[];
;;guava;adce8999989d80c80fda3607dac324cbd47681c1;/home/luna/TG/java-projects/guava/guava-testlib/test/com/google/common/collect/testing/MapTestSuiteBuilderTests.java;39;122;MapTestSuiteBuilderTests;TestCase;[];0;[];[];
;;guava;adce8999989d80c80fda3607dac324cbd47681c1;/home/luna/TG/java-projects/guava/guava-testlib/test/com/google/common/collect/testing/MapTestSuiteBuilderTests.java;56;68;WrappedHashMapGenerator;TestStringMapGenerator;[];0;[];[];
;;guava;adce8999989d80c80fda3607dac324cbd47681c1;/home/luna/TG/java-projects/guava/guava-testlib/test/com/google/common/collect/testing/MinimalSetTest.java;25;45;MinimalSetTest;TestCase;[];0;[];[];
;;guava;adce8999989d80c80fda3607dac324cbd47681c1;/home/luna/TG/java-projects/guava/guava-testlib/test/com/google/common/collect/testing/OpenJdk6ListTests.java;31;54;OpenJdk6ListTests;TestsForListsInJavaUtil;[];0;[];[];
;;guava;adce8999989d80c80fda3607dac324cbd47681c1;/home/luna/TG/java-projects/guava/guava-testlib/test/com/google/common/collect/testing/OpenJdk6QueueTests.java;28;49;OpenJdk6QueueTests;TestsForQueuesInJavaUtil;[];0;[];[];
;;guava;adce8999989d80c80fda3607dac324cbd47681c1;/home/luna/TG/java-projects/guava/guava-testlib/test/com/google/common/collect/testing/features/FeatureUtilTest.java;31;280;FeatureUtilTest;TestCase;[];0;[];[SuppressWarnings];
;;guava;adce8999989d80c80fda3607dac324cbd47681c1;/home/luna/TG/java-projects/guava/guava-testlib/test/com/google/common/collect/testing/features/FeatureUtilTest.java;37;39;ExampleBaseInterface;null;[];0;[];[];
;;guava;adce8999989d80c80fda3607dac324cbd47681c1;/home/luna/TG/java-projects/guava/guava-testlib/test/com/google/common/collect/testing/features/FeatureUtilTest.java;41;43;ExampleDerivedInterface;null;[ExampleBaseInterface];0;[];[];
;;guava;adce8999989d80c80fda3607dac324cbd47681c1;/home/luna/TG/java-projects/guava/guava-testlib/test/com/google/common/collect/testing/features/FeatureUtilTest.java;98;103;ExampleBaseInterfaceTester;TestCase;[];0;[];[ExampleBaseFeature.Require];
;;guava;adce8999989d80c80fda3607dac324cbd47681c1;/home/luna/TG/java-projects/guava/guava-testlib/test/com/google/common/collect/testing/features/FeatureUtilTest.java;105;133;ExampleDerivedInterfaceTester;ExampleBaseInterfaceTester;[];0;[];[AndroidIncompatible, NonTesterAnnotation, ExampleDerivedFeature.Require];
;;guava;adce8999989d80c80fda3607dac324cbd47681c1;/home/luna/TG/java-projects/guava/guava-testlib/test/com/google/common/collect/testing/features/FeatureUtilTest.java;135;139;ExampleDerivedInterfaceTester_Conflict;ExampleBaseInterfaceTester;[];0;[];[ExampleDerivedFeature.Require];
;;guava;adce8999989d80c80fda3607dac324cbd47681c1;/home/luna/TG/java-projects/guava/guava-testlib/test/com/google/common/collect/testing/features/FeatureEnumTest.java;27;112;FeatureEnumTest;TestCase;[];0;[];[];
;;guava;adce8999989d80c80fda3607dac324cbd47681c1;/home/luna/TG/java-projects/guava/guava-testlib/test/com/google/common/collect/testing/SafeTreeMapTest.java;39;125;SafeTreeMapTest;TestCase;[];0;[];[];
;;guava;adce8999989d80c80fda3607dac324cbd47681c1;/home/luna/TG/java-projects/guava/guava-testlib/test/com/google/common/collect/testing/SafeTreeMapTest.java;97;124;ReserializedMapTests;SortedMapInterfaceTest<String,Integer>;[];0;[];[GwtIncompatible];
;;guava;adce8999989d80c80fda3607dac324cbd47681c1;/home/luna/TG/java-projects/guava/guava-testlib/test/com/google/common/collect/testing/MinimalCollectionTest.java;25;50;MinimalCollectionTest;TestCase;[];0;[];[];
;;guava;adce8999989d80c80fda3607dac324cbd47681c1;/home/luna/TG/java-projects/guava/guava-testlib/test/com/google/common/collect/testing/OpenJdk6MapTests.java;38;95;OpenJdk6MapTests;TestsForMapsInJavaUtil;[];0;[];[];
;;guava;adce8999989d80c80fda3607dac324cbd47681c1;/home/luna/TG/java-projects/guava/guava-testlib/test/com/google/common/testing/NullPointerTesterTest.java;51;1321;NullPointerTesterTest;TestCase;[];0;[];[];
;;guava;adce8999989d80c80fda3607dac324cbd47681c1;/home/luna/TG/java-projects/guava/guava-testlib/test/com/google/common/testing/NullPointerTesterTest.java;59;62;FooException;RuntimeException;[];0;[];[];
;;guava;adce8999989d80c80fda3607dac324cbd47681c1;/home/luna/TG/java-projects/guava/guava-testlib/test/com/google/common/testing/NullPointerTesterTest.java;64;111;OneArg;null;[];0;[];[SuppressWarnings];
;;guava;adce8999989d80c80fda3607dac324cbd47681c1;/home/luna/TG/java-projects/guava/guava-testlib/test/com/google/common/testing/NullPointerTesterTest.java;134;138;ThrowsIae;null;[];0;[];[];
;;guava;adce8999989d80c80fda3607dac324cbd47681c1;/home/luna/TG/java-projects/guava/guava-testlib/test/com/google/common/testing/NullPointerTesterTest.java;140;144;ThrowsNpe;null;[];0;[];[];
;;guava;adce8999989d80c80fda3607dac324cbd47681c1;/home/luna/TG/java-projects/guava/guava-testlib/test/com/google/common/testing/NullPointerTesterTest.java;146;150;ThrowsUoe;null;[];0;[];[];
;;guava;adce8999989d80c80fda3607dac324cbd47681c1;/home/luna/TG/java-projects/guava/guava-testlib/test/com/google/common/testing/NullPointerTesterTest.java;152;156;ThrowsSomethingElse;null;[];0;[];[];
;;guava;adce8999989d80c80fda3607dac324cbd47681c1;/home/luna/TG/java-projects/guava/guava-testlib/test/com/google/common/testing/NullPointerTesterTest.java;246;320;TwoArg;null;[];0;[];[];
;;guava;adce8999989d80c80fda3607dac324cbd47681c1;/home/luna/TG/java-projects/guava/guava-testlib/test/com/google/common/testing/NullPointerTesterTest.java;406;445;PassObject;SomeClassThatDoesNotUseNullable;[];0;[];[SuppressWarnings];
;;guava;adce8999989d80c80fda3607dac324cbd47681c1;/home/luna/TG/java-projects/guava/guava-testlib/test/com/google/common/testing/NullPointerTesterTest.java;451;455;FailOneArgDoesntThrowNPE;PassObject;[];0;[];[];
;;guava;adce8999989d80c80fda3607dac324cbd47681c1;/home/luna/TG/java-projects/guava/guava-testlib/test/com/google/common/testing/NullPointerTesterTest.java;461;465;FailOneArgThrowsWrongType;PassObject;[];0;[];[];
;;guava;adce8999989d80c80fda3607dac324cbd47681c1;/home/luna/TG/java-projects/guava/guava-testlib/test/com/google/common/testing/NullPointerTesterTest.java;471;475;PassOneNullableArgThrowsNPE;PassObject;[];0;[];[];
;;guava;adce8999989d80c80fda3607dac324cbd47681c1;/home/luna/TG/java-projects/guava/guava-testlib/test/com/google/common/testing/NullPointerTesterTest.java;481;486;FailTwoArgsFirstArgDoesntThrowNPE;PassObject;[];0;[];[];
;;guava;adce8999989d80c80fda3607dac324cbd47681c1;/home/luna/TG/java-projects/guava/guava-testlib/test/com/google/common/testing/NullPointerTesterTest.java;492;497;FailTwoArgsFirstArgThrowsWrongType;PassObject;[];0;[];[];
;;guava;adce8999989d80c80fda3607dac324cbd47681c1;/home/luna/TG/java-projects/guava/guava-testlib/test/com/google/common/testing/NullPointerTesterTest.java;503;508;FailTwoArgsSecondArgDoesntThrowNPE;PassObject;[];0;[];[];
;;guava;adce8999989d80c80fda3607dac324cbd47681c1;/home/luna/TG/java-projects/guava/guava-testlib/test/com/google/common/testing/NullPointerTesterTest.java;514;519;FailTwoArgsSecondArgThrowsWrongType;PassObject;[];0;[];[];
;;guava;adce8999989d80c80fda3607dac324cbd47681c1;/home/luna/TG/java-projects/guava/guava-testlib/test/com/google/common/testing/NullPointerTesterTest.java;525;530;FailTwoMixedArgsFirstArgDoesntThrowNPE;PassObject;[];0;[];[];
;;guava;adce8999989d80c80fda3607dac324cbd47681c1;/home/luna/TG/java-projects/guava/guava-testlib/test/com/google/common/testing/NullPointerTesterTest.java;536;541;FailTwoMixedArgsFirstArgThrowsWrongType;PassObject;[];0;[];[];
;;guava;adce8999989d80c80fda3607dac324cbd47681c1;/home/luna/TG/java-projects/guava/guava-testlib/test/com/google/common/testing/NullPointerTesterTest.java;547;552;PassTwoMixedArgsNullableArgThrowsNPE;PassObject;[];0;[];[];
;;guava;adce8999989d80c80fda3607dac324cbd47681c1;/home/luna/TG/java-projects/guava/guava-testlib/test/com/google/common/testing/NullPointerTesterTest.java;558;564;PassTwoMixedArgSecondNullableArgThrowsOther;PassObject;[];0;[];[];
;;guava;adce8999989d80c80fda3607dac324cbd47681c1;/home/luna/TG/java-projects/guava/guava-testlib/test/com/google/common/testing/NullPointerTesterTest.java;570;575;FailTwoMixedArgsSecondArgDoesntThrowNPE;PassObject;[];0;[];[];
;;guava;adce8999989d80c80fda3607dac324cbd47681c1;/home/luna/TG/java-projects/guava/guava-testlib/test/com/google/common/testing/NullPointerTesterTest.java;581;586;FailTwoMixedArgsSecondArgThrowsWrongType;PassObject;[];0;[];[];
;;guava;adce8999989d80c80fda3607dac324cbd47681c1;/home/luna/TG/java-projects/guava/guava-testlib/test/com/google/common/testing/NullPointerTesterTest.java;592;597;PassTwoNullableArgsFirstThrowsNPE;PassObject;[];0;[];[];
;;guava;adce8999989d80c80fda3607dac324cbd47681c1;/home/luna/TG/java-projects/guava/guava-testlib/test/com/google/common/testing/NullPointerTesterTest.java;603;608;PassTwoNullableArgsFirstThrowsOther;PassObject;[];0;[];[];
;;guava;adce8999989d80c80fda3607dac324cbd47681c1;/home/luna/TG/java-projects/guava/guava-testlib/test/com/google/common/testing/NullPointerTesterTest.java;614;619;PassTwoNullableArgsSecondThrowsNPE;PassObject;[];0;[];[];
;;guava;adce8999989d80c80fda3607dac324cbd47681c1;/home/luna/TG/java-projects/guava/guava-testlib/test/com/google/common/testing/NullPointerTesterTest.java;625;630;PassTwoNullableArgsSecondThrowsOther;PassObject;[];0;[];[];
;;guava;adce8999989d80c80fda3607dac324cbd47681c1;/home/luna/TG/java-projects/guava/guava-testlib/test/com/google/common/testing/NullPointerTesterTest.java;636;642;PassTwoNullableArgsNeitherThrowsAnything;PassObject;[];0;[];[];
;;guava;adce8999989d80c80fda3607dac324cbd47681c1;/home/luna/TG/java-projects/guava/guava-testlib/test/com/google/common/testing/NullPointerTesterTest.java;648;651;BaseClassThatFailsToThrow;null;[];0;[];[SuppressWarnings];
;;guava;adce8999989d80c80fda3607dac324cbd47681c1;/home/luna/TG/java-projects/guava/guava-testlib/test/com/google/common/testing/NullPointerTesterTest.java;653;654;SubclassWithBadSuperclass;BaseClassThatFailsToThrow;[];0;[];[];
;;guava;adce8999989d80c80fda3607dac324cbd47681c1;/home/luna/TG/java-projects/guava/guava-testlib/test/com/google/common/testing/NullPointerTesterTest.java;660;663;BaseClassThatFailsToThrowForPackagePrivate;null;[];0;[];[SuppressWarnings];
;;guava;adce8999989d80c80fda3607dac324cbd47681c1;/home/luna/TG/java-projects/guava/guava-testlib/test/com/google/common/testing/NullPointerTesterTest.java;665;666;SubclassWithBadSuperclassForPackagePrivate;BaseClassThatFailsToThrowForPackagePrivate;[];0;[];[];
;;guava;adce8999989d80c80fda3607dac324cbd47681c1;/home/luna/TG/java-projects/guava/guava-testlib/test/com/google/common/testing/NullPointerTesterTest.java;673;676;BaseClassThatFailsToThrowForProtected;null;[];0;[];[SuppressWarnings];
;;guava;adce8999989d80c80fda3607dac324cbd47681c1;/home/luna/TG/java-projects/guava/guava-testlib/test/com/google/common/testing/NullPointerTesterTest.java;678;679;SubclassWithBadSuperclassForProtected;BaseClassThatFailsToThrowForProtected;[];0;[];[];
;;guava;adce8999989d80c80fda3607dac324cbd47681c1;/home/luna/TG/java-projects/guava/guava-testlib/test/com/google/common/testing/NullPointerTesterTest.java;686;689;SubclassThatOverridesBadSuperclassMethod;BaseClassThatFailsToThrow;[];0;[];[];
;;guava;adce8999989d80c80fda3607dac324cbd47681c1;/home/luna/TG/java-projects/guava/guava-testlib/test/com/google/common/testing/NullPointerTesterTest.java;695;699;SubclassOverridesTheWrongMethod;BaseClassThatFailsToThrow;[];0;[];[SuppressWarnings];
;;guava;adce8999989d80c80fda3607dac324cbd47681c1;/home/luna/TG/java-projects/guava/guava-testlib/test/com/google/common/testing/NullPointerTesterTest.java;705;708;ClassThatFailsToThrowForStatic;null;[];0;[];[SuppressWarnings];
;;guava;adce8999989d80c80fda3607dac324cbd47681c1;/home/luna/TG/java-projects/guava/guava-testlib/test/com/google/common/testing/NullPointerTesterTest.java;714;715;SubclassThatFailsToThrowForStatic;ClassThatFailsToThrowForStatic;[];0;[];[];
;;guava;adce8999989d80c80fda3607dac324cbd47681c1;/home/luna/TG/java-projects/guava/guava-testlib/test/com/google/common/testing/NullPointerTesterTest.java;721;724;SubclassThatTriesToOverrideBadStaticMethod;ClassThatFailsToThrowForStatic;[];0;[];[];
;;guava;adce8999989d80c80fda3607dac324cbd47681c1;/home/luna/TG/java-projects/guava/guava-testlib/test/com/google/common/testing/NullPointerTesterTest.java;730;732;HardToCreate;null;[];0;[];[];
;;guava;adce8999989d80c80fda3607dac324cbd47681c1;/home/luna/TG/java-projects/guava/guava-testlib/test/com/google/common/testing/NullPointerTesterTest.java;734;739;CanCreateDefault;null;[];0;[];[SuppressWarnings];
;;guava;adce8999989d80c80fda3607dac324cbd47681c1;/home/luna/TG/java-projects/guava/guava-testlib/test/com/google/common/testing/NullPointerTesterTest.java;745;751;CannotCreateDefault;null;[];0;[];[SuppressWarnings];
;;guava;adce8999989d80c80fda3607dac324cbd47681c1;/home/luna/TG/java-projects/guava/guava-testlib/test/com/google/common/testing/NullPointerTesterTest.java;797;800;PrivateClassWithPrivateConstructor;null;[];0;[];[SuppressWarnings];
;;guava;adce8999989d80c80fda3607dac324cbd47681c1;/home/luna/TG/java-projects/guava/guava-testlib/test/com/google/common/testing/NullPointerTesterTest.java;810;812;Foo;null;[];1;[[T]];[];
;;guava;adce8999989d80c80fda3607dac324cbd47681c1;/home/luna/TG/java-projects/guava/guava-testlib/test/com/google/common/testing/NullPointerTesterTest.java;814;820;StringFoo;null;[Foo<String>];0;[];[];
;;guava;adce8999989d80c80fda3607dac324cbd47681c1;/home/luna/TG/java-projects/guava/guava-testlib/test/com/google/common/testing/NullPointerTesterTest.java;826;858;DefaultValueChecker;null;[];0;[];[];
;;guava;adce8999989d80c80fda3607dac324cbd47681c1;/home/luna/TG/java-projects/guava/guava-testlib/test/com/google/common/testing/NullPointerTesterTest.java;864;911;AllDefaultValuesChecker;DefaultValueChecker;[];0;[];[];
;;guava;adce8999989d80c80fda3607dac324cbd47681c1;/home/luna/TG/java-projects/guava/guava-testlib/test/com/google/common/testing/NullPointerTesterTest.java;917;930;ObjectArrayDefaultValueChecker;DefaultValueChecker;[];0;[];[];
;;guava;adce8999989d80c80fda3607dac324cbd47681c1;/home/luna/TG/java-projects/guava/guava-testlib/test/com/google/common/testing/NullPointerTesterTest.java;936;949;StringArrayDefaultValueChecker;DefaultValueChecker;[];0;[];[];
;;guava;adce8999989d80c80fda3607dac324cbd47681c1;/home/luna/TG/java-projects/guava/guava-testlib/test/com/google/common/testing/NullPointerTesterTest.java;955;968;IntArrayDefaultValueChecker;DefaultValueChecker;[];0;[];[];
;;guava;adce8999989d80c80fda3607dac324cbd47681c1;/home/luna/TG/java-projects/guava/guava-testlib/test/com/google/common/testing/NullPointerTesterTest.java;976;992;EmptyEnumDefaultValueChecker;DefaultValueChecker;[];0;[];[];
;;guava;adce8999989d80c80fda3607dac324cbd47681c1;/home/luna/TG/java-projects/guava/guava-testlib/test/com/google/common/testing/NullPointerTesterTest.java;998;1011;GenericClassTypeDefaultValueChecker;DefaultValueChecker;[];0;[];[];
;;guava;adce8999989d80c80fda3607dac324cbd47681c1;/home/luna/TG/java-projects/guava/guava-testlib/test/com/google/common/testing/NullPointerTesterTest.java;1017;1030;NonGenericClassTypeDefaultValueChecker;DefaultValueChecker;[];0;[];[];
;;guava;adce8999989d80c80fda3607dac324cbd47681c1;/home/luna/TG/java-projects/guava/guava-testlib/test/com/google/common/testing/NullPointerTesterTest.java;1036;1051;GenericTypeTokenDefaultValueChecker;DefaultValueChecker;[];0;[];[];
;;guava;adce8999989d80c80fda3607dac324cbd47681c1;/home/luna/TG/java-projects/guava/guava-testlib/test/com/google/common/testing/NullPointerTesterTest.java;1057;1071;NonGenericTypeTokenDefaultValueChecker;DefaultValueChecker;[];0;[];[];
;;guava;adce8999989d80c80fda3607dac324cbd47681c1;/home/luna/TG/java-projects/guava/guava-testlib/test/com/google/common/testing/NullPointerTesterTest.java;1077;1077;FromTo;null;[Function<F,T>];2;[[F, T], [F, T]];[];
;;guava;adce8999989d80c80fda3607dac324cbd47681c1;/home/luna/TG/java-projects/guava/guava-testlib/test/com/google/common/testing/NullPointerTesterTest.java;1079;1092;GenericInterfaceDefaultValueChecker;DefaultValueChecker;[];0;[];[];
;;guava;adce8999989d80c80fda3607dac324cbd47681c1;/home/luna/TG/java-projects/guava/guava-testlib/test/com/google/common/testing/NullPointerTesterTest.java;1098;1100;NullRejectingFromTo;null;[Function<F,T>];2;[[F, T], [F, T]];[];
;;guava;adce8999989d80c80fda3607dac324cbd47681c1;/home/luna/TG/java-projects/guava/guava-testlib/test/com/google/common/testing/NullPointerTesterTest.java;1102;1120;NullRejectingInterfaceDefaultValueChecker;DefaultValueChecker;[];0;[];[];
;;guava;adce8999989d80c80fda3607dac324cbd47681c1;/home/luna/TG/java-projects/guava/guava-testlib/test/com/google/common/testing/NullPointerTesterTest.java;1126;1142;MultipleInterfacesDefaultValueChecker;DefaultValueChecker;[];0;[];[];
;;guava;adce8999989d80c80fda3607dac324cbd47681c1;/home/luna/TG/java-projects/guava/guava-testlib/test/com/google/common/testing/NullPointerTesterTest.java;1148;1162;GenericInterface2DefaultValueChecker;DefaultValueChecker;[];0;[];[];
;;guava;adce8999989d80c80fda3607dac324cbd47681c1;/home/luna/TG/java-projects/guava/guava-testlib/test/com/google/common/testing/NullPointerTesterTest.java;1168;1175;AbstractGenericDefaultValueChecker;DefaultValueChecker;[];1;[[T]];[];
;;guava;adce8999989d80c80fda3607dac324cbd47681c1;/home/luna/TG/java-projects/guava/guava-testlib/test/com/google/common/testing/NullPointerTesterTest.java;1177;1183;GenericDefaultValueResolvedToStringChecker;AbstractGenericDefaultValueChecker<String>;[];0;[];[];
;;guava;adce8999989d80c80fda3607dac324cbd47681c1;/home/luna/TG/java-projects/guava/guava-testlib/test/com/google/common/testing/NullPointerTesterTest.java;1189;1197;AbstractGenericDefaultValueForPackagePrivateMethodChecker;DefaultValueChecker;[];1;[[T]];[];
;;guava;adce8999989d80c80fda3607dac324cbd47681c1;/home/luna/TG/java-projects/guava/guava-testlib/test/com/google/common/testing/NullPointerTesterTest.java;1199;1207;DefaultValueForPackagePrivateMethodResolvedToStringChecker;AbstractGenericDefaultValueForPackagePrivateMethodChecker<String>;[];0;[];[];
;;guava;adce8999989d80c80fda3607dac324cbd47681c1;/home/luna/TG/java-projects/guava/guava-testlib/test/com/google/common/testing/NullPointerTesterTest.java;1213;1231;ConverterDefaultValueChecker;DefaultValueChecker;[];0;[];[];
;;guava;adce8999989d80c80fda3607dac324cbd47681c1;/home/luna/TG/java-projects/guava/guava-testlib/test/com/google/common/testing/NullPointerTesterTest.java;1237;1250;VisibilityMethods;null;[];0;[];[];
;;guava;adce8999989d80c80fda3607dac324cbd47681c1;/home/luna/TG/java-projects/guava/guava-testlib/test/com/google/common/testing/NullPointerTesterTest.java;1285;1289;Inner;null;[];0;[];[];
;;guava;adce8999989d80c80fda3607dac324cbd47681c1;/home/luna/TG/java-projects/guava/guava-testlib/test/com/google/common/testing/NullPointerTesterTest.java;1304;1309;OverridesEquals;null;[];0;[];[];
;;guava;adce8999989d80c80fda3607dac324cbd47681c1;/home/luna/TG/java-projects/guava/guava-testlib/test/com/google/common/testing/NullPointerTesterTest.java;1311;1315;DoesNotOverrideEquals;null;[];0;[];[];
;;guava;adce8999989d80c80fda3607dac324cbd47681c1;/home/luna/TG/java-projects/guava/guava-testlib/test/com/google/common/testing/TestLogHandlerTest.java;24;96;TestLogHandlerTest;TestCase;[];0;[];[];
;;guava;adce8999989d80c80fda3607dac324cbd47681c1;/home/luna/TG/java-projects/guava/guava-testlib/test/com/google/common/testing/TestLogHandlerTest.java;88;95;ExampleClassUnderTest;null;[];0;[];[];
;;guava;adce8999989d80c80fda3607dac324cbd47681c1;/home/luna/TG/java-projects/guava/guava-testlib/test/com/google/common/testing/ArbitraryInstancesTest.java;131;508;ArbitraryInstancesTest;TestCase;[];0;[];[];
;;guava;adce8999989d80c80fda3607dac324cbd47681c1;/home/luna/TG/java-projects/guava/guava-testlib/test/com/google/common/testing/ArbitraryInstancesTest.java;416;416;SomeInterface;null;[];0;[];[];
;;guava;adce8999989d80c80fda3607dac324cbd47681c1;/home/luna/TG/java-projects/guava/guava-testlib/test/com/google/common/testing/ArbitraryInstancesTest.java;418;421;SomeAbstractClass;null;[];0;[];[];
;;guava;adce8999989d80c80fda3607dac324cbd47681c1;/home/luna/TG/java-projects/guava/guava-testlib/test/com/google/common/testing/ArbitraryInstancesTest.java;423;425;NonPublicClass;null;[];0;[];[];
;;guava;adce8999989d80c80fda3607dac324cbd47681c1;/home/luna/TG/java-projects/guava/guava-testlib/test/com/google/common/testing/ArbitraryInstancesTest.java;427;429;WithPrivateConstructor;null;[];0;[];[];
;;guava;adce8999989d80c80fda3607dac324cbd47681c1;/home/luna/TG/java-projects/guava/guava-testlib/test/com/google/common/testing/ArbitraryInstancesTest.java;431;433;NoDefaultConstructor;null;[];0;[];[];
;;guava;adce8999989d80c80fda3607dac324cbd47681c1;/home/luna/TG/java-projects/guava/guava-testlib/test/com/google/common/testing/ArbitraryInstancesTest.java;435;443;WithExceptionalConstructor;null;[];0;[];[];
;;guava;adce8999989d80c80fda3607dac324cbd47681c1;/home/luna/TG/java-projects/guava/guava-testlib/test/com/google/common/testing/ArbitraryInstancesTest.java;445;447;WithPublicConstant;null;[];0;[];[];
;;guava;adce8999989d80c80fda3607dac324cbd47681c1;/home/luna/TG/java-projects/guava/guava-testlib/test/com/google/common/testing/ArbitraryInstancesTest.java;449;450;ParentClassHasConstant;WithPublicConstant;[];0;[];[];
;;guava;adce8999989d80c80fda3607dac324cbd47681c1;/home/luna/TG/java-projects/guava/guava-testlib/test/com/google/common/testing/ArbitraryInstancesTest.java;452;457;WithGenericConstant;null;[];1;[[T]];[];
;;guava;adce8999989d80c80fda3607dac324cbd47681c1;/home/luna/TG/java-projects/guava/guava-testlib/test/com/google/common/testing/ArbitraryInstancesTest.java;459;463;WithNullConstant;null;[];0;[];[];
;;guava;adce8999989d80c80fda3607dac324cbd47681c1;/home/luna/TG/java-projects/guava/guava-testlib/test/com/google/common/testing/ArbitraryInstancesTest.java;465;470;WithPublicConstructorAndConstant;null;[];0;[];[];
;;guava;adce8999989d80c80fda3607dac324cbd47681c1;/home/luna/TG/java-projects/guava/guava-testlib/test/com/google/common/testing/ArbitraryInstancesTest.java;472;478;WithPublicConstants;null;[];0;[];[];
;;guava;adce8999989d80c80fda3607dac324cbd47681c1;/home/luna/TG/java-projects/guava/guava-testlib/test/com/google/common/testing/ArbitraryInstancesTest.java;480;485;FirstConstantIsNull;null;[];0;[];[];
;;guava;adce8999989d80c80fda3607dac324cbd47681c1;/home/luna/TG/java-projects/guava/guava-testlib/test/com/google/common/testing/ArbitraryInstancesTest.java;487;492;NonFinalFieldIgnored;null;[];0;[];[];
;;guava;adce8999989d80c80fda3607dac324cbd47681c1;/home/luna/TG/java-projects/guava/guava-testlib/test/com/google/common/testing/ArbitraryInstancesTest.java;494;499;NonPublicConstantIgnored;null;[];0;[];[];
;;guava;adce8999989d80c80fda3607dac324cbd47681c1;/home/luna/TG/java-projects/guava/guava-testlib/test/com/google/common/testing/ArbitraryInstancesTest.java;501;507;NonStaticFieldIgnored;null;[];0;[];[];
;;guava;adce8999989d80c80fda3607dac324cbd47681c1;/home/luna/TG/java-projects/guava/guava-testlib/test/com/google/common/testing/ClassSanityTesterTest.java;41;1288;ClassSanityTesterTest;TestCase;[];0;[];[];
;;guava;adce8999989d80c80fda3607dac324cbd47681c1;/home/luna/TG/java-projects/guava/guava-testlib/test/com/google/common/testing/ClassSanityTesterTest.java;54;78;GoodEqualsFactory;null;[];0;[];[];
;;guava;adce8999989d80c80fda3607dac324cbd47681c1;/home/luna/TG/java-projects/guava/guava-testlib/test/com/google/common/testing/ClassSanityTesterTest.java;103;110;BadEqualsFactory;null;[];0;[];[];
;;guava;adce8999989d80c80fda3607dac324cbd47681c1;/home/luna/TG/java-projects/guava/guava-testlib/test/com/google/common/testing/ClassSanityTesterTest.java;116;121;GoodNullsFactory;null;[];0;[];[];
;;guava;adce8999989d80c80fda3607dac324cbd47681c1;/home/luna/TG/java-projects/guava/guava-testlib/test/com/google/common/testing/ClassSanityTesterTest.java;152;156;BadNullsFactory;null;[];0;[];[];
;;guava;adce8999989d80c80fda3607dac324cbd47681c1;/home/luna/TG/java-projects/guava/guava-testlib/test/com/google/common/testing/ClassSanityTesterTest.java;163;170;GoodSerializableFactory;null;[];0;[];[];
;;guava;adce8999989d80c80fda3607dac324cbd47681c1;/home/luna/TG/java-projects/guava/guava-testlib/test/com/google/common/testing/ClassSanityTesterTest.java;181;188;BadSerializableFactory;null;[];0;[];[];
;;guava;adce8999989d80c80fda3607dac324cbd47681c1;/home/luna/TG/java-projects/guava/guava-testlib/test/com/google/common/testing/ClassSanityTesterTest.java;216;220;GoodEqualsAndSerialiableFactory;null;[];0;[];[];
;;guava;adce8999989d80c80fda3607dac324cbd47681c1;/home/luna/TG/java-projects/guava/guava-testlib/test/com/google/common/testing/ClassSanityTesterTest.java;263;267;FactoryThatReturnsNullButNotAnnotated;null;[];0;[];[];
;;guava;adce8999989d80c80fda3607dac324cbd47681c1;/home/luna/TG/java-projects/guava/guava-testlib/test/com/google/common/testing/ClassSanityTesterTest.java;290;294;FactoryThatReturnsNullAndAnnotated;null;[];0;[];[];
;;guava;adce8999989d80c80fda3607dac324cbd47681c1;/home/luna/TG/java-projects/guava/guava-testlib/test/com/google/common/testing/ClassSanityTesterTest.java;592;598;JdkObjectFactory;null;[];0;[];[];
;;guava;adce8999989d80c80fda3607dac324cbd47681c1;/home/luna/TG/java-projects/guava/guava-testlib/test/com/google/common/testing/ClassSanityTesterTest.java;600;619;HasAnInterface;null;[Serializable];0;[];[];
;;guava;adce8999989d80c80fda3607dac324cbd47681c1;/home/luna/TG/java-projects/guava/guava-testlib/test/com/google/common/testing/ClassSanityTesterTest.java;621;641;InstantiableFactoryMethodChosen;null;[];0;[];[];
;;guava;adce8999989d80c80fda3607dac324cbd47681c1;/home/luna/TG/java-projects/guava/guava-testlib/test/com/google/common/testing/ClassSanityTesterTest.java;654;678;Wrapper;null;[];0;[];[];
;;guava;adce8999989d80c80fda3607dac324cbd47681c1;/home/luna/TG/java-projects/guava/guava-testlib/test/com/google/common/testing/ClassSanityTesterTest.java;680;684;SetWrapper;Wrapper;[];0;[];[];
;;guava;adce8999989d80c80fda3607dac324cbd47681c1;/home/luna/TG/java-projects/guava/guava-testlib/test/com/google/common/testing/ClassSanityTesterTest.java;686;702;InstantiableConstructorChosen;null;[];0;[];[];
;;guava;adce8999989d80c80fda3607dac324cbd47681c1;/home/luna/TG/java-projects/guava/guava-testlib/test/com/google/common/testing/ClassSanityTesterTest.java;704;755;GoodEquals;null;[];0;[];[];
;;guava;adce8999989d80c80fda3607dac324cbd47681c1;/home/luna/TG/java-projects/guava/guava-testlib/test/com/google/common/testing/ClassSanityTesterTest.java;757;772;BadEquals;null;[];0;[];[];
;;guava;adce8999989d80c80fda3607dac324cbd47681c1;/home/luna/TG/java-projects/guava/guava-testlib/test/com/google/common/testing/ClassSanityTesterTest.java;774;794;SameIntegerInstance;null;[];0;[];[];
;;guava;adce8999989d80c80fda3607dac324cbd47681c1;/home/luna/TG/java-projects/guava/guava-testlib/test/com/google/common/testing/ClassSanityTesterTest.java;796;816;SameLongInstance;null;[];0;[];[];
;;guava;adce8999989d80c80fda3607dac324cbd47681c1;/home/luna/TG/java-projects/guava/guava-testlib/test/com/google/common/testing/ClassSanityTesterTest.java;818;838;SameFloatInstance;null;[];0;[];[];
;;guava;adce8999989d80c80fda3607dac324cbd47681c1;/home/luna/TG/java-projects/guava/guava-testlib/test/com/google/common/testing/ClassSanityTesterTest.java;840;860;SameDoubleInstance;null;[];0;[];[];
;;guava;adce8999989d80c80fda3607dac324cbd47681c1;/home/luna/TG/java-projects/guava/guava-testlib/test/com/google/common/testing/ClassSanityTesterTest.java;862;882;SameShortInstance;null;[];0;[];[];
;;guava;adce8999989d80c80fda3607dac324cbd47681c1;/home/luna/TG/java-projects/guava/guava-testlib/test/com/google/common/testing/ClassSanityTesterTest.java;884;904;SameByteInstance;null;[];0;[];[];
;;guava;adce8999989d80c80fda3607dac324cbd47681c1;/home/luna/TG/java-projects/guava/guava-testlib/test/com/google/common/testing/ClassSanityTesterTest.java;906;924;SameCharacterInstance;null;[];0;[];[];
;;guava;adce8999989d80c80fda3607dac324cbd47681c1;/home/luna/TG/java-projects/guava/guava-testlib/test/com/google/common/testing/ClassSanityTesterTest.java;926;944;SameBooleanInstance;null;[];0;[];[];
;;guava;adce8999989d80c80fda3607dac324cbd47681c1;/home/luna/TG/java-projects/guava/guava-testlib/test/com/google/common/testing/ClassSanityTesterTest.java;946;964;SameStringInstance;null;[];0;[];[];
;;guava;adce8999989d80c80fda3607dac324cbd47681c1;/home/luna/TG/java-projects/guava/guava-testlib/test/com/google/common/testing/ClassSanityTesterTest.java;966;984;SameObjectInstance;null;[];0;[];[];
;;guava;adce8999989d80c80fda3607dac324cbd47681c1;/home/luna/TG/java-projects/guava/guava-testlib/test/com/google/common/testing/ClassSanityTesterTest.java;986;1004;SameInterfaceInstance;null;[];0;[];[];
;;guava;adce8999989d80c80fda3607dac324cbd47681c1;/home/luna/TG/java-projects/guava/guava-testlib/test/com/google/common/testing/ClassSanityTesterTest.java;1006;1024;SameListInstance;null;[];0;[];[];
;;guava;adce8999989d80c80fda3607dac324cbd47681c1;/home/luna/TG/java-projects/guava/guava-testlib/test/com/google/common/testing/ClassSanityTesterTest.java;1026;1044;UsesReferentialEquality;null;[];0;[];[];
;;guava;adce8999989d80c80fda3607dac324cbd47681c1;/home/luna/TG/java-projects/guava/guava-testlib/test/com/google/common/testing/ClassSanityTesterTest.java;1046;1064;UsesEnum;null;[];0;[];[];
;;guava;adce8999989d80c80fda3607dac324cbd47681c1;/home/luna/TG/java-projects/guava/guava-testlib/test/com/google/common/testing/ClassSanityTesterTest.java;1066;1068;ReferentialEquality;null;[];0;[];[];
;;guava;adce8999989d80c80fda3607dac324cbd47681c1;/home/luna/TG/java-projects/guava/guava-testlib/test/com/google/common/testing/ClassSanityTesterTest.java;1070;1087;BadEqualsWithParameterizedType;null;[];0;[];[];
;;guava;adce8999989d80c80fda3607dac324cbd47681c1;/home/luna/TG/java-projects/guava/guava-testlib/test/com/google/common/testing/ClassSanityTesterTest.java;1089;1097;GoodNulls;null;[];0;[];[];
;;guava;adce8999989d80c80fda3607dac324cbd47681c1;/home/luna/TG/java-projects/guava/guava-testlib/test/com/google/common/testing/ClassSanityTesterTest.java;1099;1101;BadNulls;null;[];0;[];[];
;;guava;adce8999989d80c80fda3607dac324cbd47681c1;/home/luna/TG/java-projects/guava/guava-testlib/test/com/google/common/testing/ClassSanityTesterTest.java;1103;1118;NoNullCheckNeededDespitNotInstantiable;null;[];0;[];[];
;;guava;adce8999989d80c80fda3607dac324cbd47681c1;/home/luna/TG/java-projects/guava/guava-testlib/test/com/google/common/testing/ClassSanityTesterTest.java;1120;1126;FactoryMethodReturnsNullButNotAnnotated;null;[];0;[];[];
;;guava;adce8999989d80c80fda3607dac324cbd47681c1;/home/luna/TG/java-projects/guava/guava-testlib/test/com/google/common/testing/ClassSanityTesterTest.java;1128;1134;FactoryMethodReturnsNullAndAnnotated;null;[];0;[];[];
;;guava;adce8999989d80c80fda3607dac324cbd47681c1;/home/luna/TG/java-projects/guava/guava-testlib/test/com/google/common/testing/ClassSanityTesterTest.java;1136;1147;FactoryMethodAcceptsNull;null;[];0;[];[];
;;guava;adce8999989d80c80fda3607dac324cbd47681c1;/home/luna/TG/java-projects/guava/guava-testlib/test/com/google/common/testing/ClassSanityTesterTest.java;1149;1160;FactoryMethodDoesNotAcceptNull;null;[];0;[];[];
;;guava;adce8999989d80c80fda3607dac324cbd47681c1;/home/luna/TG/java-projects/guava/guava-testlib/test/com/google/common/testing/ClassSanityTesterTest.java;1162;1169;ConstructorAcceptsNull;null;[];0;[];[];
;;guava;adce8999989d80c80fda3607dac324cbd47681c1;/home/luna/TG/java-projects/guava/guava-testlib/test/com/google/common/testing/ClassSanityTesterTest.java;1171;1178;ConstructorDoesNotAcceptNull;null;[];0;[];[];
;;guava;adce8999989d80c80fda3607dac324cbd47681c1;/home/luna/TG/java-projects/guava/guava-testlib/test/com/google/common/testing/ClassSanityTesterTest.java;1180;1182;ConstructorParameterNotInstantiable;null;[];0;[];[];
;;guava;adce8999989d80c80fda3607dac324cbd47681c1;/home/luna/TG/java-projects/guava/guava-testlib/test/com/google/common/testing/ClassSanityTesterTest.java;1184;1201;ConstructorParameterMapOfNotInstantiable;null;[];0;[];[];
;;guava;adce8999989d80c80fda3607dac324cbd47681c1;/home/luna/TG/java-projects/guava/guava-testlib/test/com/google/common/testing/ClassSanityTesterTest.java;1204;1214;ConstructorParameterWithOptionalNotInstantiable;null;[];0;[];[];
;;guava;adce8999989d80c80fda3607dac324cbd47681c1;/home/luna/TG/java-projects/guava/guava-testlib/test/com/google/common/testing/ClassSanityTesterTest.java;1216;1229;ConstructorParameterSingleValue;null;[];0;[];[];
;;guava;adce8999989d80c80fda3607dac324cbd47681c1;/home/luna/TG/java-projects/guava/guava-testlib/test/com/google/common/testing/ClassSanityTesterTest.java;1225;1228;Singleton;null;[];0;[];[];
;;guava;adce8999989d80c80fda3607dac324cbd47681c1;/home/luna/TG/java-projects/guava/guava-testlib/test/com/google/common/testing/ClassSanityTesterTest.java;1231;1239;FactoryMethodParameterNotInstantiable;null;[];0;[];[];
;;guava;adce8999989d80c80fda3607dac324cbd47681c1;/home/luna/TG/java-projects/guava/guava-testlib/test/com/google/common/testing/ClassSanityTesterTest.java;1241;1245;ConstructorThrows;null;[];0;[];[];
;;guava;adce8999989d80c80fda3607dac324cbd47681c1;/home/luna/TG/java-projects/guava/guava-testlib/test/com/google/common/testing/ClassSanityTesterTest.java;1247;1253;FactoryMethodThrows;null;[];0;[];[];
;;guava;adce8999989d80c80fda3607dac324cbd47681c1;/home/luna/TG/java-projects/guava/guava-testlib/test/com/google/common/testing/ClassSanityTesterTest.java;1255;1257;NotInstantiable;null;[];0;[];[];
;;guava;adce8999989d80c80fda3607dac324cbd47681c1;/home/luna/TG/java-projects/guava/guava-testlib/test/com/google/common/testing/ClassSanityTesterTest.java;1272;1272;AnInterface;null;[];0;[];[];
;;guava;adce8999989d80c80fda3607dac324cbd47681c1;/home/luna/TG/java-projects/guava/guava-testlib/test/com/google/common/testing/ClassSanityTesterTest.java;1274;1280;AnAbstractClass;null;[];0;[];[];
;;guava;adce8999989d80c80fda3607dac324cbd47681c1;/home/luna/TG/java-projects/guava/guava-testlib/test/com/google/common/testing/ClassSanityTesterTest.java;1282;1287;NoPublicStaticMethods;null;[];0;[];[];
;;guava;adce8999989d80c80fda3607dac324cbd47681c1;/home/luna/TG/java-projects/guava/guava-testlib/test/com/google/common/testing/RelationshipTesterTest.java;22;34;RelationshipTesterTest;TestCase;[];0;[];[];
;;guava;adce8999989d80c80fda3607dac324cbd47681c1;/home/luna/TG/java-projects/guava/guava-testlib/test/com/google/common/testing/EquivalenceTesterTest.java;30;249;EquivalenceTesterTest;TestCase;[];0;[];[GwtCompatible];
;;guava;adce8999989d80c80fda3607dac324cbd47681c1;/home/luna/TG/java-projects/guava/guava-testlib/test/com/google/common/testing/EquivalenceTesterTest.java;190;206;TestObject;null;[];0;[];[];
;;guava;adce8999989d80c80fda3607dac324cbd47681c1;/home/luna/TG/java-projects/guava/guava-testlib/test/com/google/common/testing/EquivalenceTesterTest.java;208;248;MockEquivalence;Equivalence<Object>;[];0;[];[];
;;guava;adce8999989d80c80fda3607dac324cbd47681c1;/home/luna/TG/java-projects/guava/guava-testlib/test/com/google/common/testing/SerializableTesterTest.java;23;132;SerializableTesterTest;TestCase;[];0;[];[];
;;guava;adce8999989d80c80fda3607dac324cbd47681c1;/home/luna/TG/java-projects/guava/guava-testlib/test/com/google/common/testing/SerializableTesterTest.java;78;81;ClassWhichDoesNotImplementEquals;null;[Serializable];0;[];[];
;;guava;adce8999989d80c80fda3607dac324cbd47681c1;/home/luna/TG/java-projects/guava/guava-testlib/test/com/google/common/testing/SerializableTesterTest.java;83;91;ClassWhichIsAlwaysEqualButHasDifferentHashcodes;null;[Serializable];0;[];[];
;;guava;adce8999989d80c80fda3607dac324cbd47681c1;/home/luna/TG/java-projects/guava/guava-testlib/test/com/google/common/testing/SerializableTesterTest.java;93;124;ObjectWhichIsEqualButChangesClass;null;[Serializable];0;[];[];
;;guava;adce8999989d80c80fda3607dac324cbd47681c1;/home/luna/TG/java-projects/guava/guava-testlib/test/com/google/common/testing/SerializableTesterTest.java;112;123;OtherForm;null;[Serializable];0;[];[];
;;guava;adce8999989d80c80fda3607dac324cbd47681c1;/home/luna/TG/java-projects/guava/guava-testlib/test/com/google/common/testing/anotherpackage/ForwardingWrapperTesterTest.java;38;492;ForwardingWrapperTesterTest;TestCase;[];0;[];[];
;;guava;adce8999989d80c80fda3607dac324cbd47681c1;/home/luna/TG/java-projects/guava/guava-testlib/test/com/google/common/testing/anotherpackage/ForwardingWrapperTesterTest.java;231;246;ForwardingRunnable;null;[Runnable];0;[];[];
;;guava;adce8999989d80c80fda3607dac324cbd47681c1;/home/luna/TG/java-projects/guava/guava-testlib/test/com/google/common/testing/anotherpackage/ForwardingWrapperTesterTest.java;248;250;Adder;null;[];0;[];[];
;;guava;adce8999989d80c80fda3607dac324cbd47681c1;/home/luna/TG/java-projects/guava/guava-testlib/test/com/google/common/testing/anotherpackage/ForwardingWrapperTesterTest.java;252;270;ForwardingArithmetic;null;[Arithmetic];0;[];[];
;;guava;adce8999989d80c80fda3607dac324cbd47681c1;/home/luna/TG/java-projects/guava/guava-testlib/test/com/google/common/testing/anotherpackage/ForwardingWrapperTesterTest.java;272;286;FailsToForwardParameters;null;[Adder];0;[];[];
;;guava;adce8999989d80c80fda3607dac324cbd47681c1;/home/luna/TG/java-projects/guava/guava-testlib/test/com/google/common/testing/anotherpackage/ForwardingWrapperTesterTest.java;288;302;FailsToForwardReturnValue;null;[Adder];0;[];[];
;;guava;adce8999989d80c80fda3607dac324cbd47681c1;/home/luna/TG/java-projects/guava/guava-testlib/test/com/google/common/testing/anotherpackage/ForwardingWrapperTesterTest.java;304;323;FailsToPropagageException;null;[Adder];0;[];[];
;;guava;adce8999989d80c80fda3607dac324cbd47681c1;/home/luna/TG/java-projects/guava/guava-testlib/test/com/google/common/testing/anotherpackage/ForwardingWrapperTesterTest.java;325;327;Arithmetic;null;[Adder];0;[];[];
;;guava;adce8999989d80c80fda3607dac324cbd47681c1;/home/luna/TG/java-projects/guava/guava-testlib/test/com/google/common/testing/anotherpackage/ForwardingWrapperTesterTest.java;329;347;ForwardsToTheWrongMethod;null;[Arithmetic];0;[];[];
;;guava;adce8999989d80c80fda3607dac324cbd47681c1;/home/luna/TG/java-projects/guava/guava-testlib/test/com/google/common/testing/anotherpackage/ForwardingWrapperTesterTest.java;349;355;ParameterTypesDifferent;null;[];0;[];[];
;;guava;adce8999989d80c80fda3607dac324cbd47681c1;/home/luna/TG/java-projects/guava/guava-testlib/test/com/google/common/testing/anotherpackage/ForwardingWrapperTesterTest.java;357;378;ParameterTypesDifferentForwarder;null;[ParameterTypesDifferent];0;[];[];
;;guava;adce8999989d80c80fda3607dac324cbd47681c1;/home/luna/TG/java-projects/guava/guava-testlib/test/com/google/common/testing/anotherpackage/ForwardingWrapperTesterTest.java;388;390;Base;null;[];0;[];[];
;;guava;adce8999989d80c80fda3607dac324cbd47681c1;/home/luna/TG/java-projects/guava/guava-testlib/test/com/google/common/testing/anotherpackage/ForwardingWrapperTesterTest.java;392;394;Sub;null;[Base];0;[];[];
;;guava;adce8999989d80c80fda3607dac324cbd47681c1;/home/luna/TG/java-projects/guava/guava-testlib/test/com/google/common/testing/anotherpackage/ForwardingWrapperTesterTest.java;396;410;ForwardingSub;null;[Sub];0;[];[];
;;guava;adce8999989d80c80fda3607dac324cbd47681c1;/home/luna/TG/java-projects/guava/guava-testlib/test/com/google/common/testing/anotherpackage/ForwardingWrapperTesterTest.java;412;416;Equals;null;[];0;[];[];
;;guava;adce8999989d80c80fda3607dac324cbd47681c1;/home/luna/TG/java-projects/guava/guava-testlib/test/com/google/common/testing/anotherpackage/ForwardingWrapperTesterTest.java;418;435;NoDelegateToEquals;null;[Equals];0;[];[];
;;guava;adce8999989d80c80fda3607dac324cbd47681c1;/home/luna/TG/java-projects/guava/guava-testlib/test/com/google/common/testing/anotherpackage/ForwardingWrapperTesterTest.java;453;461;ChainingCalls;null;[];0;[];[];
;;guava;adce8999989d80c80fda3607dac324cbd47681c1;/home/luna/TG/java-projects/guava/guava-testlib/test/com/google/common/testing/anotherpackage/ForwardingWrapperTesterTest.java;463;482;ForwardingChainingCalls;null;[ChainingCalls];0;[];[];
;;guava;adce8999989d80c80fda3607dac324cbd47681c1;/home/luna/TG/java-projects/guava/guava-testlib/test/com/google/common/testing/anotherpackage/SomeClassThatDoesNotUseNullable.java;19;30;SomeClassThatDoesNotUseNullable;null;[];0;[];[SuppressWarnings];
;;guava;adce8999989d80c80fda3607dac324cbd47681c1;/home/luna/TG/java-projects/guava/guava-testlib/test/com/google/common/testing/GcFinalizationTest.java;29;216;GcFinalizationTest;TestCase;[];0;[];[];
;;guava;adce8999989d80c80fda3607dac324cbd47681c1;/home/luna/TG/java-projects/guava/guava-testlib/test/com/google/common/testing/GcFinalizationTest.java;96;118;Interruptenator;Thread;[];0;[];[];
;;guava;adce8999989d80c80fda3607dac324cbd47681c1;/home/luna/TG/java-projects/guava/guava-testlib/test/com/google/common/testing/EqualsTesterTest.java;27;432;EqualsTesterTest;TestCase;[];0;[];[GwtCompatible];
;;guava;adce8999989d80c80fda3607dac324cbd47681c1;/home/luna/TG/java-projects/guava/guava-testlib/test/com/google/common/testing/EqualsTesterTest.java;300;333;ValidTestObject;null;[];0;[];[];
;;guava;adce8999989d80c80fda3607dac324cbd47681c1;/home/luna/TG/java-projects/guava/guava-testlib/test/com/google/common/testing/EqualsTesterTest.java;335;358;InvalidHashCodeObject;null;[];0;[];[];
;;guava;adce8999989d80c80fda3607dac324cbd47681c1;/home/luna/TG/java-projects/guava/guava-testlib/test/com/google/common/testing/EqualsTesterTest.java;360;370;NonReflexiveObject;null;[];0;[];[];
;;guava;adce8999989d80c80fda3607dac324cbd47681c1;/home/luna/TG/java-projects/guava/guava-testlib/test/com/google/common/testing/EqualsTesterTest.java;372;382;InvalidEqualsNullObject;null;[];0;[];[];
;;guava;adce8999989d80c80fda3607dac324cbd47681c1;/home/luna/TG/java-projects/guava/guava-testlib/test/com/google/common/testing/EqualsTesterTest.java;384;396;InvalidEqualsIncompatibleClassObject;null;[];0;[];[];
;;guava;adce8999989d80c80fda3607dac324cbd47681c1;/home/luna/TG/java-projects/guava/guava-testlib/test/com/google/common/testing/EqualsTesterTest.java;402;431;NamedObject;null;[];0;[];[];
;;guava;adce8999989d80c80fda3607dac324cbd47681c1;/home/luna/TG/java-projects/guava/guava-testlib/test/com/google/common/testing/TearDownStackTest.java;24;167;TearDownStackTest;TestCase;[];0;[];[GwtCompatible];
;;guava;adce8999989d80c80fda3607dac324cbd47681c1;/home/luna/TG/java-projects/guava/guava-testlib/test/com/google/common/testing/TearDownStackTest.java;128;142;ThrowingTearDown;null;[TearDown];0;[];[];
;;guava;adce8999989d80c80fda3607dac324cbd47681c1;/home/luna/TG/java-projects/guava/guava-testlib/test/com/google/common/testing/TearDownStackTest.java;144;162;SimpleTearDown;null;[TearDown];0;[];[];
;;guava;adce8999989d80c80fda3607dac324cbd47681c1;/home/luna/TG/java-projects/guava/guava-testlib/test/com/google/common/testing/TearDownStackTest.java;164;166;Callback;null;[];0;[];[];
;;guava;adce8999989d80c80fda3607dac324cbd47681c1;/home/luna/TG/java-projects/guava/guava-testlib/test/com/google/common/testing/FakeTickerTest.java;29;165;FakeTickerTest;TestCase;[];0;[];[GwtCompatible];
;;guava;adce8999989d80c80fda3607dac324cbd47681c1;/home/luna/TG/java-projects/guava/guava-testlib/test/com/google/common/testing/AbstractPackageSanityTestsTest.java;27;126;AbstractPackageSanityTestsTest;TestCase;[];0;[];[];
;;guava;adce8999989d80c80fda3607dac324cbd47681c1;/home/luna/TG/java-projects/guava/guava-testlib/test/com/google/common/testing/AbstractPackageSanityTestsTest.java;95;95;EmptyTestCase;null;[];0;[];[];
;;guava;adce8999989d80c80fda3607dac324cbd47681c1;/home/luna/TG/java-projects/guava/guava-testlib/test/com/google/common/testing/AbstractPackageSanityTestsTest.java;97;97;EmptyTest;null;[];0;[];[];
;;guava;adce8999989d80c80fda3607dac324cbd47681c1;/home/luna/TG/java-projects/guava/guava-testlib/test/com/google/common/testing/AbstractPackageSanityTestsTest.java;99;99;EmptyTests;null;[];0;[];[];
;;guava;adce8999989d80c80fda3607dac324cbd47681c1;/home/luna/TG/java-projects/guava/guava-testlib/test/com/google/common/testing/AbstractPackageSanityTestsTest.java;101;101;EmptyTestSuite;null;[];0;[];[];
;;guava;adce8999989d80c80fda3607dac324cbd47681c1;/home/luna/TG/java-projects/guava/guava-testlib/test/com/google/common/testing/AbstractPackageSanityTestsTest.java;103;103;Foo;null;[];0;[];[];
;;guava;adce8999989d80c80fda3607dac324cbd47681c1;/home/luna/TG/java-projects/guava/guava-testlib/test/com/google/common/testing/AbstractPackageSanityTestsTest.java;105;105;Foo_Bar;null;[];0;[];[];
;;guava;adce8999989d80c80fda3607dac324cbd47681c1;/home/luna/TG/java-projects/guava/guava-testlib/test/com/google/common/testing/AbstractPackageSanityTestsTest.java;107;107;PublicFoo;null;[];0;[];[];
;;guava;adce8999989d80c80fda3607dac324cbd47681c1;/home/luna/TG/java-projects/guava/guava-testlib/test/com/google/common/testing/AbstractPackageSanityTestsTest.java;109;114;FooTest;null;[];0;[];[];
;;guava;adce8999989d80c80fda3607dac324cbd47681c1;/home/luna/TG/java-projects/guava/guava-testlib/test/com/google/common/testing/AbstractPackageSanityTestsTest.java;117;120;Foo2Test;null;[];0;[];[];
;;guava;adce8999989d80c80fda3607dac324cbd47681c1;/home/luna/TG/java-projects/guava/guava-testlib/test/com/google/common/testing/FreshValueGeneratorTest.java;110;488;FreshValueGeneratorTest;TestCase;[];0;[];[];
;;guava;adce8999989d80c80fda3607dac324cbd47681c1;/home/luna/TG/java-projects/guava/guava-testlib/test/com/google/common/testing/PackageSanityTests.java;19;23;PackageSanityTests;AbstractPackageSanityTests;[];0;[];[];
